SampleID,OTUid,TaxMethod,AlignScore,BOLDid,kingdom_name,phylum_name,class_name,order_name,family_name,genus_name,species_name,CountReads,CollectionDate,Site,Roost,RoostDate,EmergenceCount,SampleType
6212017EGA1,OTU1,US,0.0026,BOLD:AAD6798,Animalia,Arthropoda,Insecta,Diptera,NA,NA,NA,2658,6/21/2017,Egner,A,6/14/2017,0,Single
6212017EGA1,OTU5,GS,99.4,BOLD:AAN5451,Animalia,Arthropoda,Arachnida,Araneae,Araneidae,Eustala,NA,16067,6/21/2017,Egner,A,6/14/2017,0,Single
6212017EGA1,OTU10,GS,100,BOLD:ACF3057,Animalia,Arthropoda,Insecta,Lepidoptera,Tineidae,Acrolophus,Acrolophus mortipennella,8825,6/21/2017,Egner,A,6/14/2017,0,Single
6212017EGA1,OTU11,GS,99.4,BOLD:AAG3848,Animalia,Arthropoda,Insecta,Diptera,Culicidae,Culex,Culex erraticus,327,6/21/2017,Egner,A,6/14/2017,0,Single
6212017EGA1,OTU12,GS,100,BOLD:AAE5173,Animalia,Arthropoda,Insecta,Diptera,Psychodidae,PschodididGC,NA,924,6/21/2017,Egner,A,6/14/2017,0,Single
6212017EGA1,OTU13,GS,100,BOLD:ABV1771,Animalia,Arthropoda,Insecta,Diptera,Limoniidae,NA,NA,412,6/21/2017,Egner,A,6/14/2017,0,Single
6212017EGA1,OTU14,GS,99.4,BOLD:AAO3940,Animalia,Arthropoda,Insecta,Diptera,Limoniidae,Rhipidia,NA,314,6/21/2017,Egner,A,6/14/2017,0,Single
6212017EGA1,OTU16,GS,100,BOLD:AAA7067,Animalia,Arthropoda,Insecta,Diptera,Culicidae,Aedes,Aedes vexans,2363,6/21/2017,Egner,A,6/14/2017,0,Single
6212017EGA1,OTU34,GS,100,BOLD:AAM6211,Animalia,Arthropoda,Insecta,Diptera,Chironomidae,Glyptotendipes,NA,284,6/21/2017,Egner,A,6/14/2017,0,Single
6212017EGA1,OTU35,GS,100,BOLD:ABW4215,Animalia,Arthropoda,Insecta,Diptera,Chironomidae,Glyptotendipes,Glyptotendipes meridionalis,259,6/21/2017,Egner,A,6/14/2017,0,Single
6212017EGA1,OTU57,GS,100,BOLD:AAI1618,Animalia,Arthropoda,Insecta,Diptera,Culicidae,Coquillettidia,Coquillettidia perturbans,193,6/21/2017,Egner,A,6/14/2017,0,Single
6212017EGA1,OTU68,GS,100,BOLD:AAB7030,Animalia,Arthropoda,Insecta,Diptera,Chironomidae,Chironomus,Chironomus decorus,91,6/21/2017,Egner,A,6/14/2017,0,Single
6212017EGA1,OTU73,GS,100,BOLD:AAD6926,Animalia,Arthropoda,Arachnida,Araneae,Anyphaenidae,Anyphaena,Anyphaena pectorosa,170,6/21/2017,Egner,A,6/14/2017,0,Single
6212017EGA1,OTU87,US,0,BOLD:ABY2339,Animalia,Arthropoda,Insecta,Diptera,NA,NA,NA,649,6/21/2017,Egner,A,6/14/2017,0,Single
6212017EGA1,OTU99,US,1,BOLD:ACF7919,Animalia,Arthropoda,Collembola,Poduromorpha,NA,NA,NA,87,6/21/2017,Egner,A,6/14/2017,0,Single
6212017EGA1,OTU115,GS,100,BOLD:AAA4942,Animalia,Arthropoda,Arachnida,Araneae,Tetragnathidae,Tetragnatha,Tetragnatha elongata,26,6/21/2017,Egner,A,6/14/2017,0,Single
6212017EGA1,OTU116,GS,100,BOLD:AAG0758,Animalia,Arthropoda,Insecta,Coleoptera,Pyrochroidae,Dendroides,Dendroides canadensis,965,6/21/2017,Egner,A,6/14/2017,0,Single
6212017EGA1,OTU132,US,1,None,Animalia,Arthropoda,Hexanauplia,Harpacticoida,NA,NA,NA,150,6/21/2017,Egner,A,6/14/2017,0,Single
6212017EGA1,OTU137,US,1,BOLD:ACS9559,Animalia,Arthropoda,Insecta,Diptera,NA,NA,NA,51,6/21/2017,Egner,A,6/14/2017,0,Single
6212017EGA1,OTU174,GS,97.2,BOLD:AAD2010,Animalia,Arthropoda,Insecta,Lepidoptera,Tineidae,Acrolophus,Acrolophus propinqua,981,6/21/2017,Egner,A,6/14/2017,0,Single
6212017EGA1,OTU198,GS,99.4,BOLD:ABZ1242,Animalia,Arthropoda,Insecta,Diptera,Chironomidae,NA,NA,60,6/21/2017,Egner,A,6/14/2017,0,Single
6212017EGA1,OTU201,GS,100,BOLD:AAG0906,Animalia,Arthropoda,Insecta,Neuroptera,Hemerobiidae,Micromus,Micromus posticus,72,6/21/2017,Egner,A,6/14/2017,0,Single
6212017EGA1,OTU212,US,1,BOLD:ACE7661,Animalia,Arthropoda,Arachnida,Araneae,NA,NA,NA,21,6/21/2017,Egner,A,6/14/2017,0,Single
6212017EGA1,OTU231,GS,100,BOLD:AAD2590,Animalia,Arthropoda,Insecta,Lepidoptera,Gracillariidae,Caloptilia,Caloptilia packardella,30,6/21/2017,Egner,A,6/14/2017,0,Single
6212017EGA1,OTU265,GS,100,BOLD:AAQ3192,Animalia,Arthropoda,Insecta,Lepidoptera,Dryadaulidae,Dryadaula,NA,43,6/21/2017,Egner,A,6/14/2017,0,Single
6212017EGA1,OTU269,GS,97.2,BOLD:AAP9050,Animalia,Arthropoda,Insecta,Diptera,Ceratopogonidae,NA,NA,100,6/21/2017,Egner,A,6/14/2017,0,Single
6212017EGA1,OTU271,GS,98.9,BOLD:ABX3627,Animalia,Arthropoda,Insecta,Diptera,Limoniidae,NA,NA,36,6/21/2017,Egner,A,6/14/2017,0,Single
6212017EGA1,OTU282,SS,0.66,BOLD:AAG4564,Animalia,Arthropoda,Insecta,Diptera,NA,NA,NA,54,6/21/2017,Egner,A,6/14/2017,0,Single
6212017EGA1,OTU342,GS,99.4,BOLD:AAI1931,Animalia,Arthropoda,Insecta,Lepidoptera,Blastobasidae,Holcocera,Holcocera chalcofrontella,69,6/21/2017,Egner,A,6/14/2017,0,Single
6212017EGA1,OTU392,US,1,None,Animalia,Arthropoda,Insecta,Diptera,NA,NA,NA,46,6/21/2017,Egner,A,6/14/2017,0,Single
6212017EGA1,OTU399,GS,100,BOLD:ACF2428,Animalia,Arthropoda,Insecta,Lepidoptera,Tineidae,Acrolophus,Acrolophus texanella,7,6/21/2017,Egner,A,6/14/2017,0,Single
6212017EGA1,OTU442,GS,97.2,BOLD:ABU6554,Animalia,Arthropoda,Insecta,Diptera,NA,NA,NA,412,6/21/2017,Egner,A,6/14/2017,0,Single
6212017EGA1,OTU459,SS,0.93,BOLD:AAG0758,Animalia,Arthropoda,Insecta,Coleoptera,Pyrochroidae,Dendroides,Dendroides canadensis,11,6/21/2017,Egner,A,6/14/2017,0,Single
6212017EGA1,OTU465,SS,0.66,BOLD:AAG0758,Animalia,Arthropoda,Insecta,Coleoptera,NA,NA,NA,242,6/21/2017,Egner,A,6/14/2017,0,Single
6212017EGA1,OTU467,GS,100,BOLD:AAA8999,Animalia,Arthropoda,Arachnida,Araneae,Araneidae,Larinioides,Larinioides cornutus,206,6/21/2017,Egner,A,6/14/2017,0,Single
6212017EGA1,OTU502,SS,0.79,BOLD:AAG0758,Animalia,Arthropoda,Insecta,Coleoptera,NA,NA,NA,23,6/21/2017,Egner,A,6/14/2017,0,Single
6212017EGA1,OTU515,US,0.0093,BOLD:AAA3447,Animalia,Arthropoda,Insecta,Lepidoptera,NA,NA,NA,35,6/21/2017,Egner,A,6/14/2017,0,Single
6212017EGA1,OTU529,GS,100,BOLD:AAG3825,Animalia,Arthropoda,Arachnida,Araneae,Anyphaenidae,Wulfila,NA,5,6/21/2017,Egner,A,6/14/2017,0,Single
6212017EGA1,OTU590,SS,0.99,BOLD:AAG0758,Animalia,Arthropoda,Insecta,Coleoptera,Pyrochroidae,Dendroides,Dendroides canadensis,74,6/21/2017,Egner,A,6/14/2017,0,Single
6212017EGA1,OTU617,GS,100,BOLD:AAB4916,Animalia,Arthropoda,Insecta,Lepidoptera,Tortricidae,Episimus,Episimus argutana,16,6/21/2017,Egner,A,6/14/2017,0,Single
6212017EGA1,OTU702,SS,0.87,BOLD:AAN6304,Animalia,Arthropoda,Arachnida,Araneae,Araneidae,Araneus,Araneus guttulatus,7,6/21/2017,Egner,A,6/14/2017,0,Single
6212017EGA1,OTU718,US,0.7924,BOLD:AAG0758,Animalia,Arthropoda,Insecta,NA,NA,NA,NA,107,6/21/2017,Egner,A,6/14/2017,0,Single
6212017EGA1,OTU744,US,1,BOLD:ACU1806,Animalia,Arthropoda,Insecta,Coleoptera,NA,NA,NA,1,6/21/2017,Egner,A,6/14/2017,0,Single
6212017EGA1,OTU870,US,9e-04,BOLD:AAG0758,Animalia,Arthropoda,Insecta,Lepidoptera,NA,NA,NA,150,6/21/2017,Egner,A,6/14/2017,0,Single
6212017EGA1,OTU884,US,0.9715,BOLD:ACG1878,Animalia,Arthropoda,Insecta,Diptera,NA,NA,NA,180,6/21/2017,Egner,A,6/14/2017,0,Single
6212017EGA1,OTU902,US,0,None,Animalia,Arthropoda,Insecta,Hymenoptera,NA,NA,NA,1,6/21/2017,Egner,A,6/14/2017,0,Single
6212017EGA1,OTU947,US,0.9546,BOLD:AAG0758,Animalia,Arthropoda,Insecta,Lepidoptera,NA,NA,NA,5,6/21/2017,Egner,A,6/14/2017,0,Single
6212017EGA1,OTU982,GS,98.3,BOLD:AAP9050,Animalia,Arthropoda,Insecta,Diptera,Ceratopogonidae,NA,NA,9,6/21/2017,Egner,A,6/14/2017,0,Single
6212017EGA1,OTU1002,SS,0.89,BOLD:AAG0758,Animalia,Arthropoda,Insecta,Coleoptera,Pyrochroidae,Dendroides,Dendroides canadensis,1,6/21/2017,Egner,A,6/14/2017,0,Single
6212017EGA1,OTU1021,US,0.0017,BOLD:AAG0758,Animalia,Arthropoda,Insecta,Lepidoptera,NA,NA,NA,2,6/21/2017,Egner,A,6/14/2017,0,Single
6212017EGA1,OTU1045,US,0,BOLD:ACA7844,Animalia,Arthropoda,Insecta,Coleoptera,NA,NA,NA,92,6/21/2017,Egner,A,6/14/2017,0,Single
6212017EGA1,OTU1059,US,3e-04,BOLD:AAG0758,Animalia,Arthropoda,Insecta,Coleoptera,NA,NA,NA,25,6/21/2017,Egner,A,6/14/2017,0,Single
6212017EGA1,OTU1090,GS,97.2,BOLD:ABX3627,Animalia,Arthropoda,Insecta,Diptera,Limoniidae,NA,NA,4,6/21/2017,Egner,A,6/14/2017,0,Single
6212017EGA1,OTU1097,GS,97.2,BOLD:AAN5451,Animalia,Arthropoda,Arachnida,Araneae,Araneidae,Eustala,NA,442,6/21/2017,Egner,A,6/14/2017,0,Single
6212017EGA1,OTU1172,SS,0.83,BOLD:AAD6926,Animalia,Arthropoda,Arachnida,Araneae,Anyphaenidae,Anyphaena,Anyphaena pectorosa,2,6/21/2017,Egner,A,6/14/2017,0,Single
6212017EGA1,OTU1189,US,0.9844,BOLD:ABY0555,Animalia,Arthropoda,Insecta,Diptera,NA,NA,NA,81,6/21/2017,Egner,A,6/14/2017,0,Single
6212017EGA1,OTU1191,GS,100,BOLD:AAC9510,Animalia,Arthropoda,Insecta,Hemiptera,Miridae,Blepharidopterus,Blepharidopterus provancheri,49,6/21/2017,Egner,A,6/14/2017,0,Single
6212017EGA1,OTU1211,US,0.7924,BOLD:AAG0758,Animalia,Arthropoda,Insecta,NA,NA,NA,NA,89,6/21/2017,Egner,A,6/14/2017,0,Single
6212017EGA1,OTU1214,US,0.986,BOLD:AAG0758,Animalia,Arthropoda,Insecta,Lepidoptera,NA,NA,NA,1,6/21/2017,Egner,A,6/14/2017,0,Single
6212017EGA1,OTU1229,US,3e-04,BOLD:AAG0758,Animalia,Arthropoda,Insecta,Lepidoptera,NA,NA,NA,61,6/21/2017,Egner,A,6/14/2017,0,Single
6212017EGA1,OTU1250,SS,0.94,BOLD:AAG0758,Animalia,Arthropoda,Insecta,Coleoptera,Pyrochroidae,Dendroides,Dendroides canadensis,56,6/21/2017,Egner,A,6/14/2017,0,Single
6212017EGA1,OTU1257,US,0.9546,BOLD:AAG0758,Animalia,Arthropoda,Insecta,Lepidoptera,NA,NA,NA,1,6/21/2017,Egner,A,6/14/2017,0,Single
6212017EGA1,OTU1268,GS,97.8,BOLD:AAM6211,Animalia,Arthropoda,Insecta,Diptera,Chironomidae,Glyptotendipes,NA,14,6/21/2017,Egner,A,6/14/2017,0,Single
6212017EGA1,OTU1277,US,2e-04,BOLD:AAG0758,Animalia,Arthropoda,Insecta,Lepidoptera,NA,NA,NA,7,6/21/2017,Egner,A,6/14/2017,0,Single
6212017EGA1,OTU1296,GS,97.2,BOLD:AAD2334,Animalia,Arthropoda,Insecta,Lepidoptera,Tineidae,Acrolophus,Acrolophus hasbroucki,72,6/21/2017,Egner,A,6/14/2017,0,Single
6212017EGA1,OTU1317,SS,0.01,BOLD:AAN5451,Animalia,Arthropoda,Arachnida,Araneae,Araneidae,Eustala,NA,28,6/21/2017,Egner,A,6/14/2017,0,Single
6212017EGA1,OTU1342,SS,0.93,BOLD:AAG0758,Animalia,Arthropoda,Insecta,Coleoptera,Pyrochroidae,Dendroides,Dendroides canadensis,50,6/21/2017,Egner,A,6/14/2017,0,Single
6212017EGA1,OTU1350,GS,97.2,BOLD:AAA7067,Animalia,Arthropoda,Insecta,Diptera,Culicidae,Aedes,Aedes vexans,13,6/21/2017,Egner,A,6/14/2017,0,Single
6212017EGA1,OTU1351,SS,0.94,BOLD:AAB7030,Animalia,Arthropoda,Insecta,Diptera,Chironomidae,Chironomus,Chironomus decorus,24,6/21/2017,Egner,A,6/14/2017,0,Single
6212017EGA1,OTU1368,GS,97.2,BOLD:ABU6554,Animalia,Arthropoda,Insecta,Diptera,NA,NA,NA,8,6/21/2017,Egner,A,6/14/2017,0,Single
6212017EGA1,OTU1378,US,0.0788,BOLD:AAG0758,Animalia,Arthropoda,Insecta,Lepidoptera,NA,NA,NA,57,6/21/2017,Egner,A,6/14/2017,0,Single
6212017EGA1,OTU1420,SS,0.89,BOLD:AAG0758,Animalia,Arthropoda,Insecta,Coleoptera,Pyrochroidae,Dendroides,Dendroides canadensis,30,6/21/2017,Egner,A,6/14/2017,0,Single
6212017EGA1,OTU1422,GS,99.4,BOLD:ABA6440,Animalia,Arthropoda,Insecta,Diptera,Chironomidae,Polypedilum,NA,37,6/21/2017,Egner,A,6/14/2017,0,Single
6212017EGA1,OTU1424,US,0,BOLD:AAG0758,Animalia,Arthropoda,Insecta,Lepidoptera,NA,NA,NA,42,6/21/2017,Egner,A,6/14/2017,0,Single
6212017EGA1,OTU1434,GS,97.6,BOLD:AAA7067,Animalia,Arthropoda,Insecta,Diptera,Culicidae,Aedes,Aedes vexans,15,6/21/2017,Egner,A,6/14/2017,0,Single
6212017EGA1,OTU1552,SS,0.74,BOLD:AAG0758,Animalia,Arthropoda,Insecta,Coleoptera,Pyrochroidae,Dendroides,NA,3,6/21/2017,Egner,A,6/14/2017,0,Single
6212017EGA1,OTU1583,US,0,BOLD:AAG0758,Animalia,Arthropoda,Insecta,Lepidoptera,NA,NA,NA,24,6/21/2017,Egner,A,6/14/2017,0,Single
6212017EGA1,OTU1648,US,0.8732,BOLD:AAG0758,Animalia,Arthropoda,Insecta,Lepidoptera,NA,NA,NA,1,6/21/2017,Egner,A,6/14/2017,0,Single
6212017EGA1,OTU1667,US,0,BOLD:AAG0758,Animalia,Arthropoda,Insecta,Lepidoptera,NA,NA,NA,21,6/21/2017,Egner,A,6/14/2017,0,Single
6212017EGA1,OTU1708,US,0.8732,BOLD:ACL2801,Animalia,Arthropoda,Insecta,Diptera,NA,NA,NA,21,6/21/2017,Egner,A,6/14/2017,0,Single
6212017EGA1,OTU1740,SS,0.75,BOLD:ABV1771,Animalia,Arthropoda,Insecta,Diptera,NA,NA,NA,1,6/21/2017,Egner,A,6/14/2017,0,Single
6212017EGA1,OTU1741,GS,98.3,BOLD:AAP9050,Animalia,Arthropoda,Insecta,Diptera,Ceratopogonidae,NA,NA,49,6/21/2017,Egner,A,6/14/2017,0,Single
6212017EGA1,OTU1748,SS,0.6,BOLD:ACF8409,Animalia,Arthropoda,Insecta,Diptera,NA,NA,NA,2,6/21/2017,Egner,A,6/14/2017,0,Single
6212017EGA1,OTU1756,SS,0.97,BOLD:AAG3848,Animalia,Arthropoda,Insecta,Diptera,Culicidae,Culex,Culex erraticus,5,6/21/2017,Egner,A,6/14/2017,0,Single
6212017EGA1,OTU1780,GS,100,BOLD:ACT4964,Animalia,Arthropoda,Insecta,Lepidoptera,Cosmopterigidae,NA,NA,18,6/21/2017,Egner,A,6/14/2017,0,Single
6212017EGA1,OTU1786,US,0,None,Animalia,Arthropoda,Insecta,Hymenoptera,NA,NA,NA,9,6/21/2017,Egner,A,6/14/2017,0,Single
6212017EGA1,OTU1796,GS,97.2,BOLD:AAB4915,Animalia,Arthropoda,Insecta,Lepidoptera,Tortricidae,Episimus,Episimus argutana,2,6/21/2017,Egner,A,6/14/2017,0,Single
6212017EGA1,OTU1800,US,0.3913,None,Animalia,Arthropoda,Insecta,Diptera,NA,NA,NA,32,6/21/2017,Egner,A,6/14/2017,0,Single
6212017EGA1,OTU1819,US,0.9844,BOLD:AAE5173,Animalia,Arthropoda,Insecta,Diptera,NA,NA,NA,1,6/21/2017,Egner,A,6/14/2017,0,Single
6212017EGA1,OTU1856,SS,0.28,BOLD:AAF9018,Animalia,Arthropoda,Insecta,Diptera,NA,NA,NA,20,6/21/2017,Egner,A,6/14/2017,0,Single
6212017EGA1,OTU1866,SS,0.38,BOLD:ABX3627,Animalia,Arthropoda,Insecta,Diptera,NA,NA,NA,1,6/21/2017,Egner,A,6/14/2017,0,Single
6212017EGA1,OTU1878,SS,0.78,BOLD:ABW4215,Animalia,Arthropoda,Insecta,Diptera,NA,NA,NA,3,6/21/2017,Egner,A,6/14/2017,0,Single
6212017EGA2,OTU5,GS,99.4,BOLD:AAN5451,Animalia,Arthropoda,Arachnida,Araneae,Araneidae,Eustala,NA,220,6/21/2017,Egner,A,6/14/2017,0,Single
6212017EGA2,OTU16,GS,100,BOLD:AAA7067,Animalia,Arthropoda,Insecta,Diptera,Culicidae,Aedes,Aedes vexans,414,6/21/2017,Egner,A,6/14/2017,0,Single
6212017EGA2,OTU34,GS,100,BOLD:AAM6211,Animalia,Arthropoda,Insecta,Diptera,Chironomidae,Glyptotendipes,NA,202,6/21/2017,Egner,A,6/14/2017,0,Single
6212017EGA2,OTU68,GS,100,BOLD:AAB7030,Animalia,Arthropoda,Insecta,Diptera,Chironomidae,Chironomus,Chironomus decorus,60,6/21/2017,Egner,A,6/14/2017,0,Single
6212017EGA2,OTU99,US,1,BOLD:ACF7919,Animalia,Arthropoda,Collembola,Poduromorpha,NA,NA,NA,443,6/21/2017,Egner,A,6/14/2017,0,Single
6212017EGA2,OTU118,US,1,None,Animalia,Arthropoda,Arachnida,Mesostigmata,NA,NA,NA,340,6/21/2017,Egner,A,6/14/2017,0,Single
6212017EGA2,OTU122,GS,99.4,BOLD:AAC5568,Animalia,Arthropoda,Insecta,Lepidoptera,Tortricidae,Gypsonoma,Gypsonoma salicicolana,30,6/21/2017,Egner,A,6/14/2017,0,Single
6212017EGA2,OTU129,GS,100,BOLD:AAG2647,Animalia,Arthropoda,Insecta,Diptera,Chaoboridae,Chaoborus,Chaoborus punctipennis,4529,6/21/2017,Egner,A,6/14/2017,0,Single
6212017EGA2,OTU137,US,1,BOLD:ACS9559,Animalia,Arthropoda,Insecta,Diptera,NA,NA,NA,6300,6/21/2017,Egner,A,6/14/2017,0,Single
6212017EGA2,OTU164,US,0.0049,BOLD:ACY9955,Animalia,Arthropoda,Insecta,Diptera,NA,NA,NA,5846,6/21/2017,Egner,A,6/14/2017,0,Single
6212017EGA2,OTU202,US,0.9967,BOLD:ACF8271,Animalia,Arthropoda,Insecta,Hymenoptera,NA,NA,NA,1679,6/21/2017,Egner,A,6/14/2017,0,Single
6212017EGA2,OTU212,US,1,BOLD:ACE7661,Animalia,Arthropoda,Arachnida,Araneae,NA,NA,NA,1264,6/21/2017,Egner,A,6/14/2017,0,Single
6212017EGA2,OTU216,GS,100,BOLD:AAG5659,Animalia,Arthropoda,Arachnida,Araneae,Tetragnathidae,Tetragnatha,Tetragnatha viridis,8,6/21/2017,Egner,A,6/14/2017,0,Single
6212017EGA2,OTU247,GS,100,BOLD:AAG0787,Animalia,Arthropoda,Insecta,Hemiptera,Corixidae,Trichocorixa,NA,2585,6/21/2017,Egner,A,6/14/2017,0,Single
6212017EGA2,OTU257,GS,100,BOLD:AAA5803,Animalia,Arthropoda,Insecta,Hemiptera,Miridae,Lygus,Lygus lineolaris,347,6/21/2017,Egner,A,6/14/2017,0,Single
6212017EGA2,OTU275,GS,100,BOLD:AAA5695,Animalia,Arthropoda,Insecta,Trichoptera,Hydropsychidae,Cheumatopsyche,Cheumatopsyche analis,24,6/21/2017,Egner,A,6/14/2017,0,Single
6212017EGA2,OTU289,GS,100,BOLD:AAH0147,Animalia,Arthropoda,Insecta,Coleoptera,Carabidae,Stenolophus,Stenolophus ochropezus,4856,6/21/2017,Egner,A,6/14/2017,0,Single
6212017EGA2,OTU344,GS,97.2,BOLD:AAH0147,Animalia,Arthropoda,Insecta,Coleoptera,Carabidae,Stenolophus,Stenolophus ochropezus,2206,6/21/2017,Egner,A,6/14/2017,0,Single
6212017EGA2,OTU348,GS,100,BOLD:AAH2757,Animalia,Arthropoda,Insecta,Coleoptera,Carabidae,Amphasia,Amphasia sericea,1416,6/21/2017,Egner,A,6/14/2017,0,Single
6212017EGA2,OTU392,US,1,None,Animalia,Arthropoda,Insecta,Diptera,NA,NA,NA,93,6/21/2017,Egner,A,6/14/2017,0,Single
6212017EGA2,OTU394,GS,100,BOLD:AAC3054,Animalia,Arthropoda,Insecta,Coleoptera,Carabidae,Harpalus,Harpalus pensylvanicus,809,6/21/2017,Egner,A,6/14/2017,0,Single
6212017EGA2,OTU448,US,0.9925,BOLD:ACA9534,Animalia,Arthropoda,Insecta,Diptera,NA,NA,NA,604,6/21/2017,Egner,A,6/14/2017,0,Single
6212017EGA2,OTU616,GS,100,BOLD:AAZ2908,Animalia,Arthropoda,Insecta,Coleoptera,NA,NA,NA,418,6/21/2017,Egner,A,6/14/2017,0,Single
6212017EGA2,OTU674,US,0,BOLD:AAG4815,Animalia,Arthropoda,Arachnida,Mesostigmata,NA,NA,NA,23,6/21/2017,Egner,A,6/14/2017,0,Single
6212017EGA2,OTU743,GS,97.8,BOLD:AAH3833,Animalia,Arthropoda,Insecta,Coleoptera,Dytiscidae,NA,NA,313,6/21/2017,Egner,A,6/14/2017,0,Single
6212017EGA2,OTU814,US,1,BOLD:AAN6325,Animalia,Arthropoda,Arachnida,Araneae,NA,NA,NA,153,6/21/2017,Egner,A,6/14/2017,0,Single
6212017EGA2,OTU818,SS,0.77,BOLD:ABZ1405,Animalia,Arthropoda,Insecta,Hemiptera,NA,NA,NA,265,6/21/2017,Egner,A,6/14/2017,0,Single
6212017EGA2,OTU819,US,0.9885,BOLD:ABW1287,Animalia,Arthropoda,Insecta,Lepidoptera,NA,NA,NA,176,6/21/2017,Egner,A,6/14/2017,0,Single
6212017EGA2,OTU831,US,7e-04,BOLD:AAG4538,Animalia,Arthropoda,Insecta,Coleoptera,NA,NA,NA,39,6/21/2017,Egner,A,6/14/2017,0,Single
6212017EGA2,OTU834,US,0.0169,BOLD:AAG8812,Animalia,Arthropoda,Insecta,Hemiptera,NA,NA,NA,144,6/21/2017,Egner,A,6/14/2017,0,Single
6212017EGA2,OTU863,US,1,BOLD:ACF7687,Animalia,Arthropoda,Arachnida,Araneae,NA,NA,NA,48,6/21/2017,Egner,A,6/14/2017,0,Single
6212017EGA2,OTU902,US,0,None,Animalia,Arthropoda,Insecta,Hymenoptera,NA,NA,NA,2,6/21/2017,Egner,A,6/14/2017,0,Single
6212017EGA2,OTU930,US,0.2887,BOLD:ACQ4419,Animalia,Arthropoda,Malacostraca,Stomatopoda,NA,NA,NA,91,6/21/2017,Egner,A,6/14/2017,0,Single
6212017EGA2,OTU970,US,0.0169,BOLD:ACW2161,Animalia,Arthropoda,Insecta,Diptera,NA,NA,NA,118,6/21/2017,Egner,A,6/14/2017,0,Single
6212017EGA2,OTU1066,US,0.9249,BOLD:AAH0147,Animalia,Arthropoda,Insecta,Coleoptera,NA,NA,NA,94,6/21/2017,Egner,A,6/14/2017,0,Single
6212017EGA2,OTU1069,US,1,BOLD:ACK5963,Animalia,Arthropoda,Diplopoda,Polydesmida,NA,NA,NA,13,6/21/2017,Egner,A,6/14/2017,0,Single
6212017EGA2,OTU1109,GS,100,BOLD:AAF7649,Animalia,Arthropoda,Insecta,Coleoptera,Cerambycidae,Lepturges,Lepturges confluens,83,6/21/2017,Egner,A,6/14/2017,0,Single
6212017EGA2,OTU1126,US,1,BOLD:AAP8817,Animalia,Arthropoda,Arachnida,Araneae,NA,NA,NA,66,6/21/2017,Egner,A,6/14/2017,0,Single
6212017EGA2,OTU1267,GS,97.2,BOLD:AAP2550,Animalia,Arthropoda,Insecta,Neuroptera,Sisyridae,Sisyra,NA,57,6/21/2017,Egner,A,6/14/2017,0,Single
6212017EGA2,OTU1276,GS,99.4,BOLD:ABX4705,Animalia,Arthropoda,Insecta,Hemiptera,Rhyparochromidae,Pseudopachybrachius,Pseudopachybrachius basalis,56,6/21/2017,Egner,A,6/14/2017,0,Single
6212017EGA2,OTU1336,US,0,BOLD:ACV0489,Animalia,Arthropoda,Arachnida,Trombidiformes,NA,NA,NA,6,6/21/2017,Egner,A,6/14/2017,0,Single
6212017EGA2,OTU1345,GS,100,BOLD:AAL7329,Animalia,Arthropoda,Insecta,Diptera,Chironomidae,Dicrotendipes,Dicrotendipes modestus,2,6/21/2017,Egner,A,6/14/2017,0,Single
6212017EGA2,OTU1350,GS,97.2,BOLD:AAA7067,Animalia,Arthropoda,Insecta,Diptera,Culicidae,Aedes,Aedes vexans,27,6/21/2017,Egner,A,6/14/2017,0,Single
6212017EGA2,OTU1351,SS,0.94,BOLD:AAB7030,Animalia,Arthropoda,Insecta,Diptera,Chironomidae,Chironomus,Chironomus decorus,26,6/21/2017,Egner,A,6/14/2017,0,Single
6212017EGA2,OTU1401,SS,0.78,BOLD:AAF9008,Animalia,Arthropoda,Insecta,Diptera,NA,NA,NA,1,6/21/2017,Egner,A,6/14/2017,0,Single
6212017EGA2,OTU1458,US,0.3913,None,Animalia,Arthropoda,Maxillopoda,Calanoida,NA,NA,NA,31,6/21/2017,Egner,A,6/14/2017,0,Single
6212017EGA2,OTU1500,SS,0.7,BOLD:ABW1287,Animalia,Arthropoda,Insecta,Coleoptera,NA,NA,NA,31,6/21/2017,Egner,A,6/14/2017,0,Single
6212017EGA2,OTU1570,SS,0.79,BOLD:AAH0147,Animalia,Arthropoda,Insecta,Coleoptera,Carabidae,NA,NA,2355,6/21/2017,Egner,A,6/14/2017,0,Single
6212017EGA2,OTU1600,US,0.9934,BOLD:ACK3606,Animalia,Arthropoda,Insecta,Hymenoptera,NA,NA,NA,31,6/21/2017,Egner,A,6/14/2017,0,Single
6212017EGA2,OTU1618,US,0.9919,BOLD:ABW1287,Animalia,Arthropoda,Insecta,Coleoptera,NA,NA,NA,28,6/21/2017,Egner,A,6/14/2017,0,Single
6212017EGA2,OTU1748,SS,0.6,BOLD:ACF8409,Animalia,Arthropoda,Insecta,Diptera,NA,NA,NA,1,6/21/2017,Egner,A,6/14/2017,0,Single
6212017EGA2,OTU1819,US,0.9844,BOLD:AAE5173,Animalia,Arthropoda,Insecta,Diptera,NA,NA,NA,1,6/21/2017,Egner,A,6/14/2017,0,Single
6212017EGA2,OTU1847,US,0,BOLD:AAO1677,Animalia,Arthropoda,Arachnida,Sarcoptiformes,NA,NA,NA,15,6/21/2017,Egner,A,6/14/2017,0,Single
6212017EGA3,OTU1,US,0.0026,BOLD:AAD6798,Animalia,Arthropoda,Insecta,Diptera,NA,NA,NA,251,6/21/2017,Egner,A,6/14/2017,0,Single
6212017EGA3,OTU3,GS,100,BOLD:AAP2734,Animalia,Arthropoda,Insecta,Diptera,Limoniidae,Erioptera,Erioptera parva,815,6/21/2017,Egner,A,6/14/2017,0,Single
6212017EGA3,OTU12,GS,100,BOLD:AAE5173,Animalia,Arthropoda,Insecta,Diptera,Psychodidae,PschodididGC,NA,543,6/21/2017,Egner,A,6/14/2017,0,Single
6212017EGA3,OTU16,GS,100,BOLD:AAA7067,Animalia,Arthropoda,Insecta,Diptera,Culicidae,Aedes,Aedes vexans,7797,6/21/2017,Egner,A,6/14/2017,0,Single
6212017EGA3,OTU18,GS,100,BOLD:ABY8739,Animalia,Arthropoda,Insecta,Diptera,Tabanidae,NA,NA,561,6/21/2017,Egner,A,6/14/2017,0,Single
6212017EGA3,OTU25,GS,100,BOLD:ACF0083,Animalia,Arthropoda,Insecta,Diptera,Tabanidae,Tabanus,Tabanus similis,105,6/21/2017,Egner,A,6/14/2017,0,Single
6212017EGA3,OTU34,GS,100,BOLD:AAM6211,Animalia,Arthropoda,Insecta,Diptera,Chironomidae,Glyptotendipes,NA,95,6/21/2017,Egner,A,6/14/2017,0,Single
6212017EGA3,OTU42,US,1,None,Animalia,Arthropoda,Insecta,Diptera,NA,NA,NA,2390,6/21/2017,Egner,A,6/14/2017,0,Single
6212017EGA3,OTU68,GS,100,BOLD:AAB7030,Animalia,Arthropoda,Insecta,Diptera,Chironomidae,Chironomus,Chironomus decorus,5172,6/21/2017,Egner,A,6/14/2017,0,Single
6212017EGA3,OTU69,GS,98.3,BOLD:ACH3633,Animalia,Arthropoda,Arachnida,Trombidiformes,Pionidae,NA,NA,514,6/21/2017,Egner,A,6/14/2017,0,Single
6212017EGA3,OTU71,GSL,100,BOLD:AAA7661,Animalia,Arthropoda,Insecta,Diptera,Culicidae,NA,NA,7385,6/21/2017,Egner,A,6/14/2017,0,Single
6212017EGA3,OTU76,US,1,BOLD:ACY1454,Animalia,Arthropoda,Insecta,Hemiptera,NA,NA,NA,47,6/21/2017,Egner,A,6/14/2017,0,Single
6212017EGA3,OTU90,US,0.0049,BOLD:ACL1722,Animalia,Arthropoda,Insecta,Lepidoptera,NA,NA,NA,1265,6/21/2017,Egner,A,6/14/2017,0,Single
6212017EGA3,OTU99,US,1,BOLD:ACF7919,Animalia,Arthropoda,Collembola,Poduromorpha,NA,NA,NA,65,6/21/2017,Egner,A,6/14/2017,0,Single
6212017EGA3,OTU118,US,1,None,Animalia,Arthropoda,Arachnida,Mesostigmata,NA,NA,NA,190,6/21/2017,Egner,A,6/14/2017,0,Single
6212017EGA3,OTU139,US,0.9881,BOLD:ACU4190,Animalia,Arthropoda,Insecta,Diptera,NA,NA,NA,5885,6/21/2017,Egner,A,6/14/2017,0,Single
6212017EGA3,OTU176,SS,0.35,BOLD:ACL6093,Animalia,Arthropoda,Arachnida,Trombidiformes,NA,NA,NA,277,6/21/2017,Egner,A,6/14/2017,0,Single
6212017EGA3,OTU181,GS,97.2,BOLD:ACZ1402,Animalia,Arthropoda,Collembola,Entomobryomorpha,Entomobryidae,Entomobrya,NA,4173,6/21/2017,Egner,A,6/14/2017,0,Single
6212017EGA3,OTU212,US,1,BOLD:ACE7661,Animalia,Arthropoda,Arachnida,Araneae,NA,NA,NA,14,6/21/2017,Egner,A,6/14/2017,0,Single
6212017EGA3,OTU238,GS,100,BOLD:AAC2281,Animalia,Arthropoda,Insecta,Diptera,Culicidae,Anopheles,Anopheles quadrimaculatus,22,6/21/2017,Egner,A,6/14/2017,0,Single
6212017EGA3,OTU269,GS,97.2,BOLD:AAP9050,Animalia,Arthropoda,Insecta,Diptera,Ceratopogonidae,NA,NA,165,6/21/2017,Egner,A,6/14/2017,0,Single
6212017EGA3,OTU287,GS,98.9,BOLD:AAG5457,Animalia,Arthropoda,Insecta,Diptera,Chironomidae,NA,NA,57,6/21/2017,Egner,A,6/14/2017,0,Single
6212017EGA3,OTU319,US,0,None,Animalia,Arthropoda,Arachnida,Mesostigmata,NA,NA,NA,800,6/21/2017,Egner,A,6/14/2017,0,Single
6212017EGA3,OTU321,GS,98.3,BOLD:AAG4816,Animalia,Arthropoda,Arachnida,Araneae,Theridiidae,Anelosimus,Anelosimus studiosus,1688,6/21/2017,Egner,A,6/14/2017,0,Single
6212017EGA3,OTU328,GS,100,BOLD:AAU7319,Animalia,Arthropoda,Insecta,Coleoptera,Cantharidae,Rhagonycha,Rhagonycha imbecillis,1536,6/21/2017,Egner,A,6/14/2017,0,Single
6212017EGA3,OTU337,US,0.9881,BOLD:ACT1095,Animalia,Arthropoda,Arachnida,Araneae,NA,NA,NA,1212,6/21/2017,Egner,A,6/14/2017,0,Single
6212017EGA3,OTU388,GS,100,BOLD:AAN5315,Animalia,Arthropoda,Insecta,Diptera,Chironomidae,NA,NA,22,6/21/2017,Egner,A,6/14/2017,0,Single
6212017EGA3,OTU507,SS,0.54,BOLD:ACY1326,Animalia,Arthropoda,Arachnida,Araneae,Araneidae,Eustala,NA,596,6/21/2017,Egner,A,6/14/2017,0,Single
6212017EGA3,OTU516,US,1,BOLD:ACB3344,Animalia,Arthropoda,Insecta,Hymenoptera,NA,NA,NA,60,6/21/2017,Egner,A,6/14/2017,0,Single
6212017EGA3,OTU556,US,0.3081,None,Animalia,Arthropoda,Arachnida,Araneae,NA,NA,NA,359,6/21/2017,Egner,A,6/14/2017,0,Single
6212017EGA3,OTU656,GS,99.4,BOLD:AAZ0144,Animalia,Arthropoda,Insecta,Diptera,Chironomidae,Chironomus,NA,94,6/21/2017,Egner,A,6/14/2017,0,Single
6212017EGA3,OTU686,US,0.9919,BOLD:ACT2785,Animalia,Arthropoda,Insecta,Hymenoptera,NA,NA,NA,164,6/21/2017,Egner,A,6/14/2017,0,Single
6212017EGA3,OTU712,US,1,None,Animalia,Arthropoda,Insecta,Hymenoptera,NA,NA,NA,223,6/21/2017,Egner,A,6/14/2017,0,Single
6212017EGA3,OTU722,US,1,None,Animalia,Arthropoda,Collembola,Poduromorpha,NA,NA,NA,216,6/21/2017,Egner,A,6/14/2017,0,Single
6212017EGA3,OTU754,US,1,BOLD:AAV1202,Animalia,Arthropoda,Insecta,Coleoptera,NA,NA,NA,29,6/21/2017,Egner,A,6/14/2017,0,Single
6212017EGA3,OTU822,GS,97.8,BOLD:ACU1440,Animalia,Arthropoda,Insecta,Blattodea,Ectobiidae,Parcoblatta,Parcoblatta lata,11,6/21/2017,Egner,A,6/14/2017,0,Single
6212017EGA3,OTU839,GS,100,BOLD:AAC0706,Animalia,Arthropoda,Insecta,Diptera,Chironomidae,Dicrotendipes,Dicrotendipes tritomus,40,6/21/2017,Egner,A,6/14/2017,0,Single
6212017EGA3,OTU915,GS,100,BOLD:AAC5648,Animalia,Arthropoda,Insecta,Lepidoptera,Crambidae,Anania,Anania helvalis,80,6/21/2017,Egner,A,6/14/2017,0,Single
6212017EGA3,OTU917,GS,100,BOLD:AAI0288,Animalia,Arthropoda,Insecta,Lepidoptera,Tineidae,Tinea,Tinea carnariella,137,6/21/2017,Egner,A,6/14/2017,0,Single
6212017EGA3,OTU1013,US,0.2833,None,Animalia,Arthropoda,Arachnida,Araneae,NA,NA,NA,56,6/21/2017,Egner,A,6/14/2017,0,Single
6212017EGA3,OTU1096,US,0,BOLD:ACN8346,Animalia,Arthropoda,Insecta,Diptera,NA,NA,NA,61,6/21/2017,Egner,A,6/14/2017,0,Single
6212017EGA3,OTU1125,US,1,BOLD:ABY5929,Animalia,Arthropoda,Insecta,Diptera,NA,NA,NA,80,6/21/2017,Egner,A,6/14/2017,0,Single
6212017EGA3,OTU1166,US,1,BOLD:ACA7553,Animalia,Arthropoda,Insecta,Diptera,NA,NA,NA,38,6/21/2017,Egner,A,6/14/2017,0,Single
6212017EGA3,OTU1221,US,0,BOLD:AAI1367,Animalia,Arthropoda,Arachnida,Trombidiformes,NA,NA,NA,47,6/21/2017,Egner,A,6/14/2017,0,Single
6212017EGA3,OTU1272,SS,0.22,BOLD:AAD8585,Animalia,Arthropoda,Insecta,Diptera,Tabanidae,Chrysops,NA,3,6/21/2017,Egner,A,6/14/2017,0,Single
6212017EGA3,OTU1292,GS,97.8,BOLD:AAN5882,Animalia,Arthropoda,Insecta,Diptera,Limoniidae,Erioptera,Erioptera caliptera,3,6/21/2017,Egner,A,6/14/2017,0,Single
6212017EGA3,OTU1350,GS,97.2,BOLD:AAA7067,Animalia,Arthropoda,Insecta,Diptera,Culicidae,Aedes,Aedes vexans,216,6/21/2017,Egner,A,6/14/2017,0,Single
6212017EGA3,OTU1351,SS,0.94,BOLD:AAB7030,Animalia,Arthropoda,Insecta,Diptera,Chironomidae,Chironomus,Chironomus decorus,401,6/21/2017,Egner,A,6/14/2017,0,Single
6212017EGA3,OTU1391,US,0.9925,BOLD:ACO4469,Animalia,Arthropoda,Arachnida,Araneae,NA,NA,NA,42,6/21/2017,Egner,A,6/14/2017,0,Single
6212017EGA3,OTU1434,GS,97.6,BOLD:AAA7067,Animalia,Arthropoda,Insecta,Diptera,Culicidae,Aedes,Aedes vexans,26,6/21/2017,Egner,A,6/14/2017,0,Single
6212017EGA3,OTU1437,GS,99.4,BOLD:AAV0490,Animalia,Arthropoda,Collembola,Entomobryomorpha,Tomoceridae,NA,NA,41,6/21/2017,Egner,A,6/14/2017,0,Single
6212017EGA3,OTU1460,US,0.4,None,Animalia,Arthropoda,Arachnida,Araneae,NA,NA,NA,3,6/21/2017,Egner,A,6/14/2017,0,Single
6212017EGA3,OTU1462,GS,100,BOLD:AAF7101,Animalia,Arthropoda,Insecta,Diptera,Fanniidae,Fannia,Fannia canicularis,51,6/21/2017,Egner,A,6/14/2017,0,Single
6212017EGA3,OTU1535,SS,0.05,BOLD:ACI6935,Animalia,Arthropoda,Arachnida,Trombidiformes,Unionicolidae,NA,NA,41,6/21/2017,Egner,A,6/14/2017,0,Single
6212017EGA3,OTU1554,SS,0.92,BOLD:AAP2734,Animalia,Arthropoda,Insecta,Diptera,Limoniidae,Erioptera,Erioptera parva,16,6/21/2017,Egner,A,6/14/2017,0,Single
6212017EGA3,OTU1591,US,1,BOLD:ACQ8258,Animalia,Arthropoda,Insecta,Diptera,NA,NA,NA,27,6/21/2017,Egner,A,6/14/2017,0,Single
6212017EGA3,OTU1677,US,0.9919,BOLD:ACW4445,Animalia,Arthropoda,Arachnida,Sarcoptiformes,NA,NA,NA,13,6/21/2017,Egner,A,6/14/2017,0,Single
6212017EGA3,OTU1735,US,0.9844,BOLD:ACS6798,Animalia,Arthropoda,Collembola,Entomobryomorpha,NA,NA,NA,16,6/21/2017,Egner,A,6/14/2017,0,Single
6212017EGA3,OTU1755,US,1,None,Animalia,Arthropoda,Insecta,Mantodea,NA,NA,NA,4,6/21/2017,Egner,A,6/14/2017,0,Single
6212017EGA3,OTU1790,GS,98.3,BOLD:AAZ0144,Animalia,Arthropoda,Insecta,Diptera,Chironomidae,Chironomus,NA,58,6/21/2017,Egner,A,6/14/2017,0,Single
6212017EGA3,OTU1832,US,0.2061,BOLD:AAF9129,Animalia,Arthropoda,Insecta,Hymenoptera,NA,NA,NA,18,6/21/2017,Egner,A,6/14/2017,0,Single
6212017EGA4,OTU3,GS,100,BOLD:AAP2734,Animalia,Arthropoda,Insecta,Diptera,Limoniidae,Erioptera,Erioptera parva,13954,6/21/2017,Egner,A,6/14/2017,0,Single
6212017EGA4,OTU5,GS,99.4,BOLD:AAN5451,Animalia,Arthropoda,Arachnida,Araneae,Araneidae,Eustala,NA,9150,6/21/2017,Egner,A,6/14/2017,0,Single
6212017EGA4,OTU11,GS,99.4,BOLD:AAG3848,Animalia,Arthropoda,Insecta,Diptera,Culicidae,Culex,Culex erraticus,989,6/21/2017,Egner,A,6/14/2017,0,Single
6212017EGA4,OTU16,GS,100,BOLD:AAA7067,Animalia,Arthropoda,Insecta,Diptera,Culicidae,Aedes,Aedes vexans,761,6/21/2017,Egner,A,6/14/2017,0,Single
6212017EGA4,OTU25,GS,100,BOLD:ACF0083,Animalia,Arthropoda,Insecta,Diptera,Tabanidae,Tabanus,Tabanus similis,450,6/21/2017,Egner,A,6/14/2017,0,Single
6212017EGA4,OTU34,GS,100,BOLD:AAM6211,Animalia,Arthropoda,Insecta,Diptera,Chironomidae,Glyptotendipes,NA,569,6/21/2017,Egner,A,6/14/2017,0,Single
6212017EGA4,OTU68,GS,100,BOLD:AAB7030,Animalia,Arthropoda,Insecta,Diptera,Chironomidae,Chironomus,Chironomus decorus,213,6/21/2017,Egner,A,6/14/2017,0,Single
6212017EGA4,OTU88,GS,100,BOLD:AAE0434,Animalia,Arthropoda,Insecta,Diptera,Culicidae,Uranotaenia,Uranotaenia sapphirina,18,6/21/2017,Egner,A,6/14/2017,0,Single
6212017EGA4,OTU90,US,0.0049,BOLD:ACL1722,Animalia,Arthropoda,Insecta,Lepidoptera,NA,NA,NA,11371,6/21/2017,Egner,A,6/14/2017,0,Single
6212017EGA4,OTU93,GS,99.4,BOLD:AAM4329,Animalia,Arthropoda,Insecta,Hemiptera,Cimicidae,Cimex,Cimex adjunctus,210,6/21/2017,Egner,A,6/14/2017,0,Single
6212017EGA4,OTU120,GS,100,BOLD:AAV3042,Animalia,Arthropoda,Arachnida,Araneae,Theridiidae,Theridion,Theridion albidum,112,6/21/2017,Egner,A,6/14/2017,0,Single
6212017EGA4,OTU176,SS,0.35,BOLD:ACL6093,Animalia,Arthropoda,Arachnida,Trombidiformes,NA,NA,NA,3242,6/21/2017,Egner,A,6/14/2017,0,Single
6212017EGA4,OTU185,GS,100,BOLD:AAA7667,Animalia,Arthropoda,Insecta,Lepidoptera,Tortricidae,Acleris,Acleris chalybeana,89,6/21/2017,Egner,A,6/14/2017,0,Single
6212017EGA4,OTU190,GS,100,BOLD:ABY7666,Animalia,Arthropoda,Insecta,Diptera,Culicidae,Culex,Culex territans,41,6/21/2017,Egner,A,6/14/2017,0,Single
6212017EGA4,OTU269,GS,97.2,BOLD:AAP9050,Animalia,Arthropoda,Insecta,Diptera,Ceratopogonidae,NA,NA,792,6/21/2017,Egner,A,6/14/2017,0,Single
6212017EGA4,OTU287,GS,98.9,BOLD:AAG5457,Animalia,Arthropoda,Insecta,Diptera,Chironomidae,NA,NA,48,6/21/2017,Egner,A,6/14/2017,0,Single
6212017EGA4,OTU298,GS,100,BOLD:ACB8970,Animalia,Arthropoda,Insecta,Lepidoptera,Cosmopterigidae,NA,NA,73,6/21/2017,Egner,A,6/14/2017,0,Single
6212017EGA4,OTU350,GS,99.4,BOLD:AAL7361,Animalia,Arthropoda,Insecta,Diptera,Chironomidae,Procladius,NA,6,6/21/2017,Egner,A,6/14/2017,0,Single
6212017EGA4,OTU396,SS,0.98,BOLD:AAP2734,Animalia,Arthropoda,Insecta,Diptera,Limoniidae,Erioptera,Erioptera parva,55,6/21/2017,Egner,A,6/14/2017,0,Single
6212017EGA4,OTU484,US,0.2259,BOLD:ACT8191,Animalia,Arthropoda,Arachnida,Araneae,NA,NA,NA,3,6/21/2017,Egner,A,6/14/2017,0,Single
6212017EGA4,OTU655,SS,0.61,BOLD:AAA3776,Animalia,Arthropoda,Insecta,Diptera,NA,NA,NA,5,6/21/2017,Egner,A,6/14/2017,0,Single
6212017EGA4,OTU858,GS,99.4,BOLD:AAP1271,Animalia,Arthropoda,Insecta,Diptera,Chironomidae,NA,NA,8,6/21/2017,Egner,A,6/14/2017,0,Single
6212017EGA4,OTU900,GS,100,BOLD:AAN6333,Animalia,Arthropoda,Arachnida,Araneae,Theridiidae,Theridion,Theridion albidum,17,6/21/2017,Egner,A,6/14/2017,0,Single
6212017EGA4,OTU902,US,0,None,Animalia,Arthropoda,Insecta,Hymenoptera,NA,NA,NA,3,6/21/2017,Egner,A,6/14/2017,0,Single
6212017EGA4,OTU922,GS,100,BOLD:ACV8706,Animalia,Arthropoda,Insecta,Lepidoptera,Sphingidae,Amorpha,Amorpha juglandis,2,6/21/2017,Egner,A,6/14/2017,0,Single
6212017EGA4,OTU949,GS,100,BOLD:AAP3003,Animalia,Arthropoda,Insecta,Diptera,Chironomidae,NA,NA,5,6/21/2017,Egner,A,6/14/2017,0,Single
6212017EGA4,OTU976,GS,97.2,BOLD:AAA5872,Animalia,Arthropoda,Insecta,Lepidoptera,Gelechiidae,Chionodes,Chionodes mediofuscella,1,6/21/2017,Egner,A,6/14/2017,0,Single
6212017EGA4,OTU982,GS,98.3,BOLD:AAP9050,Animalia,Arthropoda,Insecta,Diptera,Ceratopogonidae,NA,NA,171,6/21/2017,Egner,A,6/14/2017,0,Single
6212017EGA4,OTU999,GS,99.4,BOLD:AAG6831,Animalia,Arthropoda,Insecta,Diptera,Ceratopogonidae,Sphaeromias,NA,36,6/21/2017,Egner,A,6/14/2017,0,Single
6212017EGA4,OTU1097,GS,97.2,BOLD:AAN5451,Animalia,Arthropoda,Arachnida,Araneae,Araneidae,Eustala,NA,132,6/21/2017,Egner,A,6/14/2017,0,Single
6212017EGA4,OTU1166,US,1,BOLD:ACA7553,Animalia,Arthropoda,Insecta,Diptera,NA,NA,NA,13,6/21/2017,Egner,A,6/14/2017,0,Single
6212017EGA4,OTU1221,US,0,BOLD:AAI1367,Animalia,Arthropoda,Arachnida,Trombidiformes,NA,NA,NA,1,6/21/2017,Egner,A,6/14/2017,0,Single
6212017EGA4,OTU1317,SS,0.01,BOLD:AAN5451,Animalia,Arthropoda,Arachnida,Araneae,Araneidae,Eustala,NA,41,6/21/2017,Egner,A,6/14/2017,0,Single
6212017EGA4,OTU1350,GS,97.2,BOLD:AAA7067,Animalia,Arthropoda,Insecta,Diptera,Culicidae,Aedes,Aedes vexans,8,6/21/2017,Egner,A,6/14/2017,0,Single
6212017EGA4,OTU1351,SS,0.94,BOLD:AAB7030,Animalia,Arthropoda,Insecta,Diptera,Chironomidae,Chironomus,Chironomus decorus,38,6/21/2017,Egner,A,6/14/2017,0,Single
6212017EGA4,OTU1434,GS,97.6,BOLD:AAA7067,Animalia,Arthropoda,Insecta,Diptera,Culicidae,Aedes,Aedes vexans,2,6/21/2017,Egner,A,6/14/2017,0,Single
6212017EGA4,OTU1480,US,0.9249,BOLD:AAN5882,Animalia,Arthropoda,Insecta,Diptera,NA,NA,NA,2,6/21/2017,Egner,A,6/14/2017,0,Single
6212017EGA4,OTU1554,SS,0.92,BOLD:AAP2734,Animalia,Arthropoda,Insecta,Diptera,Limoniidae,Erioptera,Erioptera parva,16,6/21/2017,Egner,A,6/14/2017,0,Single
6212017EGA4,OTU1702,SS,0.77,BOLD:ACU0116,Animalia,Arthropoda,Insecta,Hymenoptera,NA,NA,NA,2,6/21/2017,Egner,A,6/14/2017,0,Single
6212017EGA4,OTU1741,GS,98.3,BOLD:AAP9050,Animalia,Arthropoda,Insecta,Diptera,Ceratopogonidae,NA,NA,20,6/21/2017,Egner,A,6/14/2017,0,Single
6212017EGA4,OTU1756,SS,0.97,BOLD:AAG3848,Animalia,Arthropoda,Insecta,Diptera,Culicidae,Culex,Culex erraticus,2,6/21/2017,Egner,A,6/14/2017,0,Single
6212017EGB1,OTU1,US,0.0026,BOLD:AAD6798,Animalia,Arthropoda,Insecta,Diptera,NA,NA,NA,221,6/21/2017,Egner,B,6/14/2017,63,Single
6212017EGB1,OTU3,GS,100,BOLD:AAP2734,Animalia,Arthropoda,Insecta,Diptera,Limoniidae,Erioptera,Erioptera parva,474,6/21/2017,Egner,B,6/14/2017,63,Single
6212017EGB1,OTU5,GS,99.4,BOLD:AAN5451,Animalia,Arthropoda,Arachnida,Araneae,Araneidae,Eustala,NA,30649,6/21/2017,Egner,B,6/14/2017,63,Single
6212017EGB1,OTU16,GS,100,BOLD:AAA7067,Animalia,Arthropoda,Insecta,Diptera,Culicidae,Aedes,Aedes vexans,331,6/21/2017,Egner,B,6/14/2017,63,Single
6212017EGB1,OTU18,GS,100,BOLD:ABY8739,Animalia,Arthropoda,Insecta,Diptera,Tabanidae,NA,NA,2607,6/21/2017,Egner,B,6/14/2017,63,Single
6212017EGB1,OTU34,GS,100,BOLD:AAM6211,Animalia,Arthropoda,Insecta,Diptera,Chironomidae,Glyptotendipes,NA,1061,6/21/2017,Egner,B,6/14/2017,63,Single
6212017EGB1,OTU68,GS,100,BOLD:AAB7030,Animalia,Arthropoda,Insecta,Diptera,Chironomidae,Chironomus,Chironomus decorus,439,6/21/2017,Egner,B,6/14/2017,63,Single
6212017EGB1,OTU89,GS,98.3,BOLD:ABW2415,Animalia,Arthropoda,Insecta,Diptera,Tipulidae,Nephrotoma,Nephrotoma okefenoke,67,6/21/2017,Egner,B,6/14/2017,63,Single
6212017EGB1,OTU90,US,0.0049,BOLD:ACL1722,Animalia,Arthropoda,Insecta,Lepidoptera,NA,NA,NA,437,6/21/2017,Egner,B,6/14/2017,63,Single
6212017EGB1,OTU120,GS,100,BOLD:AAV3042,Animalia,Arthropoda,Arachnida,Araneae,Theridiidae,Theridion,Theridion albidum,24,6/21/2017,Egner,B,6/14/2017,63,Single
6212017EGB1,OTU122,GS,99.4,BOLD:AAC5568,Animalia,Arthropoda,Insecta,Lepidoptera,Tortricidae,Gypsonoma,Gypsonoma salicicolana,28,6/21/2017,Egner,B,6/14/2017,63,Single
6212017EGB1,OTU129,GS,100,BOLD:AAG2647,Animalia,Arthropoda,Insecta,Diptera,Chaoboridae,Chaoborus,Chaoborus punctipennis,98,6/21/2017,Egner,B,6/14/2017,63,Single
6212017EGB1,OTU144,GS,100,BOLD:AAN6304,Animalia,Arthropoda,Arachnida,Araneae,Araneidae,Araneus,Araneus guttulatus,38,6/21/2017,Egner,B,6/14/2017,63,Single
6212017EGB1,OTU162,GS,100,BOLD:ACI5326,Animalia,Arthropoda,Insecta,Hemiptera,Miridae,Hyaliodes,Hyaliodes vitripennis,30,6/21/2017,Egner,B,6/14/2017,63,Single
6212017EGB1,OTU169,GS,97.2,BOLD:AAO2061,Animalia,Arthropoda,Insecta,Blattodea,Ectobiidae,Parcoblatta,NA,35,6/21/2017,Egner,B,6/14/2017,63,Single
6212017EGB1,OTU176,SS,0.35,BOLD:ACL6093,Animalia,Arthropoda,Arachnida,Trombidiformes,NA,NA,NA,75,6/21/2017,Egner,B,6/14/2017,63,Single
6212017EGB1,OTU198,GS,99.4,BOLD:ABZ1242,Animalia,Arthropoda,Insecta,Diptera,Chironomidae,NA,NA,335,6/21/2017,Egner,B,6/14/2017,63,Single
6212017EGB1,OTU214,GS,99.4,BOLD:AAW6795,Animalia,Arthropoda,Insecta,Diptera,NA,NA,NA,15,6/21/2017,Egner,B,6/14/2017,63,Single
6212017EGB1,OTU231,GS,100,BOLD:AAD2590,Animalia,Arthropoda,Insecta,Lepidoptera,Gracillariidae,Caloptilia,Caloptilia packardella,58,6/21/2017,Egner,B,6/14/2017,63,Single
6212017EGB1,OTU269,GS,97.2,BOLD:AAP9050,Animalia,Arthropoda,Insecta,Diptera,Ceratopogonidae,NA,NA,52,6/21/2017,Egner,B,6/14/2017,63,Single
6212017EGB1,OTU270,GS,100,BOLD:AAB6541,Animalia,Arthropoda,Insecta,Lepidoptera,Gelechiidae,Coleotechnites,Coleotechnites florae,23,6/21/2017,Egner,B,6/14/2017,63,Single
6212017EGB1,OTU290,GS,100,BOLD:AAE4427,Animalia,Arthropoda,Insecta,Lepidoptera,Tineidae,Xylesthia,Xylesthia pruniramiella,74,6/21/2017,Egner,B,6/14/2017,63,Single
6212017EGB1,OTU310,GS,100,BOLD:ABX7479,Animalia,Arthropoda,Insecta,Diptera,Chironomidae,Parachironomus,NA,48,6/21/2017,Egner,B,6/14/2017,63,Single
6212017EGB1,OTU457,GS,100,BOLD:ABY9153,Animalia,Arthropoda,Insecta,Lepidoptera,Oecophoridae,Epicallima,Epicallima argenticinctella,11,6/21/2017,Egner,B,6/14/2017,63,Single
6212017EGB1,OTU475,US,0.9249,BOLD:ACE7334,Animalia,Arthropoda,Insecta,Diptera,NA,NA,NA,38,6/21/2017,Egner,B,6/14/2017,63,Single
6212017EGB1,OTU484,US,0.2259,BOLD:ACT8191,Animalia,Arthropoda,Arachnida,Araneae,NA,NA,NA,9,6/21/2017,Egner,B,6/14/2017,63,Single
6212017EGB1,OTU486,GS,100,BOLD:ACL3824,Animalia,Arthropoda,Insecta,Diptera,Chironomidae,NA,NA,23,6/21/2017,Egner,B,6/14/2017,63,Single
6212017EGB1,OTU515,US,0.0093,BOLD:AAA3447,Animalia,Arthropoda,Insecta,Lepidoptera,NA,NA,NA,2,6/21/2017,Egner,B,6/14/2017,63,Single
6212017EGB1,OTU550,SS,0.63,BOLD:AAZ2096,Animalia,Arthropoda,Insecta,Hemiptera,NA,NA,NA,4,6/21/2017,Egner,B,6/14/2017,63,Single
6212017EGB1,OTU554,SS,0.58,BOLD:ABY1337,Animalia,Arthropoda,Insecta,Hemiptera,Miridae,NA,NA,87,6/21/2017,Egner,B,6/14/2017,63,Single
6212017EGB1,OTU636,GS,99.4,BOLD:AAM6230,Animalia,Arthropoda,Insecta,Diptera,Chironomidae,Chironomus,NA,11,6/21/2017,Egner,B,6/14/2017,63,Single
6212017EGB1,OTU655,SS,0.61,BOLD:AAA3776,Animalia,Arthropoda,Insecta,Diptera,NA,NA,NA,11,6/21/2017,Egner,B,6/14/2017,63,Single
6212017EGB1,OTU674,US,0,BOLD:AAG4815,Animalia,Arthropoda,Arachnida,Mesostigmata,NA,NA,NA,5,6/21/2017,Egner,B,6/14/2017,63,Single
6212017EGB1,OTU702,SS,0.87,BOLD:AAN6304,Animalia,Arthropoda,Arachnida,Araneae,Araneidae,Araneus,Araneus guttulatus,2,6/21/2017,Egner,B,6/14/2017,63,Single
6212017EGB1,OTU737,GS,100,BOLD:AAG3822,Animalia,Arthropoda,Arachnida,Araneae,Anyphaenidae,Anyphaena,NA,5,6/21/2017,Egner,B,6/14/2017,63,Single
6212017EGB1,OTU812,US,0.3913,None,Animalia,Arthropoda,Maxillopoda,Calanoida,NA,NA,NA,1,6/21/2017,Egner,B,6/14/2017,63,Single
6212017EGB1,OTU871,GS,100,BOLD:AAA6740,Animalia,Arthropoda,Insecta,Lepidoptera,Tortricidae,Proteoteras,Proteoteras aesculana,2,6/21/2017,Egner,B,6/14/2017,63,Single
6212017EGB1,OTU974,GSL,97.8,BOLD:AAI4070,Animalia,Arthropoda,Insecta,Diptera,Tabanidae,Chrysops,NA,1,6/21/2017,Egner,B,6/14/2017,63,Single
6212017EGB1,OTU1097,GS,97.2,BOLD:AAN5451,Animalia,Arthropoda,Arachnida,Araneae,Araneidae,Eustala,NA,324,6/21/2017,Egner,B,6/14/2017,63,Single
6212017EGB1,OTU1208,GS,97.8,BOLD:ACB0845,Animalia,Arthropoda,Insecta,Neuroptera,Hemerobiidae,Sympherobius,NA,11,6/21/2017,Egner,B,6/14/2017,63,Single
6212017EGB1,OTU1212,SS,0.52,BOLD:ABX7282,Animalia,Arthropoda,Insecta,Hemiptera,NA,NA,NA,3,6/21/2017,Egner,B,6/14/2017,63,Single
6212017EGB1,OTU1252,GS,100,BOLD:AAG7351,Animalia,Arthropoda,Insecta,Lepidoptera,Gelechiidae,Untomia,NA,48,6/21/2017,Egner,B,6/14/2017,63,Single
6212017EGB1,OTU1317,SS,0.01,BOLD:AAN5451,Animalia,Arthropoda,Arachnida,Araneae,Araneidae,Eustala,NA,10,6/21/2017,Egner,B,6/14/2017,63,Single
6212017EGB1,OTU1351,SS,0.94,BOLD:AAB7030,Animalia,Arthropoda,Insecta,Diptera,Chironomidae,Chironomus,Chironomus decorus,8,6/21/2017,Egner,B,6/14/2017,63,Single
6212017EGB1,OTU1501,GS,100,BOLD:ACB9270,Animalia,Arthropoda,Insecta,Diptera,Ceratopogonidae,Bezzia,NA,28,6/21/2017,Egner,B,6/14/2017,63,Single
6212017EGB1,OTU1656,US,0.9715,BOLD:AAD6798,Animalia,Arthropoda,Insecta,Diptera,NA,NA,NA,1,6/21/2017,Egner,B,6/14/2017,63,Single
6212017EGB1,OTU1684,GS,97.8,BOLD:AAH7094,Animalia,Arthropoda,Insecta,Neuroptera,Chrysopidae,Ceraeochrysa,Ceraeochrysa lineaticornis,21,6/21/2017,Egner,B,6/14/2017,63,Single
6212017EGB1,OTU1756,SS,0.97,BOLD:AAG3848,Animalia,Arthropoda,Insecta,Diptera,Culicidae,Culex,Culex erraticus,2,6/21/2017,Egner,B,6/14/2017,63,Single
6212017EGB1,OTU1818,GS,97.9,BOLD:AAF4632,Animalia,Arthropoda,Insecta,Diptera,Limoniidae,Epiphragma,Epiphragma solatrix,1,6/21/2017,Egner,B,6/14/2017,63,Single
6212017EGB1,OTU1896,US,0.9201,BOLD:AAA0693,Animalia,Arthropoda,Insecta,Lepidoptera,NA,NA,NA,1,6/21/2017,Egner,B,6/14/2017,63,Single
6212017EGB1,OTU1902,US,1,BOLD:ABU9234,Animalia,Arthropoda,Insecta,Psocodea,NA,NA,NA,1,6/21/2017,Egner,B,6/14/2017,63,Single
6212017EGB10,OTU1,US,0.0026,BOLD:AAD6798,Animalia,Arthropoda,Insecta,Diptera,NA,NA,NA,847,6/21/2017,Egner,B,6/14/2017,63,Single
6212017EGB10,OTU5,GS,99.4,BOLD:AAN5451,Animalia,Arthropoda,Arachnida,Araneae,Araneidae,Eustala,NA,4969,6/21/2017,Egner,B,6/14/2017,63,Single
6212017EGB10,OTU16,GS,100,BOLD:AAA7067,Animalia,Arthropoda,Insecta,Diptera,Culicidae,Aedes,Aedes vexans,819,6/21/2017,Egner,B,6/14/2017,63,Single
6212017EGB10,OTU18,GS,100,BOLD:ABY8739,Animalia,Arthropoda,Insecta,Diptera,Tabanidae,NA,NA,19623,6/21/2017,Egner,B,6/14/2017,63,Single
6212017EGB10,OTU34,GS,100,BOLD:AAM6211,Animalia,Arthropoda,Insecta,Diptera,Chironomidae,Glyptotendipes,NA,160,6/21/2017,Egner,B,6/14/2017,63,Single
6212017EGB10,OTU68,GS,100,BOLD:AAB7030,Animalia,Arthropoda,Insecta,Diptera,Chironomidae,Chironomus,Chironomus decorus,218,6/21/2017,Egner,B,6/14/2017,63,Single
6212017EGB10,OTU87,US,0,BOLD:ABY2339,Animalia,Arthropoda,Insecta,Diptera,NA,NA,NA,26,6/21/2017,Egner,B,6/14/2017,63,Single
6212017EGB10,OTU90,US,0.0049,BOLD:ACL1722,Animalia,Arthropoda,Insecta,Lepidoptera,NA,NA,NA,1150,6/21/2017,Egner,B,6/14/2017,63,Single
6212017EGB10,OTU115,GS,100,BOLD:AAA4942,Animalia,Arthropoda,Arachnida,Araneae,Tetragnathidae,Tetragnatha,Tetragnatha elongata,73,6/21/2017,Egner,B,6/14/2017,63,Single
6212017EGB10,OTU269,GS,97.2,BOLD:AAP9050,Animalia,Arthropoda,Insecta,Diptera,Ceratopogonidae,NA,NA,35,6/21/2017,Egner,B,6/14/2017,63,Single
6212017EGB10,OTU273,SS,0.29,BOLD:AAC8291,Animalia,Arthropoda,Insecta,Diptera,Tabanidae,Chrysops,NA,287,6/21/2017,Egner,B,6/14/2017,63,Single
6212017EGB10,OTU276,SS,0.44,BOLD:ACE7334,Animalia,Arthropoda,Insecta,Diptera,NA,NA,NA,194,6/21/2017,Egner,B,6/14/2017,63,Single
6212017EGB10,OTU282,SS,0.66,BOLD:AAG4564,Animalia,Arthropoda,Insecta,Diptera,NA,NA,NA,298,6/21/2017,Egner,B,6/14/2017,63,Single
6212017EGB10,OTU287,GS,98.9,BOLD:AAG5457,Animalia,Arthropoda,Insecta,Diptera,Chironomidae,NA,NA,60,6/21/2017,Egner,B,6/14/2017,63,Single
6212017EGB10,OTU345,US,0.986,BOLD:ACE7334,Animalia,Arthropoda,Insecta,Diptera,NA,NA,NA,80,6/21/2017,Egner,B,6/14/2017,63,Single
6212017EGB10,OTU355,GS,99.4,BOLD:AAB3917,Animalia,Arthropoda,Insecta,Lepidoptera,Depressariidae,Psilocorsis,Psilocorsis quercicella,263,6/21/2017,Egner,B,6/14/2017,63,Single
6212017EGB10,OTU475,US,0.9249,BOLD:ACE7334,Animalia,Arthropoda,Insecta,Diptera,NA,NA,NA,162,6/21/2017,Egner,B,6/14/2017,63,Single
6212017EGB10,OTU523,US,0,BOLD:ACE7334,Animalia,Arthropoda,Insecta,Diptera,NA,NA,NA,58,6/21/2017,Egner,B,6/14/2017,63,Single
6212017EGB10,OTU538,SS,0.61,BOLD:AAG4564,Animalia,Arthropoda,Insecta,Diptera,NA,NA,NA,128,6/21/2017,Egner,B,6/14/2017,63,Single
6212017EGB10,OTU551,SS,0.63,BOLD:ACE7334,Animalia,Arthropoda,Insecta,Diptera,NA,NA,NA,67,6/21/2017,Egner,B,6/14/2017,63,Single
6212017EGB10,OTU553,SS,0.41,BOLD:AAC8291,Animalia,Arthropoda,Insecta,Diptera,Tabanidae,Chrysops,NA,186,6/21/2017,Egner,B,6/14/2017,63,Single
6212017EGB10,OTU563,GS,100,BOLD:AAH7221,Animalia,Arthropoda,Insecta,Neuroptera,Mantispidae,Dicromantispa,Dicromantispa sayi,18,6/21/2017,Egner,B,6/14/2017,63,Single
6212017EGB10,OTU578,US,0.986,BOLD:ACE7332,Animalia,Arthropoda,Insecta,Diptera,NA,NA,NA,59,6/21/2017,Egner,B,6/14/2017,63,Single
6212017EGB10,OTU594,SS,0.18,BOLD:ABY8739,Animalia,Arthropoda,Insecta,Diptera,Tabanidae,NA,NA,81,6/21/2017,Egner,B,6/14/2017,63,Single
6212017EGB10,OTU614,GS,97.9,BOLD:AAC8291,Animalia,Arthropoda,Insecta,Diptera,Tabanidae,Chrysops,Chrysops montanus,73,6/21/2017,Egner,B,6/14/2017,63,Single
6212017EGB10,OTU668,SS,0.25,BOLD:AAC8291,Animalia,Arthropoda,Insecta,Diptera,Tabanidae,Chrysops,NA,39,6/21/2017,Egner,B,6/14/2017,63,Single
6212017EGB10,OTU837,SS,0.78,BOLD:AAC8291,Animalia,Arthropoda,Insecta,Diptera,NA,NA,NA,41,6/21/2017,Egner,B,6/14/2017,63,Single
6212017EGB10,OTU850,US,1,BOLD:AAZ0997,Animalia,Arthropoda,Insecta,Hymenoptera,NA,NA,NA,4,6/21/2017,Egner,B,6/14/2017,63,Single
6212017EGB10,OTU899,SS,0.79,BOLD:ACE7334,Animalia,Arthropoda,Insecta,Diptera,Tabanidae,NA,NA,69,6/21/2017,Egner,B,6/14/2017,63,Single
6212017EGB10,OTU934,GS,100,BOLD:AAK0004,Animalia,Arthropoda,Arachnida,Araneae,Araneidae,Verrucosa,Verrucosa arenata,4,6/21/2017,Egner,B,6/14/2017,63,Single
6212017EGB10,OTU953,GS,100,BOLD:ABW2530,Animalia,Arthropoda,Insecta,Diptera,Tabanidae,NA,NA,23,6/21/2017,Egner,B,6/14/2017,63,Single
6212017EGB10,OTU974,GSL,97.8,BOLD:AAI4070,Animalia,Arthropoda,Insecta,Diptera,Tabanidae,Chrysops,NA,26,6/21/2017,Egner,B,6/14/2017,63,Single
6212017EGB10,OTU988,GS,100,BOLD:AAP5113,Animalia,Arthropoda,Insecta,Diptera,Chironomidae,NA,NA,29,6/21/2017,Egner,B,6/14/2017,63,Single
6212017EGB10,OTU1087,GS,97.2,BOLD:AAB5367,Animalia,Arthropoda,Insecta,Diptera,Tabanidae,Chrysops,Chrysops vittatus,36,6/21/2017,Egner,B,6/14/2017,63,Single
6212017EGB10,OTU1097,GS,97.2,BOLD:AAN5451,Animalia,Arthropoda,Arachnida,Araneae,Araneidae,Eustala,NA,151,6/21/2017,Egner,B,6/14/2017,63,Single
6212017EGB10,OTU1130,SS,0.64,BOLD:AAN4385,Animalia,Arthropoda,Insecta,Diptera,NA,NA,NA,1,6/21/2017,Egner,B,6/14/2017,63,Single
6212017EGB10,OTU1272,SS,0.22,BOLD:AAD8585,Animalia,Arthropoda,Insecta,Diptera,Tabanidae,Chrysops,NA,5,6/21/2017,Egner,B,6/14/2017,63,Single
6212017EGB10,OTU1317,SS,0.01,BOLD:AAN5451,Animalia,Arthropoda,Arachnida,Araneae,Araneidae,Eustala,NA,10,6/21/2017,Egner,B,6/14/2017,63,Single
6212017EGB10,OTU1350,GS,97.2,BOLD:AAA7067,Animalia,Arthropoda,Insecta,Diptera,Culicidae,Aedes,Aedes vexans,22,6/21/2017,Egner,B,6/14/2017,63,Single
6212017EGB10,OTU1351,SS,0.94,BOLD:AAB7030,Animalia,Arthropoda,Insecta,Diptera,Chironomidae,Chironomus,Chironomus decorus,5,6/21/2017,Egner,B,6/14/2017,63,Single
6212017EGB10,OTU1448,SS,0.8,BOLD:AAC8291,Animalia,Arthropoda,Insecta,Diptera,Tabanidae,Chrysops,Chrysops caecutiens,8,6/21/2017,Egner,B,6/14/2017,63,Single
6212017EGB10,OTU1517,US,0.986,BOLD:ACE7334,Animalia,Arthropoda,Insecta,Diptera,NA,NA,NA,33,6/21/2017,Egner,B,6/14/2017,63,Single
6212017EGB10,OTU1656,US,0.9715,BOLD:AAD6798,Animalia,Arthropoda,Insecta,Diptera,NA,NA,NA,31,6/21/2017,Egner,B,6/14/2017,63,Single
6212017EGB10,OTU1792,GS,99.4,BOLD:AAE7853,Animalia,Arthropoda,Arachnida,Araneae,Theridiidae,Thymoites,Thymoites unimaculatus,8,6/21/2017,Egner,B,6/14/2017,63,Single
6212017EGB10,OTU1800,US,0.3913,None,Animalia,Arthropoda,Insecta,Diptera,NA,NA,NA,2,6/21/2017,Egner,B,6/14/2017,63,Single
6212017EGB10,OTU1923,SS,0.64,BOLD:AAB5367,Animalia,Arthropoda,Insecta,Diptera,Tabanidae,NA,NA,29,6/21/2017,Egner,B,6/14/2017,63,Single
6212017EGB2,OTU1,US,0.0026,BOLD:AAD6798,Animalia,Arthropoda,Insecta,Diptera,NA,NA,NA,524,6/21/2017,Egner,B,6/14/2017,63,Single
6212017EGB2,OTU5,GS,99.4,BOLD:AAN5451,Animalia,Arthropoda,Arachnida,Araneae,Araneidae,Eustala,NA,10418,6/21/2017,Egner,B,6/14/2017,63,Single
6212017EGB2,OTU14,GS,99.4,BOLD:AAO3940,Animalia,Arthropoda,Insecta,Diptera,Limoniidae,Rhipidia,NA,380,6/21/2017,Egner,B,6/14/2017,63,Single
6212017EGB2,OTU18,GS,100,BOLD:ABY8739,Animalia,Arthropoda,Insecta,Diptera,Tabanidae,NA,NA,9617,6/21/2017,Egner,B,6/14/2017,63,Single
6212017EGB2,OTU34,GS,100,BOLD:AAM6211,Animalia,Arthropoda,Insecta,Diptera,Chironomidae,Glyptotendipes,NA,264,6/21/2017,Egner,B,6/14/2017,63,Single
6212017EGB2,OTU68,GS,100,BOLD:AAB7030,Animalia,Arthropoda,Insecta,Diptera,Chironomidae,Chironomus,Chironomus decorus,97,6/21/2017,Egner,B,6/14/2017,63,Single
6212017EGB2,OTU87,US,0,BOLD:ABY2339,Animalia,Arthropoda,Insecta,Diptera,NA,NA,NA,121,6/21/2017,Egner,B,6/14/2017,63,Single
6212017EGB2,OTU89,GS,98.3,BOLD:ABW2415,Animalia,Arthropoda,Insecta,Diptera,Tipulidae,Nephrotoma,Nephrotoma okefenoke,153,6/21/2017,Egner,B,6/14/2017,63,Single
6212017EGB2,OTU90,US,0.0049,BOLD:ACL1722,Animalia,Arthropoda,Insecta,Lepidoptera,NA,NA,NA,94,6/21/2017,Egner,B,6/14/2017,63,Single
6212017EGB2,OTU94,US,0,BOLD:ACO4929,Animalia,Arthropoda,Insecta,Hymenoptera,NA,NA,NA,183,6/21/2017,Egner,B,6/14/2017,63,Single
6212017EGB2,OTU97,GS,100,BOLD:AAB7935,Animalia,Arthropoda,Arachnida,Araneae,Araneidae,Eustala,Eustala cepina,453,6/21/2017,Egner,B,6/14/2017,63,Single
6212017EGB2,OTU120,GS,100,BOLD:AAV3042,Animalia,Arthropoda,Arachnida,Araneae,Theridiidae,Theridion,Theridion albidum,444,6/21/2017,Egner,B,6/14/2017,63,Single
6212017EGB2,OTU144,GS,100,BOLD:AAN6304,Animalia,Arthropoda,Arachnida,Araneae,Araneidae,Araneus,Araneus guttulatus,71,6/21/2017,Egner,B,6/14/2017,63,Single
6212017EGB2,OTU152,GS,100,BOLD:AAA3950,Animalia,Arthropoda,Insecta,Lepidoptera,Tineidae,Acrolophus,Acrolophus plumifrontella,32,6/21/2017,Egner,B,6/14/2017,63,Single
6212017EGB2,OTU176,SS,0.35,BOLD:ACL6093,Animalia,Arthropoda,Arachnida,Trombidiformes,NA,NA,NA,47,6/21/2017,Egner,B,6/14/2017,63,Single
6212017EGB2,OTU198,GS,99.4,BOLD:ABZ1242,Animalia,Arthropoda,Insecta,Diptera,Chironomidae,NA,NA,12,6/21/2017,Egner,B,6/14/2017,63,Single
6212017EGB2,OTU269,GS,97.2,BOLD:AAP9050,Animalia,Arthropoda,Insecta,Diptera,Ceratopogonidae,NA,NA,40,6/21/2017,Egner,B,6/14/2017,63,Single
6212017EGB2,OTU273,SS,0.29,BOLD:AAC8291,Animalia,Arthropoda,Insecta,Diptera,Tabanidae,Chrysops,NA,108,6/21/2017,Egner,B,6/14/2017,63,Single
6212017EGB2,OTU276,SS,0.44,BOLD:ACE7334,Animalia,Arthropoda,Insecta,Diptera,NA,NA,NA,103,6/21/2017,Egner,B,6/14/2017,63,Single
6212017EGB2,OTU282,SS,0.66,BOLD:AAG4564,Animalia,Arthropoda,Insecta,Diptera,NA,NA,NA,164,6/21/2017,Egner,B,6/14/2017,63,Single
6212017EGB2,OTU345,US,0.986,BOLD:ACE7334,Animalia,Arthropoda,Insecta,Diptera,NA,NA,NA,102,6/21/2017,Egner,B,6/14/2017,63,Single
6212017EGB2,OTU459,SS,0.93,BOLD:AAG0758,Animalia,Arthropoda,Insecta,Coleoptera,Pyrochroidae,Dendroides,Dendroides canadensis,12,6/21/2017,Egner,B,6/14/2017,63,Single
6212017EGB2,OTU471,SS,0.77,BOLD:AAG0758,Animalia,Arthropoda,Insecta,Coleoptera,NA,NA,NA,16,6/21/2017,Egner,B,6/14/2017,63,Single
6212017EGB2,OTU475,US,0.9249,BOLD:ACE7334,Animalia,Arthropoda,Insecta,Diptera,NA,NA,NA,39,6/21/2017,Egner,B,6/14/2017,63,Single
6212017EGB2,OTU495,SS,0.83,BOLD:AAG0758,Animalia,Arthropoda,Insecta,Coleoptera,Pyrochroidae,Dendroides,Dendroides canadensis,13,6/21/2017,Egner,B,6/14/2017,63,Single
6212017EGB2,OTU504,SS,0.79,BOLD:AAG0758,Animalia,Arthropoda,Insecta,Coleoptera,Pyrochroidae,Dendroides,NA,12,6/21/2017,Egner,B,6/14/2017,63,Single
6212017EGB2,OTU523,US,0,BOLD:ACE7334,Animalia,Arthropoda,Insecta,Diptera,NA,NA,NA,19,6/21/2017,Egner,B,6/14/2017,63,Single
6212017EGB2,OTU538,SS,0.61,BOLD:AAG4564,Animalia,Arthropoda,Insecta,Diptera,NA,NA,NA,44,6/21/2017,Egner,B,6/14/2017,63,Single
6212017EGB2,OTU551,SS,0.63,BOLD:ACE7334,Animalia,Arthropoda,Insecta,Diptera,NA,NA,NA,27,6/21/2017,Egner,B,6/14/2017,63,Single
6212017EGB2,OTU553,SS,0.41,BOLD:AAC8291,Animalia,Arthropoda,Insecta,Diptera,Tabanidae,Chrysops,NA,40,6/21/2017,Egner,B,6/14/2017,63,Single
6212017EGB2,OTU563,GS,100,BOLD:AAH7221,Animalia,Arthropoda,Insecta,Neuroptera,Mantispidae,Dicromantispa,Dicromantispa sayi,8,6/21/2017,Egner,B,6/14/2017,63,Single
6212017EGB2,OTU578,US,0.986,BOLD:ACE7332,Animalia,Arthropoda,Insecta,Diptera,NA,NA,NA,39,6/21/2017,Egner,B,6/14/2017,63,Single
6212017EGB2,OTU594,SS,0.18,BOLD:ABY8739,Animalia,Arthropoda,Insecta,Diptera,Tabanidae,NA,NA,39,6/21/2017,Egner,B,6/14/2017,63,Single
6212017EGB2,OTU614,GS,97.9,BOLD:AAC8291,Animalia,Arthropoda,Insecta,Diptera,Tabanidae,Chrysops,Chrysops montanus,67,6/21/2017,Egner,B,6/14/2017,63,Single
6212017EGB2,OTU668,SS,0.25,BOLD:AAC8291,Animalia,Arthropoda,Insecta,Diptera,Tabanidae,Chrysops,NA,13,6/21/2017,Egner,B,6/14/2017,63,Single
6212017EGB2,OTU674,US,0,BOLD:AAG4815,Animalia,Arthropoda,Arachnida,Mesostigmata,NA,NA,NA,2,6/21/2017,Egner,B,6/14/2017,63,Single
6212017EGB2,OTU689,SS,0.68,BOLD:ACR6277,Animalia,Arthropoda,Insecta,Hemiptera,NA,NA,NA,6,6/21/2017,Egner,B,6/14/2017,63,Single
6212017EGB2,OTU738,GS,99.4,BOLD:AAC9476,Animalia,Arthropoda,Insecta,Diptera,Culicidae,Aedes,Aedes triseriatus,10,6/21/2017,Egner,B,6/14/2017,63,Single
6212017EGB2,OTU792,GS,100,BOLD:AAF8979,Animalia,Arthropoda,Insecta,Diptera,Limoniidae,Metalimnobia,Metalimnobia novaeangliae,9,6/21/2017,Egner,B,6/14/2017,63,Single
6212017EGB2,OTU886,GS,100,BOLD:AAH0131,Animalia,Arthropoda,Insecta,Coleoptera,Nitidulidae,Cryptarcha,Cryptarcha ampla,2,6/21/2017,Egner,B,6/14/2017,63,Single
6212017EGB2,OTU899,SS,0.79,BOLD:ACE7334,Animalia,Arthropoda,Insecta,Diptera,Tabanidae,NA,NA,4,6/21/2017,Egner,B,6/14/2017,63,Single
6212017EGB2,OTU1087,GS,97.2,BOLD:AAB5367,Animalia,Arthropoda,Insecta,Diptera,Tabanidae,Chrysops,Chrysops vittatus,8,6/21/2017,Egner,B,6/14/2017,63,Single
6212017EGB2,OTU1097,GS,97.2,BOLD:AAN5451,Animalia,Arthropoda,Arachnida,Araneae,Araneidae,Eustala,NA,182,6/21/2017,Egner,B,6/14/2017,63,Single
6212017EGB2,OTU1316,US,1,BOLD:ACY1564,Animalia,Arthropoda,Insecta,Coleoptera,NA,NA,NA,3,6/21/2017,Egner,B,6/14/2017,63,Single
6212017EGB2,OTU1317,SS,0.01,BOLD:AAN5451,Animalia,Arthropoda,Arachnida,Araneae,Araneidae,Eustala,NA,4,6/21/2017,Egner,B,6/14/2017,63,Single
6212017EGB2,OTU1351,SS,0.94,BOLD:AAB7030,Animalia,Arthropoda,Insecta,Diptera,Chironomidae,Chironomus,Chironomus decorus,3,6/21/2017,Egner,B,6/14/2017,63,Single
6212017EGB2,OTU1656,US,0.9715,BOLD:AAD6798,Animalia,Arthropoda,Insecta,Diptera,NA,NA,NA,24,6/21/2017,Egner,B,6/14/2017,63,Single
6212017EGB2,OTU1741,GS,98.3,BOLD:AAP9050,Animalia,Arthropoda,Insecta,Diptera,Ceratopogonidae,NA,NA,9,6/21/2017,Egner,B,6/14/2017,63,Single
6212017EGB2,OTU1756,SS,0.97,BOLD:AAG3848,Animalia,Arthropoda,Insecta,Diptera,Culicidae,Culex,Culex erraticus,1,6/21/2017,Egner,B,6/14/2017,63,Single
6212017EGB2,OTU1800,US,0.3913,None,Animalia,Arthropoda,Insecta,Diptera,NA,NA,NA,4,6/21/2017,Egner,B,6/14/2017,63,Single
6212017EGB2,OTU1923,SS,0.64,BOLD:AAB5367,Animalia,Arthropoda,Insecta,Diptera,Tabanidae,NA,NA,27,6/21/2017,Egner,B,6/14/2017,63,Single
6212017EGB3,OTU4,GS,100,BOLD:AAN5882,Animalia,Arthropoda,Insecta,Diptera,Limoniidae,Erioptera,Erioptera caliptera,266,6/21/2017,Egner,B,6/14/2017,63,Single
6212017EGB3,OTU5,GS,99.4,BOLD:AAN5451,Animalia,Arthropoda,Arachnida,Araneae,Araneidae,Eustala,NA,240,6/21/2017,Egner,B,6/14/2017,63,Single
6212017EGB3,OTU9,US,0.7924,BOLD:AAG8502,Animalia,Arthropoda,Insecta,NA,NA,NA,NA,1111,6/21/2017,Egner,B,6/14/2017,63,Single
6212017EGB3,OTU14,GS,99.4,BOLD:AAO3940,Animalia,Arthropoda,Insecta,Diptera,Limoniidae,Rhipidia,NA,7073,6/21/2017,Egner,B,6/14/2017,63,Single
6212017EGB3,OTU15,GS,100,BOLD:ABZ0908,Animalia,Arthropoda,Insecta,Diptera,Tipulidae,Nephrotoma,Nephrotoma ferruginea,572,6/21/2017,Egner,B,6/14/2017,63,Single
6212017EGB3,OTU27,SS,0.18,BOLD:AAC6806,Animalia,Arthropoda,Insecta,Diptera,NA,NA,NA,578,6/21/2017,Egner,B,6/14/2017,63,Single
6212017EGB3,OTU34,GS,100,BOLD:AAM6211,Animalia,Arthropoda,Insecta,Diptera,Chironomidae,Glyptotendipes,NA,158,6/21/2017,Egner,B,6/14/2017,63,Single
6212017EGB3,OTU35,GS,100,BOLD:ABW4215,Animalia,Arthropoda,Insecta,Diptera,Chironomidae,Glyptotendipes,Glyptotendipes meridionalis,1892,6/21/2017,Egner,B,6/14/2017,63,Single
6212017EGB3,OTU68,GS,100,BOLD:AAB7030,Animalia,Arthropoda,Insecta,Diptera,Chironomidae,Chironomus,Chironomus decorus,68,6/21/2017,Egner,B,6/14/2017,63,Single
6212017EGB3,OTU70,GS,100,BOLD:ABY9168,Animalia,Arthropoda,Insecta,Lepidoptera,Tortricidae,Clepsis,Clepsis peritana,86,6/21/2017,Egner,B,6/14/2017,63,Single
6212017EGB3,OTU97,GS,100,BOLD:AAB7935,Animalia,Arthropoda,Arachnida,Araneae,Araneidae,Eustala,Eustala cepina,25,6/21/2017,Egner,B,6/14/2017,63,Single
6212017EGB3,OTU116,GS,100,BOLD:AAG0758,Animalia,Arthropoda,Insecta,Coleoptera,Pyrochroidae,Dendroides,Dendroides canadensis,3134,6/21/2017,Egner,B,6/14/2017,63,Single
6212017EGB3,OTU152,GS,100,BOLD:AAA3950,Animalia,Arthropoda,Insecta,Lepidoptera,Tineidae,Acrolophus,Acrolophus plumifrontella,6067,6/21/2017,Egner,B,6/14/2017,63,Single
6212017EGB3,OTU169,GS,97.2,BOLD:AAO2061,Animalia,Arthropoda,Insecta,Blattodea,Ectobiidae,Parcoblatta,NA,1631,6/21/2017,Egner,B,6/14/2017,63,Single
6212017EGB3,OTU182,GS,100,BOLD:ACF4855,Animalia,Arthropoda,Insecta,Lepidoptera,Gelechiidae,Dichomeris,Dichomeris kimballi,4289,6/21/2017,Egner,B,6/14/2017,63,Single
6212017EGB3,OTU198,GS,99.4,BOLD:ABZ1242,Animalia,Arthropoda,Insecta,Diptera,Chironomidae,NA,NA,34,6/21/2017,Egner,B,6/14/2017,63,Single
6212017EGB3,OTU235,GS,100,BOLD:AAG3918,Animalia,Arthropoda,Insecta,Diptera,Chironomidae,Procladius,NA,15,6/21/2017,Egner,B,6/14/2017,63,Single
6212017EGB3,OTU271,GS,98.9,BOLD:ABX3627,Animalia,Arthropoda,Insecta,Diptera,Limoniidae,NA,NA,187,6/21/2017,Egner,B,6/14/2017,63,Single
6212017EGB3,OTU281,GS,100,BOLD:AAC9975,Animalia,Arthropoda,Insecta,Trichoptera,Leptoceridae,Triaenodes,Triaenodes aba,2899,6/21/2017,Egner,B,6/14/2017,63,Single
6212017EGB3,OTU287,GS,98.9,BOLD:AAG5457,Animalia,Arthropoda,Insecta,Diptera,Chironomidae,NA,NA,21,6/21/2017,Egner,B,6/14/2017,63,Single
6212017EGB3,OTU297,GS,100,BOLD:ACT1102,Animalia,Arthropoda,Insecta,Lepidoptera,Carposinidae,Carposina,NA,192,6/21/2017,Egner,B,6/14/2017,63,Single
6212017EGB3,OTU316,GS,100,BOLD:AAJ4096,Animalia,Arthropoda,Insecta,Neuroptera,Sisyridae,Climacia,Climacia areolaris,238,6/21/2017,Egner,B,6/14/2017,63,Single
6212017EGB3,OTU373,GS,98.9,BOLD:AAG8953,Animalia,Arthropoda,Insecta,Hemiptera,Cicadellidae,Gyponana,Gyponana amara,59,6/21/2017,Egner,B,6/14/2017,63,Single
6212017EGB3,OTU434,GS,100,BOLD:AAU7127,Animalia,Arthropoda,Insecta,Coleoptera,Carabidae,Bembidion,Bembidion affine,124,6/21/2017,Egner,B,6/14/2017,63,Single
6212017EGB3,OTU459,SS,0.93,BOLD:AAG0758,Animalia,Arthropoda,Insecta,Coleoptera,Pyrochroidae,Dendroides,Dendroides canadensis,1173,6/21/2017,Egner,B,6/14/2017,63,Single
6212017EGB3,OTU465,SS,0.66,BOLD:AAG0758,Animalia,Arthropoda,Insecta,Coleoptera,NA,NA,NA,1110,6/21/2017,Egner,B,6/14/2017,63,Single
6212017EGB3,OTU470,SS,0.8,BOLD:AAG0758,Animalia,Arthropoda,Insecta,Coleoptera,Pyrochroidae,Dendroides,Dendroides canadensis,806,6/21/2017,Egner,B,6/14/2017,63,Single
6212017EGB3,OTU471,SS,0.77,BOLD:AAG0758,Animalia,Arthropoda,Insecta,Coleoptera,NA,NA,NA,613,6/21/2017,Egner,B,6/14/2017,63,Single
6212017EGB3,OTU493,GS,99.4,BOLD:ABY7387,Animalia,Arthropoda,Insecta,Lepidoptera,Limacodidae,Lithacodes,Lithacodes fasciola,25,6/21/2017,Egner,B,6/14/2017,63,Single
6212017EGB3,OTU495,SS,0.83,BOLD:AAG0758,Animalia,Arthropoda,Insecta,Coleoptera,Pyrochroidae,Dendroides,Dendroides canadensis,580,6/21/2017,Egner,B,6/14/2017,63,Single
6212017EGB3,OTU502,SS,0.79,BOLD:AAG0758,Animalia,Arthropoda,Insecta,Coleoptera,NA,NA,NA,889,6/21/2017,Egner,B,6/14/2017,63,Single
6212017EGB3,OTU504,SS,0.79,BOLD:AAG0758,Animalia,Arthropoda,Insecta,Coleoptera,Pyrochroidae,Dendroides,NA,630,6/21/2017,Egner,B,6/14/2017,63,Single
6212017EGB3,OTU512,US,0,BOLD:AAD5415,Animalia,Arthropoda,Insecta,Diptera,NA,NA,NA,10,6/21/2017,Egner,B,6/14/2017,63,Single
6212017EGB3,OTU514,US,0,BOLD:AAG0758,Animalia,Arthropoda,Insecta,Lepidoptera,NA,NA,NA,966,6/21/2017,Egner,B,6/14/2017,63,Single
6212017EGB3,OTU515,US,0.0093,BOLD:AAA3447,Animalia,Arthropoda,Insecta,Lepidoptera,NA,NA,NA,388,6/21/2017,Egner,B,6/14/2017,63,Single
6212017EGB3,OTU525,US,0.9803,BOLD:AAG0758,Animalia,Arthropoda,Insecta,Lepidoptera,NA,NA,NA,802,6/21/2017,Egner,B,6/14/2017,63,Single
6212017EGB3,OTU526,SS,0.7,BOLD:ACI6375,Animalia,Arthropoda,Insecta,Coleoptera,NA,NA,NA,636,6/21/2017,Egner,B,6/14/2017,63,Single
6212017EGB3,OTU548,GS,99.4,BOLD:AAC0126,Animalia,Arthropoda,Insecta,Lepidoptera,Tortricidae,Coelostathma,Coelostathma discopunctana,3,6/21/2017,Egner,B,6/14/2017,63,Single
6212017EGB3,OTU579,SS,0.72,BOLD:AAG0758,Animalia,Arthropoda,Insecta,Coleoptera,NA,NA,NA,459,6/21/2017,Egner,B,6/14/2017,63,Single
6212017EGB3,OTU580,GS,98.3,BOLD:ABZ0908,Animalia,Arthropoda,Insecta,Diptera,Tipulidae,Nephrotoma,Nephrotoma ferruginea,9,6/21/2017,Egner,B,6/14/2017,63,Single
6212017EGB3,OTU585,US,0.7924,BOLD:AAG0758,Animalia,Arthropoda,Insecta,NA,NA,NA,NA,693,6/21/2017,Egner,B,6/14/2017,63,Single
6212017EGB3,OTU587,GS,100,BOLD:AAN6371,Animalia,Arthropoda,Arachnida,Araneae,Theridiidae,Wamba,Wamba crispulus,8,6/21/2017,Egner,B,6/14/2017,63,Single
6212017EGB3,OTU590,SS,0.99,BOLD:AAG0758,Animalia,Arthropoda,Insecta,Coleoptera,Pyrochroidae,Dendroides,Dendroides canadensis,496,6/21/2017,Egner,B,6/14/2017,63,Single
6212017EGB3,OTU600,SS,0.85,BOLD:AAG0758,Animalia,Arthropoda,Insecta,Coleoptera,Pyrochroidae,Dendroides,Dendroides canadensis,662,6/21/2017,Egner,B,6/14/2017,63,Single
6212017EGB3,OTU619,US,0.0017,BOLD:AAG0758,Animalia,Arthropoda,Insecta,Lepidoptera,NA,NA,NA,323,6/21/2017,Egner,B,6/14/2017,63,Single
6212017EGB3,OTU631,US,0.9919,BOLD:AAG0758,Animalia,Arthropoda,Insecta,Coleoptera,NA,NA,NA,364,6/21/2017,Egner,B,6/14/2017,63,Single
6212017EGB3,OTU642,GS,100,BOLD:AAM7778,Animalia,Arthropoda,Insecta,Coleoptera,Hydrophilidae,Enochrus,Enochrus ochraceus,5,6/21/2017,Egner,B,6/14/2017,63,Single
6212017EGB3,OTU646,US,0.9715,BOLD:AAG0758,Animalia,Arthropoda,Insecta,Lepidoptera,NA,NA,NA,499,6/21/2017,Egner,B,6/14/2017,63,Single
6212017EGB3,OTU670,US,0.9546,BOLD:AAG0758,Animalia,Arthropoda,Insecta,Diptera,NA,NA,NA,377,6/21/2017,Egner,B,6/14/2017,63,Single
6212017EGB3,OTU715,SS,0.71,BOLD:ABZ0908,Animalia,Arthropoda,Insecta,Diptera,NA,NA,NA,201,6/21/2017,Egner,B,6/14/2017,63,Single
6212017EGB3,OTU718,US,0.7924,BOLD:AAG0758,Animalia,Arthropoda,Insecta,NA,NA,NA,NA,6,6/21/2017,Egner,B,6/14/2017,63,Single
6212017EGB3,OTU719,US,0.9859,BOLD:AAG0758,Animalia,Arthropoda,Insecta,Lepidoptera,NA,NA,NA,324,6/21/2017,Egner,B,6/14/2017,63,Single
6212017EGB3,OTU739,US,0.2259,BOLD:ACK9367,Animalia,Arthropoda,Insecta,Diptera,NA,NA,NA,37,6/21/2017,Egner,B,6/14/2017,63,Single
6212017EGB3,OTU765,GS,100,BOLD:ABW8719,Animalia,Arthropoda,Insecta,Coleoptera,Dytiscidae,Coptotomus,Coptotomus longulus,245,6/21/2017,Egner,B,6/14/2017,63,Single
6212017EGB3,OTU798,SS,0.6,BOLD:AAO3940,Animalia,Arthropoda,Insecta,Diptera,NA,NA,NA,14,6/21/2017,Egner,B,6/14/2017,63,Single
6212017EGB3,OTU812,US,0.3913,None,Animalia,Arthropoda,Maxillopoda,Calanoida,NA,NA,NA,6,6/21/2017,Egner,B,6/14/2017,63,Single
6212017EGB3,OTU886,GS,100,BOLD:AAH0131,Animalia,Arthropoda,Insecta,Coleoptera,Nitidulidae,Cryptarcha,Cryptarcha ampla,149,6/21/2017,Egner,B,6/14/2017,63,Single
6212017EGB3,OTU907,SS,0.01,BOLD:AAO3940,Animalia,Arthropoda,Insecta,Diptera,Limoniidae,Rhipidia,NA,32,6/21/2017,Egner,B,6/14/2017,63,Single
6212017EGB3,OTU935,SS,0.01,BOLD:AAO3940,Animalia,Arthropoda,Insecta,Diptera,Limoniidae,Rhipidia,NA,41,6/21/2017,Egner,B,6/14/2017,63,Single
6212017EGB3,OTU947,US,0.9546,BOLD:AAG0758,Animalia,Arthropoda,Insecta,Lepidoptera,NA,NA,NA,19,6/21/2017,Egner,B,6/14/2017,63,Single
6212017EGB3,OTU964,GS,98.2,BOLD:AAG5460,Animalia,Arthropoda,Insecta,Diptera,Chironomidae,NA,NA,1,6/21/2017,Egner,B,6/14/2017,63,Single
6212017EGB3,OTU982,GS,98.3,BOLD:AAP9050,Animalia,Arthropoda,Insecta,Diptera,Ceratopogonidae,NA,NA,4,6/21/2017,Egner,B,6/14/2017,63,Single
6212017EGB3,OTU1002,SS,0.89,BOLD:AAG0758,Animalia,Arthropoda,Insecta,Coleoptera,Pyrochroidae,Dendroides,Dendroides canadensis,159,6/21/2017,Egner,B,6/14/2017,63,Single
6212017EGB3,OTU1021,US,0.0017,BOLD:AAG0758,Animalia,Arthropoda,Insecta,Lepidoptera,NA,NA,NA,60,6/21/2017,Egner,B,6/14/2017,63,Single
6212017EGB3,OTU1059,US,3e-04,BOLD:AAG0758,Animalia,Arthropoda,Insecta,Coleoptera,NA,NA,NA,19,6/21/2017,Egner,B,6/14/2017,63,Single
6212017EGB3,OTU1078,SS,0.86,BOLD:AAG0758,Animalia,Arthropoda,Insecta,Coleoptera,Pyrochroidae,Dendroides,Dendroides canadensis,4,6/21/2017,Egner,B,6/14/2017,63,Single
6212017EGB3,OTU1090,GS,97.2,BOLD:ABX3627,Animalia,Arthropoda,Insecta,Diptera,Limoniidae,NA,NA,23,6/21/2017,Egner,B,6/14/2017,63,Single
6212017EGB3,OTU1097,GS,97.2,BOLD:AAN5451,Animalia,Arthropoda,Arachnida,Araneae,Araneidae,Eustala,NA,22,6/21/2017,Egner,B,6/14/2017,63,Single
6212017EGB3,OTU1145,GS,100,BOLD:AAA2229,Animalia,Arthropoda,Insecta,Lepidoptera,Erebidae,Idia,Idia concisa,1,6/21/2017,Egner,B,6/14/2017,63,Single
6212017EGB3,OTU1151,US,0,None,Animalia,Arthropoda,Insecta,Diptera,NA,NA,NA,2,6/21/2017,Egner,B,6/14/2017,63,Single
6212017EGB3,OTU1188,US,1,None,Animalia,Arthropoda,Insecta,Diptera,NA,NA,NA,1,6/21/2017,Egner,B,6/14/2017,63,Single
6212017EGB3,OTU1214,US,0.986,BOLD:AAG0758,Animalia,Arthropoda,Insecta,Lepidoptera,NA,NA,NA,56,6/21/2017,Egner,B,6/14/2017,63,Single
6212017EGB3,OTU1220,US,0.7924,BOLD:AAG0758,Animalia,Arthropoda,Insecta,NA,NA,NA,NA,1,6/21/2017,Egner,B,6/14/2017,63,Single
6212017EGB3,OTU1230,US,3e-04,BOLD:ACK8186,Animalia,Arthropoda,Insecta,Lepidoptera,NA,NA,NA,42,6/21/2017,Egner,B,6/14/2017,63,Single
6212017EGB3,OTU1257,US,0.9546,BOLD:AAG0758,Animalia,Arthropoda,Insecta,Lepidoptera,NA,NA,NA,2,6/21/2017,Egner,B,6/14/2017,63,Single
6212017EGB3,OTU1277,US,2e-04,BOLD:AAG0758,Animalia,Arthropoda,Insecta,Lepidoptera,NA,NA,NA,1083,6/21/2017,Egner,B,6/14/2017,63,Single
6212017EGB3,OTU1351,SS,0.94,BOLD:AAB7030,Animalia,Arthropoda,Insecta,Diptera,Chironomidae,Chironomus,Chironomus decorus,10,6/21/2017,Egner,B,6/14/2017,63,Single
6212017EGB3,OTU1367,GS,100,BOLD:AAB7993,Animalia,Arthropoda,Insecta,Lepidoptera,Tortricidae,Olethreutes,Olethreutes concinnana,52,6/21/2017,Egner,B,6/14/2017,63,Single
6212017EGB3,OTU1420,SS,0.89,BOLD:AAG0758,Animalia,Arthropoda,Insecta,Coleoptera,Pyrochroidae,Dendroides,Dendroides canadensis,4,6/21/2017,Egner,B,6/14/2017,63,Single
6212017EGB3,OTU1434,GS,97.6,BOLD:AAA7067,Animalia,Arthropoda,Insecta,Diptera,Culicidae,Aedes,Aedes vexans,2,6/21/2017,Egner,B,6/14/2017,63,Single
6212017EGB3,OTU1458,US,0.3913,None,Animalia,Arthropoda,Maxillopoda,Calanoida,NA,NA,NA,1,6/21/2017,Egner,B,6/14/2017,63,Single
6212017EGB3,OTU1502,GS,100,BOLD:AAA7880,Animalia,Arthropoda,Insecta,Lepidoptera,Crambidae,Nomophila,Nomophila noctuella,1,6/21/2017,Egner,B,6/14/2017,63,Single
6212017EGB3,OTU1523,US,2e-04,BOLD:AAG0758,Animalia,Arthropoda,Insecta,Coleoptera,NA,NA,NA,2,6/21/2017,Egner,B,6/14/2017,63,Single
6212017EGB3,OTU1552,SS,0.74,BOLD:AAG0758,Animalia,Arthropoda,Insecta,Coleoptera,Pyrochroidae,Dendroides,NA,26,6/21/2017,Egner,B,6/14/2017,63,Single
6212017EGB3,OTU1581,SS,0.94,BOLD:ACF4855,Animalia,Arthropoda,Insecta,Lepidoptera,Gelechiidae,Dichomeris,Dichomeris kimballi,1202,6/21/2017,Egner,B,6/14/2017,63,Single
6212017EGB3,OTU1583,US,0,BOLD:AAG0758,Animalia,Arthropoda,Insecta,Lepidoptera,NA,NA,NA,437,6/21/2017,Egner,B,6/14/2017,63,Single
6212017EGB3,OTU1607,SS,0.89,BOLD:AAG0758,Animalia,Arthropoda,Insecta,Coleoptera,Pyrochroidae,Dendroides,Dendroides canadensis,1,6/21/2017,Egner,B,6/14/2017,63,Single
6212017EGB3,OTU1626,US,7e-04,BOLD:AAG0758,Animalia,Arthropoda,Insecta,Lepidoptera,NA,NA,NA,128,6/21/2017,Egner,B,6/14/2017,63,Single
6212017EGB3,OTU1633,US,7e-04,BOLD:AAG0758,Animalia,Arthropoda,Insecta,Coleoptera,NA,NA,NA,21,6/21/2017,Egner,B,6/14/2017,63,Single
6212017EGB3,OTU1645,US,1,BOLD:AAX3125,Animalia,Arthropoda,Insecta,Diptera,NA,NA,NA,3,6/21/2017,Egner,B,6/14/2017,63,Single
6212017EGB3,OTU1648,US,0.8732,BOLD:AAG0758,Animalia,Arthropoda,Insecta,Lepidoptera,NA,NA,NA,13,6/21/2017,Egner,B,6/14/2017,63,Single
6212017EGB3,OTU1695,SS,0.38,BOLD:ACT0345,Animalia,Arthropoda,Insecta,Diptera,NA,NA,NA,2,6/21/2017,Egner,B,6/14/2017,63,Single
6212017EGB3,OTU1741,GS,98.3,BOLD:AAP9050,Animalia,Arthropoda,Insecta,Diptera,Ceratopogonidae,NA,NA,1,6/21/2017,Egner,B,6/14/2017,63,Single
6212017EGB3,OTU1748,SS,0.6,BOLD:ACF8409,Animalia,Arthropoda,Insecta,Diptera,NA,NA,NA,3,6/21/2017,Egner,B,6/14/2017,63,Single
6212017EGB3,OTU1754,US,9e-04,BOLD:AAG0758,Animalia,Arthropoda,Insecta,Lepidoptera,NA,NA,NA,108,6/21/2017,Egner,B,6/14/2017,63,Single
6212017EGB3,OTU1784,US,0.986,BOLD:AAB2304,Animalia,Arthropoda,Insecta,Lepidoptera,NA,NA,NA,6,6/21/2017,Egner,B,6/14/2017,63,Single
6212017EGB3,OTU1810,GS,98.9,BOLD:AAH7853,Animalia,Arthropoda,Insecta,Diptera,Muscidae,Potamia,Potamia littoralis,1,6/21/2017,Egner,B,6/14/2017,63,Single
6212017EGB3,OTU1836,US,0.9967,BOLD:ACF8858,Animalia,Arthropoda,Insecta,Diptera,NA,NA,NA,4,6/21/2017,Egner,B,6/14/2017,63,Single
6212017EGB3,OTU1866,SS,0.38,BOLD:ABX3627,Animalia,Arthropoda,Insecta,Diptera,NA,NA,NA,4,6/21/2017,Egner,B,6/14/2017,63,Single
6212017EGB3,OTU1871,SS,0.85,BOLD:AAG3848,Animalia,Arthropoda,Insecta,Diptera,Culicidae,Culex,Culex erraticus,1,6/21/2017,Egner,B,6/14/2017,63,Single
6212017EGB3,OTU1878,SS,0.78,BOLD:ABW4215,Animalia,Arthropoda,Insecta,Diptera,NA,NA,NA,18,6/21/2017,Egner,B,6/14/2017,63,Single
6212017EGB3,OTU1882,SS,0.18,BOLD:ACN0347,Animalia,Arthropoda,Insecta,Diptera,NA,NA,NA,8,6/21/2017,Egner,B,6/14/2017,63,Single
6212017EGB4,OTU5,GS,99.4,BOLD:AAN5451,Animalia,Arthropoda,Arachnida,Araneae,Araneidae,Eustala,NA,781,6/21/2017,Egner,B,6/14/2017,63,Single
6212017EGB4,OTU9,US,0.7924,BOLD:AAG8502,Animalia,Arthropoda,Insecta,NA,NA,NA,NA,5860,6/21/2017,Egner,B,6/14/2017,63,Single
6212017EGB4,OTU11,GS,99.4,BOLD:AAG3848,Animalia,Arthropoda,Insecta,Diptera,Culicidae,Culex,Culex erraticus,611,6/21/2017,Egner,B,6/14/2017,63,Single
6212017EGB4,OTU14,GS,99.4,BOLD:AAO3940,Animalia,Arthropoda,Insecta,Diptera,Limoniidae,Rhipidia,NA,21384,6/21/2017,Egner,B,6/14/2017,63,Single
6212017EGB4,OTU271,GS,98.9,BOLD:ABX3627,Animalia,Arthropoda,Insecta,Diptera,Limoniidae,NA,NA,1718,6/21/2017,Egner,B,6/14/2017,63,Single
6212017EGB4,OTU272,GS,100,BOLD:AAJ3819,Animalia,Arthropoda,Insecta,Diptera,Clusiidae,Sobarocephala,Sobarocephala setipes,2,6/21/2017,Egner,B,6/14/2017,63,Single
6212017EGB4,OTU637,US,0.9934,BOLD:AAH6851,Animalia,Arthropoda,Insecta,Coleoptera,NA,NA,NA,3,6/21/2017,Egner,B,6/14/2017,63,Single
6212017EGB4,OTU798,SS,0.6,BOLD:AAO3940,Animalia,Arthropoda,Insecta,Diptera,NA,NA,NA,918,6/21/2017,Egner,B,6/14/2017,63,Single
6212017EGB4,OTU907,SS,0.01,BOLD:AAO3940,Animalia,Arthropoda,Insecta,Diptera,Limoniidae,Rhipidia,NA,39,6/21/2017,Egner,B,6/14/2017,63,Single
6212017EGB4,OTU935,SS,0.01,BOLD:AAO3940,Animalia,Arthropoda,Insecta,Diptera,Limoniidae,Rhipidia,NA,948,6/21/2017,Egner,B,6/14/2017,63,Single
6212017EGB4,OTU1090,GS,97.2,BOLD:ABX3627,Animalia,Arthropoda,Insecta,Diptera,Limoniidae,NA,NA,22,6/21/2017,Egner,B,6/14/2017,63,Single
6212017EGB4,OTU1097,GS,97.2,BOLD:AAN5451,Animalia,Arthropoda,Arachnida,Araneae,Araneidae,Eustala,NA,46,6/21/2017,Egner,B,6/14/2017,63,Single
6212017EGB4,OTU1318,SS,0.75,BOLD:ABV9403,Animalia,Arthropoda,Insecta,NA,NA,NA,NA,2,6/21/2017,Egner,B,6/14/2017,63,Single
6212017EGB4,OTU1350,GS,97.2,BOLD:AAA7067,Animalia,Arthropoda,Insecta,Diptera,Culicidae,Aedes,Aedes vexans,11,6/21/2017,Egner,B,6/14/2017,63,Single
6212017EGB4,OTU1353,SS,0.11,BOLD:ABU9995,Animalia,Arthropoda,Insecta,Diptera,NA,NA,NA,3,6/21/2017,Egner,B,6/14/2017,63,Single
6212017EGB4,OTU1748,SS,0.6,BOLD:ACF8409,Animalia,Arthropoda,Insecta,Diptera,NA,NA,NA,1,6/21/2017,Egner,B,6/14/2017,63,Single
6212017EGB4,OTU1866,SS,0.38,BOLD:ABX3627,Animalia,Arthropoda,Insecta,Diptera,NA,NA,NA,100,6/21/2017,Egner,B,6/14/2017,63,Single
6212017EGB4,OTU1871,SS,0.85,BOLD:AAG3848,Animalia,Arthropoda,Insecta,Diptera,Culicidae,Culex,Culex erraticus,57,6/21/2017,Egner,B,6/14/2017,63,Single
6212017EGB5,OTU4,GS,100,BOLD:AAN5882,Animalia,Arthropoda,Insecta,Diptera,Limoniidae,Erioptera,Erioptera caliptera,9603,6/21/2017,Egner,B,6/14/2017,63,Single
6212017EGB5,OTU5,GS,99.4,BOLD:AAN5451,Animalia,Arthropoda,Arachnida,Araneae,Araneidae,Eustala,NA,2291,6/21/2017,Egner,B,6/14/2017,63,Single
6212017EGB5,OTU9,US,0.7924,BOLD:AAG8502,Animalia,Arthropoda,Insecta,NA,NA,NA,NA,404,6/21/2017,Egner,B,6/14/2017,63,Single
6212017EGB5,OTU14,GS,99.4,BOLD:AAO3940,Animalia,Arthropoda,Insecta,Diptera,Limoniidae,Rhipidia,NA,2922,6/21/2017,Egner,B,6/14/2017,63,Single
6212017EGB5,OTU16,GS,100,BOLD:AAA7067,Animalia,Arthropoda,Insecta,Diptera,Culicidae,Aedes,Aedes vexans,290,6/21/2017,Egner,B,6/14/2017,63,Single
6212017EGB5,OTU34,GS,100,BOLD:AAM6211,Animalia,Arthropoda,Insecta,Diptera,Chironomidae,Glyptotendipes,NA,383,6/21/2017,Egner,B,6/14/2017,63,Single
6212017EGB5,OTU49,GS,99.4,BOLD:AAG4526,Animalia,Arthropoda,Insecta,Diptera,Tipulidae,Tipula,NA,210,6/21/2017,Egner,B,6/14/2017,63,Single
6212017EGB5,OTU51,GS,100,BOLD:AAG1040,Animalia,Arthropoda,Insecta,Lepidoptera,Cosmopterigidae,Perimede,Perimede circitor,27566,6/21/2017,Egner,B,6/14/2017,63,Single
6212017EGB5,OTU68,GS,100,BOLD:AAB7030,Animalia,Arthropoda,Insecta,Diptera,Chironomidae,Chironomus,Chironomus decorus,414,6/21/2017,Egner,B,6/14/2017,63,Single
6212017EGB5,OTU87,US,0,BOLD:ABY2339,Animalia,Arthropoda,Insecta,Diptera,NA,NA,NA,16,6/21/2017,Egner,B,6/14/2017,63,Single
6212017EGB5,OTU89,GS,98.3,BOLD:ABW2415,Animalia,Arthropoda,Insecta,Diptera,Tipulidae,Nephrotoma,Nephrotoma okefenoke,36,6/21/2017,Egner,B,6/14/2017,63,Single
6212017EGB5,OTU136,GS,100,BOLD:AAJ2208,Animalia,Arthropoda,Insecta,Diptera,Limoniidae,Limonia,Limonia immatura,67,6/21/2017,Egner,B,6/14/2017,63,Single
6212017EGB5,OTU198,GS,99.4,BOLD:ABZ1242,Animalia,Arthropoda,Insecta,Diptera,Chironomidae,NA,NA,8,6/21/2017,Egner,B,6/14/2017,63,Single
6212017EGB5,OTU214,GS,99.4,BOLD:AAW6795,Animalia,Arthropoda,Insecta,Diptera,NA,NA,NA,42,6/21/2017,Egner,B,6/14/2017,63,Single
6212017EGB5,OTU258,GS,100,BOLD:ACA7555,Animalia,Arthropoda,Insecta,Diptera,Chironomidae,NA,NA,7,6/21/2017,Egner,B,6/14/2017,63,Single
6212017EGB5,OTU271,GS,98.9,BOLD:ABX3627,Animalia,Arthropoda,Insecta,Diptera,Limoniidae,NA,NA,34,6/21/2017,Egner,B,6/14/2017,63,Single
6212017EGB5,OTU276,SS,0.44,BOLD:ACE7334,Animalia,Arthropoda,Insecta,Diptera,NA,NA,NA,9,6/21/2017,Egner,B,6/14/2017,63,Single
6212017EGB5,OTU283,GS,100,BOLD:AAZ5968,Animalia,Arthropoda,Insecta,Diptera,Limoniidae,NA,NA,3,6/21/2017,Egner,B,6/14/2017,63,Single
6212017EGB5,OTU310,GS,100,BOLD:ABX7479,Animalia,Arthropoda,Insecta,Diptera,Chironomidae,Parachironomus,NA,3,6/21/2017,Egner,B,6/14/2017,63,Single
6212017EGB5,OTU317,GS,99.4,BOLD:ACA8818,Animalia,Arthropoda,Insecta,Hemiptera,Derbidae,Patara,Patara vanduzeei,33,6/21/2017,Egner,B,6/14/2017,63,Single
6212017EGB5,OTU517,US,0,None,Animalia,Arthropoda,Insecta,Diptera,NA,NA,NA,7,6/21/2017,Egner,B,6/14/2017,63,Single
6212017EGB5,OTU543,GS,100,BOLD:AAA7928,Animalia,Arthropoda,Insecta,Lepidoptera,Blastobasidae,Blastobasis,Blastobasis taurusella,1,6/21/2017,Egner,B,6/14/2017,63,Single
6212017EGB5,OTU568,GS,100,BOLD:AAG9675,Animalia,Arthropoda,Insecta,Diptera,Dolichopodidae,NA,NA,15,6/21/2017,Egner,B,6/14/2017,63,Single
6212017EGB5,OTU609,GS,100,BOLD:AAG1032,Animalia,Arthropoda,Insecta,Lepidoptera,NA,NA,NA,2,6/21/2017,Egner,B,6/14/2017,63,Single
6212017EGB5,OTU635,GS,97.2,BOLD:AAN5882,Animalia,Arthropoda,Insecta,Diptera,Limoniidae,Erioptera,Erioptera caliptera,16,6/21/2017,Egner,B,6/14/2017,63,Single
6212017EGB5,OTU798,SS,0.6,BOLD:AAO3940,Animalia,Arthropoda,Insecta,Diptera,NA,NA,NA,5,6/21/2017,Egner,B,6/14/2017,63,Single
6212017EGB5,OTU873,SS,0.57,BOLD:ACL6802,Animalia,Arthropoda,Insecta,Diptera,NA,NA,NA,5,6/21/2017,Egner,B,6/14/2017,63,Single
6212017EGB5,OTU907,SS,0.01,BOLD:AAO3940,Animalia,Arthropoda,Insecta,Diptera,Limoniidae,Rhipidia,NA,27,6/21/2017,Egner,B,6/14/2017,63,Single
6212017EGB5,OTU934,GS,100,BOLD:AAK0004,Animalia,Arthropoda,Arachnida,Araneae,Araneidae,Verrucosa,Verrucosa arenata,2,6/21/2017,Egner,B,6/14/2017,63,Single
6212017EGB5,OTU935,SS,0.01,BOLD:AAO3940,Animalia,Arthropoda,Insecta,Diptera,Limoniidae,Rhipidia,NA,9,6/21/2017,Egner,B,6/14/2017,63,Single
6212017EGB5,OTU952,US,0,BOLD:AAD4292,Animalia,Arthropoda,Insecta,Diptera,NA,NA,NA,7,6/21/2017,Egner,B,6/14/2017,63,Single
6212017EGB5,OTU1053,US,1,BOLD:ACI5356,Animalia,Arthropoda,Insecta,Diptera,NA,NA,NA,4,6/21/2017,Egner,B,6/14/2017,63,Single
6212017EGB5,OTU1060,SS,0.67,BOLD:AAG1040,Animalia,Arthropoda,Insecta,Lepidoptera,NA,NA,NA,210,6/21/2017,Egner,B,6/14/2017,63,Single
6212017EGB5,OTU1090,GS,97.2,BOLD:ABX3627,Animalia,Arthropoda,Insecta,Diptera,Limoniidae,NA,NA,17,6/21/2017,Egner,B,6/14/2017,63,Single
6212017EGB5,OTU1097,GS,97.2,BOLD:AAN5451,Animalia,Arthropoda,Arachnida,Araneae,Araneidae,Eustala,NA,124,6/21/2017,Egner,B,6/14/2017,63,Single
6212017EGB5,OTU1259,US,0,BOLD:ACW9107,Animalia,Arthropoda,Insecta,Hymenoptera,NA,NA,NA,2,6/21/2017,Egner,B,6/14/2017,63,Single
6212017EGB5,OTU1292,GS,97.8,BOLD:AAN5882,Animalia,Arthropoda,Insecta,Diptera,Limoniidae,Erioptera,Erioptera caliptera,90,6/21/2017,Egner,B,6/14/2017,63,Single
6212017EGB5,OTU1296,GS,97.2,BOLD:AAD2334,Animalia,Arthropoda,Insecta,Lepidoptera,Tineidae,Acrolophus,Acrolophus hasbroucki,8,6/21/2017,Egner,B,6/14/2017,63,Single
6212017EGB5,OTU1317,SS,0.01,BOLD:AAN5451,Animalia,Arthropoda,Arachnida,Araneae,Araneidae,Eustala,NA,44,6/21/2017,Egner,B,6/14/2017,63,Single
6212017EGB5,OTU1351,SS,0.94,BOLD:AAB7030,Animalia,Arthropoda,Insecta,Diptera,Chironomidae,Chironomus,Chironomus decorus,181,6/21/2017,Egner,B,6/14/2017,63,Single
6212017EGB5,OTU1414,US,0.3913,None,Animalia,Arthropoda,Malacostraca,Cumacea,NA,NA,NA,5,6/21/2017,Egner,B,6/14/2017,63,Single
6212017EGB5,OTU1434,GS,97.6,BOLD:AAA7067,Animalia,Arthropoda,Insecta,Diptera,Culicidae,Aedes,Aedes vexans,7,6/21/2017,Egner,B,6/14/2017,63,Single
6212017EGB5,OTU1568,US,1,None,Animalia,Arthropoda,Insecta,Coleoptera,NA,NA,NA,21,6/21/2017,Egner,B,6/14/2017,63,Single
6212017EGB5,OTU1678,US,1,BOLD:ACJ4504,Animalia,Arthropoda,Arachnida,Araneae,NA,NA,NA,2,6/21/2017,Egner,B,6/14/2017,63,Single
6212017EGB5,OTU1703,SS,0.06,BOLD:AAG4526,Animalia,Arthropoda,Insecta,Diptera,Tipulidae,Tipula,NA,1,6/21/2017,Egner,B,6/14/2017,63,Single
6212017EGB5,OTU1756,SS,0.97,BOLD:AAG3848,Animalia,Arthropoda,Insecta,Diptera,Culicidae,Culex,Culex erraticus,1,6/21/2017,Egner,B,6/14/2017,63,Single
6212017EGB5,OTU1800,US,0.3913,None,Animalia,Arthropoda,Insecta,Diptera,NA,NA,NA,2,6/21/2017,Egner,B,6/14/2017,63,Single
6212017EGB5,OTU1871,SS,0.85,BOLD:AAG3848,Animalia,Arthropoda,Insecta,Diptera,Culicidae,Culex,Culex erraticus,1,6/21/2017,Egner,B,6/14/2017,63,Single
6212017EGB6,OTU4,GS,100,BOLD:AAN5882,Animalia,Arthropoda,Insecta,Diptera,Limoniidae,Erioptera,Erioptera caliptera,28755,6/21/2017,Egner,B,6/14/2017,63,Single
6212017EGB6,OTU5,GS,99.4,BOLD:AAN5451,Animalia,Arthropoda,Arachnida,Araneae,Araneidae,Eustala,NA,364,6/21/2017,Egner,B,6/14/2017,63,Single
6212017EGB6,OTU18,GS,100,BOLD:ABY8739,Animalia,Arthropoda,Insecta,Diptera,Tabanidae,NA,NA,983,6/21/2017,Egner,B,6/14/2017,63,Single
6212017EGB6,OTU51,GS,100,BOLD:AAG1040,Animalia,Arthropoda,Insecta,Lepidoptera,Cosmopterigidae,Perimede,Perimede circitor,182,6/21/2017,Egner,B,6/14/2017,63,Single
6212017EGB6,OTU115,GS,100,BOLD:AAA4942,Animalia,Arthropoda,Arachnida,Araneae,Tetragnathidae,Tetragnatha,Tetragnatha elongata,51,6/21/2017,Egner,B,6/14/2017,63,Single
6212017EGB6,OTU123,GS,99.4,BOLD:AAM8787,Animalia,Arthropoda,Insecta,Lepidoptera,Gelechiidae,Dichomeris,Dichomeris laetitia,58,6/21/2017,Egner,B,6/14/2017,63,Single
6212017EGB6,OTU284,GS,100,BOLD:AAC6665,Animalia,Arthropoda,Insecta,Lepidoptera,Tortricidae,Aethes,Aethes angulatana,8,6/21/2017,Egner,B,6/14/2017,63,Single
6212017EGB6,OTU317,GS,99.4,BOLD:ACA8818,Animalia,Arthropoda,Insecta,Hemiptera,Derbidae,Patara,Patara vanduzeei,763,6/21/2017,Egner,B,6/14/2017,63,Single
6212017EGB6,OTU391,GS,100,BOLD:AAI2836,Animalia,Arthropoda,Arachnida,Araneae,Philodromidae,Philodromus,Philodromus keyserlingi,6,6/21/2017,Egner,B,6/14/2017,63,Single
6212017EGB6,OTU464,GS,99.4,BOLD:AAA8103,Animalia,Arthropoda,Insecta,Lepidoptera,Depressariidae,Antaeotricha,Antaeotricha leucillana,35,6/21/2017,Egner,B,6/14/2017,63,Single
6212017EGB6,OTU549,GS,100,BOLD:AAM8604,Animalia,Arthropoda,Insecta,Lepidoptera,NA,NA,NA,5,6/21/2017,Egner,B,6/14/2017,63,Single
6212017EGB6,OTU702,SS,0.87,BOLD:AAN6304,Animalia,Arthropoda,Arachnida,Araneae,Araneidae,Araneus,Araneus guttulatus,1,6/21/2017,Egner,B,6/14/2017,63,Single
6212017EGB6,OTU831,US,7e-04,BOLD:AAG4538,Animalia,Arthropoda,Insecta,Coleoptera,NA,NA,NA,1,6/21/2017,Egner,B,6/14/2017,63,Single
6212017EGB6,OTU907,SS,0.01,BOLD:AAO3940,Animalia,Arthropoda,Insecta,Diptera,Limoniidae,Rhipidia,NA,8,6/21/2017,Egner,B,6/14/2017,63,Single
6212017EGB6,OTU949,GS,100,BOLD:AAP3003,Animalia,Arthropoda,Insecta,Diptera,Chironomidae,NA,NA,3,6/21/2017,Egner,B,6/14/2017,63,Single
6212017EGB6,OTU974,GSL,97.8,BOLD:AAI4070,Animalia,Arthropoda,Insecta,Diptera,Tabanidae,Chrysops,NA,3,6/21/2017,Egner,B,6/14/2017,63,Single
6212017EGB6,OTU982,GS,98.3,BOLD:AAP9050,Animalia,Arthropoda,Insecta,Diptera,Ceratopogonidae,NA,NA,2,6/21/2017,Egner,B,6/14/2017,63,Single
6212017EGB6,OTU1060,SS,0.67,BOLD:AAG1040,Animalia,Arthropoda,Insecta,Lepidoptera,NA,NA,NA,8,6/21/2017,Egner,B,6/14/2017,63,Single
6212017EGB6,OTU1070,GS,99.4,BOLD:AAC0184,Animalia,Arthropoda,Insecta,Lepidoptera,Tineidae,Niditinea,Niditinea orleansella,1,6/21/2017,Egner,B,6/14/2017,63,Single
6212017EGB6,OTU1292,GS,97.8,BOLD:AAN5882,Animalia,Arthropoda,Insecta,Diptera,Limoniidae,Erioptera,Erioptera caliptera,5,6/21/2017,Egner,B,6/14/2017,63,Single
6212017EGB6,OTU1296,GS,97.2,BOLD:AAD2334,Animalia,Arthropoda,Insecta,Lepidoptera,Tineidae,Acrolophus,Acrolophus hasbroucki,4,6/21/2017,Egner,B,6/14/2017,63,Single
6212017EGB6,OTU1317,SS,0.01,BOLD:AAN5451,Animalia,Arthropoda,Arachnida,Araneae,Araneidae,Eustala,NA,40,6/21/2017,Egner,B,6/14/2017,63,Single
6212017EGB6,OTU1350,GS,97.2,BOLD:AAA7067,Animalia,Arthropoda,Insecta,Diptera,Culicidae,Aedes,Aedes vexans,9,6/21/2017,Egner,B,6/14/2017,63,Single
6212017EGB6,OTU1351,SS,0.94,BOLD:AAB7030,Animalia,Arthropoda,Insecta,Diptera,Chironomidae,Chironomus,Chironomus decorus,5,6/21/2017,Egner,B,6/14/2017,63,Single
6212017EGB6,OTU1434,GS,97.6,BOLD:AAA7067,Animalia,Arthropoda,Insecta,Diptera,Culicidae,Aedes,Aedes vexans,8,6/21/2017,Egner,B,6/14/2017,63,Single
6212017EGB6,OTU1741,GS,98.3,BOLD:AAP9050,Animalia,Arthropoda,Insecta,Diptera,Ceratopogonidae,NA,NA,1,6/21/2017,Egner,B,6/14/2017,63,Single
6212017EGB6,OTU1920,GS,98.9,BOLD:ABZ1624,Animalia,Arthropoda,Insecta,Lepidoptera,Depressariidae,Machimia,Machimia tentoriferella,1,6/21/2017,Egner,B,6/14/2017,63,Single
6212017EGB6,OTU1923,SS,0.64,BOLD:AAB5367,Animalia,Arthropoda,Insecta,Diptera,Tabanidae,NA,NA,2,6/21/2017,Egner,B,6/14/2017,63,Single
6212017EGB7,OTU1,US,0.0026,BOLD:AAD6798,Animalia,Arthropoda,Insecta,Diptera,NA,NA,NA,171,6/21/2017,Egner,B,6/14/2017,63,Single
6212017EGB7,OTU4,GS,100,BOLD:AAN5882,Animalia,Arthropoda,Insecta,Diptera,Limoniidae,Erioptera,Erioptera caliptera,10794,6/21/2017,Egner,B,6/14/2017,63,Single
6212017EGB7,OTU5,GS,99.4,BOLD:AAN5451,Animalia,Arthropoda,Arachnida,Araneae,Araneidae,Eustala,NA,5559,6/21/2017,Egner,B,6/14/2017,63,Single
6212017EGB7,OTU18,GS,100,BOLD:ABY8739,Animalia,Arthropoda,Insecta,Diptera,Tabanidae,NA,NA,263,6/21/2017,Egner,B,6/14/2017,63,Single
6212017EGB7,OTU25,GS,100,BOLD:ACF0083,Animalia,Arthropoda,Insecta,Diptera,Tabanidae,Tabanus,Tabanus similis,413,6/21/2017,Egner,B,6/14/2017,63,Single
6212017EGB7,OTU68,GS,100,BOLD:AAB7030,Animalia,Arthropoda,Insecta,Diptera,Chironomidae,Chironomus,Chironomus decorus,146,6/21/2017,Egner,B,6/14/2017,63,Single
6212017EGB7,OTU69,GS,98.3,BOLD:ACH3633,Animalia,Arthropoda,Arachnida,Trombidiformes,Pionidae,NA,NA,134,6/21/2017,Egner,B,6/14/2017,63,Single
6212017EGB7,OTU87,US,0,BOLD:ABY2339,Animalia,Arthropoda,Insecta,Diptera,NA,NA,NA,493,6/21/2017,Egner,B,6/14/2017,63,Single
6212017EGB7,OTU97,GS,100,BOLD:AAB7935,Animalia,Arthropoda,Arachnida,Araneae,Araneidae,Eustala,Eustala cepina,137,6/21/2017,Egner,B,6/14/2017,63,Single
6212017EGB7,OTU108,GS,99.4,BOLD:AAC4525,Animalia,Arthropoda,Insecta,Diptera,Chironomidae,Tanytarsus,Tanytarsus guerlus,84,6/21/2017,Egner,B,6/14/2017,63,Single
6212017EGB7,OTU115,GS,100,BOLD:AAA4942,Animalia,Arthropoda,Arachnida,Araneae,Tetragnathidae,Tetragnatha,Tetragnatha elongata,16,6/21/2017,Egner,B,6/14/2017,63,Single
6212017EGB7,OTU123,GS,99.4,BOLD:AAM8787,Animalia,Arthropoda,Insecta,Lepidoptera,Gelechiidae,Dichomeris,Dichomeris laetitia,29,6/21/2017,Egner,B,6/14/2017,63,Single
6212017EGB7,OTU170,US,0.9963,BOLD:ABW9033,Animalia,Arthropoda,Insecta,Hymenoptera,NA,NA,NA,40,6/21/2017,Egner,B,6/14/2017,63,Single
6212017EGB7,OTU198,GS,99.4,BOLD:ABZ1242,Animalia,Arthropoda,Insecta,Diptera,Chironomidae,NA,NA,18,6/21/2017,Egner,B,6/14/2017,63,Single
6212017EGB7,OTU269,GS,97.2,BOLD:AAP9050,Animalia,Arthropoda,Insecta,Diptera,Ceratopogonidae,NA,NA,9,6/21/2017,Egner,B,6/14/2017,63,Single
6212017EGB7,OTU287,GS,98.9,BOLD:AAG5457,Animalia,Arthropoda,Insecta,Diptera,Chironomidae,NA,NA,13,6/21/2017,Egner,B,6/14/2017,63,Single
6212017EGB7,OTU290,GS,100,BOLD:AAE4427,Animalia,Arthropoda,Insecta,Lepidoptera,Tineidae,Xylesthia,Xylesthia pruniramiella,724,6/21/2017,Egner,B,6/14/2017,63,Single
6212017EGB7,OTU317,GS,99.4,BOLD:ACA8818,Animalia,Arthropoda,Insecta,Hemiptera,Derbidae,Patara,Patara vanduzeei,205,6/21/2017,Egner,B,6/14/2017,63,Single
6212017EGB7,OTU327,US,0.9919,BOLD:AAE3250,Animalia,Arthropoda,Arachnida,Trombidiformes,NA,NA,NA,9,6/21/2017,Egner,B,6/14/2017,63,Single
6212017EGB7,OTU467,GS,100,BOLD:AAA8999,Animalia,Arthropoda,Arachnida,Araneae,Araneidae,Larinioides,Larinioides cornutus,74,6/21/2017,Egner,B,6/14/2017,63,Single
6212017EGB7,OTU469,GS,100,BOLD:AAR7014,Animalia,Arthropoda,Insecta,Lepidoptera,Gracillariidae,Neurobathra,Neurobathra strigifinitella,24,6/21/2017,Egner,B,6/14/2017,63,Single
6212017EGB7,OTU486,GS,100,BOLD:ACL3824,Animalia,Arthropoda,Insecta,Diptera,Chironomidae,NA,NA,16,6/21/2017,Egner,B,6/14/2017,63,Single
6212017EGB7,OTU517,US,0,None,Animalia,Arthropoda,Insecta,Diptera,NA,NA,NA,37,6/21/2017,Egner,B,6/14/2017,63,Single
6212017EGB7,OTU541,US,0.9919,BOLD:AAJ2923,Animalia,Arthropoda,Insecta,Hemiptera,NA,NA,NA,4,6/21/2017,Egner,B,6/14/2017,63,Single
6212017EGB7,OTU592,GS,100,BOLD:AAA6431,Animalia,Arthropoda,Insecta,Lepidoptera,Erebidae,Orgyia,Orgyia leucostigma,463,6/21/2017,Egner,B,6/14/2017,63,Single
6212017EGB7,OTU635,GS,97.2,BOLD:AAN5882,Animalia,Arthropoda,Insecta,Diptera,Limoniidae,Erioptera,Erioptera caliptera,18,6/21/2017,Egner,B,6/14/2017,63,Single
6212017EGB7,OTU689,SS,0.68,BOLD:ACR6277,Animalia,Arthropoda,Insecta,Hemiptera,NA,NA,NA,6,6/21/2017,Egner,B,6/14/2017,63,Single
6212017EGB7,OTU737,GS,100,BOLD:AAG3822,Animalia,Arthropoda,Arachnida,Araneae,Anyphaenidae,Anyphaena,NA,15,6/21/2017,Egner,B,6/14/2017,63,Single
6212017EGB7,OTU812,US,0.3913,None,Animalia,Arthropoda,Maxillopoda,Calanoida,NA,NA,NA,10,6/21/2017,Egner,B,6/14/2017,63,Single
6212017EGB7,OTU876,US,0.2887,None,Animalia,Arthropoda,Insecta,Hymenoptera,NA,NA,NA,141,6/21/2017,Egner,B,6/14/2017,63,Single
6212017EGB7,OTU916,GS,100,BOLD:AAB2176,Animalia,Arthropoda,Insecta,Lepidoptera,Gelechiidae,Arogalea,Arogalea cristifasciella,9,6/21/2017,Egner,B,6/14/2017,63,Single
6212017EGB7,OTU982,GS,98.3,BOLD:AAP9050,Animalia,Arthropoda,Insecta,Diptera,Ceratopogonidae,NA,NA,18,6/21/2017,Egner,B,6/14/2017,63,Single
6212017EGB7,OTU1028,US,0.9881,BOLD:ACI4589,Animalia,Arthropoda,Insecta,Coleoptera,NA,NA,NA,14,6/21/2017,Egner,B,6/14/2017,63,Single
6212017EGB7,OTU1058,SS,0.31,BOLD:AAB6284,Animalia,Arthropoda,Insecta,Lepidoptera,NA,NA,NA,102,6/21/2017,Egner,B,6/14/2017,63,Single
6212017EGB7,OTU1070,GS,99.4,BOLD:AAC0184,Animalia,Arthropoda,Insecta,Lepidoptera,Tineidae,Niditinea,Niditinea orleansella,42,6/21/2017,Egner,B,6/14/2017,63,Single
6212017EGB7,OTU1097,GS,97.2,BOLD:AAN5451,Animalia,Arthropoda,Arachnida,Araneae,Araneidae,Eustala,NA,172,6/21/2017,Egner,B,6/14/2017,63,Single
6212017EGB7,OTU1212,SS,0.52,BOLD:ABX7282,Animalia,Arthropoda,Insecta,Hemiptera,NA,NA,NA,1,6/21/2017,Egner,B,6/14/2017,63,Single
6212017EGB7,OTU1244,SS,0.81,BOLD:AAN5882,Animalia,Arthropoda,Insecta,Diptera,Limoniidae,Erioptera,Erioptera caliptera,92,6/21/2017,Egner,B,6/14/2017,63,Single
6212017EGB7,OTU1245,US,0.9936,BOLD:ACC9055,Animalia,Arthropoda,Arachnida,Trombidiformes,NA,NA,NA,51,6/21/2017,Egner,B,6/14/2017,63,Single
6212017EGB7,OTU1292,GS,97.8,BOLD:AAN5882,Animalia,Arthropoda,Insecta,Diptera,Limoniidae,Erioptera,Erioptera caliptera,10,6/21/2017,Egner,B,6/14/2017,63,Single
6212017EGB7,OTU1317,SS,0.01,BOLD:AAN5451,Animalia,Arthropoda,Arachnida,Araneae,Araneidae,Eustala,NA,222,6/21/2017,Egner,B,6/14/2017,63,Single
6212017EGB7,OTU1351,SS,0.94,BOLD:AAB7030,Animalia,Arthropoda,Insecta,Diptera,Chironomidae,Chironomus,Chironomus decorus,12,6/21/2017,Egner,B,6/14/2017,63,Single
6212017EGB7,OTU1466,GS,100,BOLD:AAC6350,Animalia,Arthropoda,Arachnida,Araneae,Theridiidae,Theridion,Theridion murarium,40,6/21/2017,Egner,B,6/14/2017,63,Single
6212017EGB7,OTU1741,GS,98.3,BOLD:AAP9050,Animalia,Arthropoda,Insecta,Diptera,Ceratopogonidae,NA,NA,1,6/21/2017,Egner,B,6/14/2017,63,Single
6212017EGB7,OTU1756,SS,0.97,BOLD:AAG3848,Animalia,Arthropoda,Insecta,Diptera,Culicidae,Culex,Culex erraticus,1,6/21/2017,Egner,B,6/14/2017,63,Single
6212017EGB7,OTU1800,US,0.3913,None,Animalia,Arthropoda,Insecta,Diptera,NA,NA,NA,21,6/21/2017,Egner,B,6/14/2017,63,Single
6212017EGB8,OTU1,US,0.0026,BOLD:AAD6798,Animalia,Arthropoda,Insecta,Diptera,NA,NA,NA,3837,6/21/2017,Egner,B,6/14/2017,63,Single
6212017EGB8,OTU4,GS,100,BOLD:AAN5882,Animalia,Arthropoda,Insecta,Diptera,Limoniidae,Erioptera,Erioptera caliptera,605,6/21/2017,Egner,B,6/14/2017,63,Single
6212017EGB8,OTU5,GS,99.4,BOLD:AAN5451,Animalia,Arthropoda,Arachnida,Araneae,Araneidae,Eustala,NA,6743,6/21/2017,Egner,B,6/14/2017,63,Single
6212017EGB8,OTU10,GS,100,BOLD:ACF3057,Animalia,Arthropoda,Insecta,Lepidoptera,Tineidae,Acrolophus,Acrolophus mortipennella,2734,6/21/2017,Egner,B,6/14/2017,63,Single
6212017EGB8,OTU11,GS,99.4,BOLD:AAG3848,Animalia,Arthropoda,Insecta,Diptera,Culicidae,Culex,Culex erraticus,9088,6/21/2017,Egner,B,6/14/2017,63,Single
6212017EGB8,OTU12,GS,100,BOLD:AAE5173,Animalia,Arthropoda,Insecta,Diptera,Psychodidae,PschodididGC,NA,747,6/21/2017,Egner,B,6/14/2017,63,Single
6212017EGB8,OTU16,GS,100,BOLD:AAA7067,Animalia,Arthropoda,Insecta,Diptera,Culicidae,Aedes,Aedes vexans,1506,6/21/2017,Egner,B,6/14/2017,63,Single
6212017EGB8,OTU33,GS,100,BOLD:AAB8714,Animalia,Arthropoda,Arachnida,Araneae,Tetragnathidae,Leucauge,Leucauge venusta,3836,6/21/2017,Egner,B,6/14/2017,63,Single
6212017EGB8,OTU34,GS,100,BOLD:AAM6211,Animalia,Arthropoda,Insecta,Diptera,Chironomidae,Glyptotendipes,NA,4173,6/21/2017,Egner,B,6/14/2017,63,Single
6212017EGB8,OTU35,GS,100,BOLD:ABW4215,Animalia,Arthropoda,Insecta,Diptera,Chironomidae,Glyptotendipes,Glyptotendipes meridionalis,16596,6/21/2017,Egner,B,6/14/2017,63,Single
6212017EGB8,OTU67,GS,100,BOLD:AAO3948,Animalia,Arthropoda,Insecta,Diptera,Tipulidae,Nephrotoma,Nephrotoma macrocera,1367,6/21/2017,Egner,B,6/14/2017,63,Single
6212017EGB8,OTU71,GSL,100,BOLD:AAA7661,Animalia,Arthropoda,Insecta,Diptera,Culicidae,NA,NA,95,6/21/2017,Egner,B,6/14/2017,63,Single
6212017EGB8,OTU75,GS,99.4,BOLD:AAF4974,Animalia,Arthropoda,Arachnida,Araneae,Theridiidae,Dipoena,Dipoena nigra,243,6/21/2017,Egner,B,6/14/2017,63,Single
6212017EGB8,OTU88,GS,100,BOLD:AAE0434,Animalia,Arthropoda,Insecta,Diptera,Culicidae,Uranotaenia,Uranotaenia sapphirina,233,6/21/2017,Egner,B,6/14/2017,63,Single
6212017EGB8,OTU97,GS,100,BOLD:AAB7935,Animalia,Arthropoda,Arachnida,Araneae,Araneidae,Eustala,Eustala cepina,4579,6/21/2017,Egner,B,6/14/2017,63,Single
6212017EGB8,OTU107,GS,98.9,BOLD:ACD3689,Animalia,Arthropoda,Insecta,Hymenoptera,Diapriidae,NA,NA,65,6/21/2017,Egner,B,6/14/2017,63,Single
6212017EGB8,OTU115,GS,100,BOLD:AAA4942,Animalia,Arthropoda,Arachnida,Araneae,Tetragnathidae,Tetragnatha,Tetragnatha elongata,2547,6/21/2017,Egner,B,6/14/2017,63,Single
6212017EGB8,OTU117,GS,100,BOLD:AAH5449,Animalia,Arthropoda,Insecta,Lepidoptera,Tineidae,Acrolophus,Acrolophus propinqua,86,6/21/2017,Egner,B,6/14/2017,63,Single
6212017EGB8,OTU129,GS,100,BOLD:AAG2647,Animalia,Arthropoda,Insecta,Diptera,Chaoboridae,Chaoborus,Chaoborus punctipennis,147,6/21/2017,Egner,B,6/14/2017,63,Single
6212017EGB8,OTU189,GS,100,BOLD:ABV2225,Animalia,Arthropoda,Insecta,Lepidoptera,Gracillariidae,Caloptilia,NA,50,6/21/2017,Egner,B,6/14/2017,63,Single
6212017EGB8,OTU198,GS,99.4,BOLD:ABZ1242,Animalia,Arthropoda,Insecta,Diptera,Chironomidae,NA,NA,31,6/21/2017,Egner,B,6/14/2017,63,Single
6212017EGB8,OTU258,GS,100,BOLD:ACA7555,Animalia,Arthropoda,Insecta,Diptera,Chironomidae,NA,NA,26,6/21/2017,Egner,B,6/14/2017,63,Single
6212017EGB8,OTU270,GS,100,BOLD:AAB6541,Animalia,Arthropoda,Insecta,Lepidoptera,Gelechiidae,Coleotechnites,Coleotechnites florae,38,6/21/2017,Egner,B,6/14/2017,63,Single
6212017EGB8,OTU284,GS,100,BOLD:AAC6665,Animalia,Arthropoda,Insecta,Lepidoptera,Tortricidae,Aethes,Aethes angulatana,115,6/21/2017,Egner,B,6/14/2017,63,Single
6212017EGB8,OTU310,GS,100,BOLD:ABX7479,Animalia,Arthropoda,Insecta,Diptera,Chironomidae,Parachironomus,NA,37,6/21/2017,Egner,B,6/14/2017,63,Single
6212017EGB8,OTU341,GS,98.3,BOLD:AAB4915,Animalia,Arthropoda,Insecta,Lepidoptera,Tortricidae,Episimus,Episimus argutana,269,6/21/2017,Egner,B,6/14/2017,63,Single
6212017EGB8,OTU467,GS,100,BOLD:AAA8999,Animalia,Arthropoda,Arachnida,Araneae,Araneidae,Larinioides,Larinioides cornutus,126,6/21/2017,Egner,B,6/14/2017,63,Single
6212017EGB8,OTU498,GSL,99.4,BOLD:AAI2160,Animalia,Arthropoda,Insecta,Odonata,Coenagrionidae,Ischnura,Ischnura posita,484,6/21/2017,Egner,B,6/14/2017,63,Single
6212017EGB8,OTU549,GS,100,BOLD:AAM8604,Animalia,Arthropoda,Insecta,Lepidoptera,NA,NA,NA,24,6/21/2017,Egner,B,6/14/2017,63,Single
6212017EGB8,OTU574,GS,100,BOLD:AAB7238,Animalia,Arthropoda,Insecta,Lepidoptera,Tortricidae,Ancylis,Ancylis platanana,34,6/21/2017,Egner,B,6/14/2017,63,Single
6212017EGB8,OTU622,US,0.2887,BOLD:ABW5483,Animalia,Arthropoda,Maxillopoda,Calanoida,NA,NA,NA,18,6/21/2017,Egner,B,6/14/2017,63,Single
6212017EGB8,OTU665,GS,100,BOLD:AAW4535,Animalia,Arthropoda,Arachnida,Araneae,Araneidae,Araneus,Araneus marmoreus,3,6/21/2017,Egner,B,6/14/2017,63,Single
6212017EGB8,OTU812,US,0.3913,None,Animalia,Arthropoda,Maxillopoda,Calanoida,NA,NA,NA,48,6/21/2017,Egner,B,6/14/2017,63,Single
6212017EGB8,OTU822,GS,97.8,BOLD:ACU1440,Animalia,Arthropoda,Insecta,Blattodea,Ectobiidae,Parcoblatta,Parcoblatta lata,65,6/21/2017,Egner,B,6/14/2017,63,Single
6212017EGB8,OTU828,US,1,None,Animalia,Arthropoda,Insecta,Orthoptera,NA,NA,NA,14,6/21/2017,Egner,B,6/14/2017,63,Single
6212017EGB8,OTU983,US,0.8732,BOLD:ACS8552,Animalia,Arthropoda,Insecta,Diptera,NA,NA,NA,22,6/21/2017,Egner,B,6/14/2017,63,Single
6212017EGB8,OTU1097,GS,97.2,BOLD:AAN5451,Animalia,Arthropoda,Arachnida,Araneae,Araneidae,Eustala,NA,2875,6/21/2017,Egner,B,6/14/2017,63,Single
6212017EGB8,OTU1129,US,1,BOLD:ACA6588,Animalia,Arthropoda,Arachnida,Araneae,NA,NA,NA,62,6/21/2017,Egner,B,6/14/2017,63,Single
6212017EGB8,OTU1130,SS,0.64,BOLD:AAN4385,Animalia,Arthropoda,Insecta,Diptera,NA,NA,NA,1,6/21/2017,Egner,B,6/14/2017,63,Single
6212017EGB8,OTU1268,GS,97.8,BOLD:AAM6211,Animalia,Arthropoda,Insecta,Diptera,Chironomidae,Glyptotendipes,NA,64,6/21/2017,Egner,B,6/14/2017,63,Single
6212017EGB8,OTU1292,GS,97.8,BOLD:AAN5882,Animalia,Arthropoda,Insecta,Diptera,Limoniidae,Erioptera,Erioptera caliptera,10,6/21/2017,Egner,B,6/14/2017,63,Single
6212017EGB8,OTU1296,GS,97.2,BOLD:AAD2334,Animalia,Arthropoda,Insecta,Lepidoptera,Tineidae,Acrolophus,Acrolophus hasbroucki,285,6/21/2017,Egner,B,6/14/2017,63,Single
6212017EGB8,OTU1317,SS,0.01,BOLD:AAN5451,Animalia,Arthropoda,Arachnida,Araneae,Araneidae,Eustala,NA,42,6/21/2017,Egner,B,6/14/2017,63,Single
6212017EGB8,OTU1350,GS,97.2,BOLD:AAA7067,Animalia,Arthropoda,Insecta,Diptera,Culicidae,Aedes,Aedes vexans,7,6/21/2017,Egner,B,6/14/2017,63,Single
6212017EGB8,OTU1434,GS,97.6,BOLD:AAA7067,Animalia,Arthropoda,Insecta,Diptera,Culicidae,Aedes,Aedes vexans,9,6/21/2017,Egner,B,6/14/2017,63,Single
6212017EGB8,OTU1458,US,0.3913,None,Animalia,Arthropoda,Maxillopoda,Calanoida,NA,NA,NA,8,6/21/2017,Egner,B,6/14/2017,63,Single
6212017EGB8,OTU1513,GS,97.8,BOLD:ACL2801,Animalia,Arthropoda,Insecta,Diptera,Tipulidae,Nephrotoma,Nephrotoma macrocera,19,6/21/2017,Egner,B,6/14/2017,63,Single
6212017EGB8,OTU1579,GS,100,BOLD:ABW0894,Animalia,Arthropoda,Insecta,Lepidoptera,Noctuidae,Pseudeustrotia,Pseudeustrotia indeterminata,32,6/21/2017,Egner,B,6/14/2017,63,Single
6212017EGB8,OTU1601,US,1,BOLD:ACB3509,Animalia,Arthropoda,Arachnida,Araneae,NA,NA,NA,20,6/21/2017,Egner,B,6/14/2017,63,Single
6212017EGB8,OTU1719,GS,97.2,BOLD:AAG0149,Animalia,Arthropoda,Insecta,Lepidoptera,NA,NA,NA,7,6/21/2017,Egner,B,6/14/2017,63,Single
6212017EGB8,OTU1756,SS,0.97,BOLD:AAG3848,Animalia,Arthropoda,Insecta,Diptera,Culicidae,Culex,Culex erraticus,23,6/21/2017,Egner,B,6/14/2017,63,Single
6212017EGB8,OTU1796,GS,97.2,BOLD:AAB4915,Animalia,Arthropoda,Insecta,Lepidoptera,Tortricidae,Episimus,Episimus argutana,13,6/21/2017,Egner,B,6/14/2017,63,Single
6212017EGB8,OTU1843,US,1,BOLD:ACM5459,Animalia,Arthropoda,Arachnida,Araneae,NA,NA,NA,2,6/21/2017,Egner,B,6/14/2017,63,Single
6212017EGB8,OTU1871,SS,0.85,BOLD:AAG3848,Animalia,Arthropoda,Insecta,Diptera,Culicidae,Culex,Culex erraticus,51,6/21/2017,Egner,B,6/14/2017,63,Single
6212017EGB8,OTU1878,SS,0.78,BOLD:ABW4215,Animalia,Arthropoda,Insecta,Diptera,NA,NA,NA,19,6/21/2017,Egner,B,6/14/2017,63,Single
6212017EGB8,OTU1879,GS,100,BOLD:AAD1564,Animalia,Arthropoda,Arachnida,Araneae,Clubionidae,Clubiona,Clubiona abboti,14,6/21/2017,Egner,B,6/14/2017,63,Single
6212017EGB9,OTU1,US,0.0026,BOLD:AAD6798,Animalia,Arthropoda,Insecta,Diptera,NA,NA,NA,820,6/21/2017,Egner,B,6/14/2017,63,Single
6212017EGB9,OTU5,GS,99.4,BOLD:AAN5451,Animalia,Arthropoda,Arachnida,Araneae,Araneidae,Eustala,NA,16093,6/21/2017,Egner,B,6/14/2017,63,Single
6212017EGB9,OTU18,GS,100,BOLD:ABY8739,Animalia,Arthropoda,Insecta,Diptera,Tabanidae,NA,NA,18616,6/21/2017,Egner,B,6/14/2017,63,Single
6212017EGB9,OTU87,US,0,BOLD:ABY2339,Animalia,Arthropoda,Insecta,Diptera,NA,NA,NA,18,6/21/2017,Egner,B,6/14/2017,63,Single
6212017EGB9,OTU115,GS,100,BOLD:AAA4942,Animalia,Arthropoda,Arachnida,Araneae,Tetragnathidae,Tetragnatha,Tetragnatha elongata,170,6/21/2017,Egner,B,6/14/2017,63,Single
6212017EGB9,OTU273,SS,0.29,BOLD:AAC8291,Animalia,Arthropoda,Insecta,Diptera,Tabanidae,Chrysops,NA,36,6/21/2017,Egner,B,6/14/2017,63,Single
6212017EGB9,OTU276,SS,0.44,BOLD:ACE7334,Animalia,Arthropoda,Insecta,Diptera,NA,NA,NA,115,6/21/2017,Egner,B,6/14/2017,63,Single
6212017EGB9,OTU282,SS,0.66,BOLD:AAG4564,Animalia,Arthropoda,Insecta,Diptera,NA,NA,NA,423,6/21/2017,Egner,B,6/14/2017,63,Single
6212017EGB9,OTU283,GS,100,BOLD:AAZ5968,Animalia,Arthropoda,Insecta,Diptera,Limoniidae,NA,NA,16,6/21/2017,Egner,B,6/14/2017,63,Single
6212017EGB9,OTU290,GS,100,BOLD:AAE4427,Animalia,Arthropoda,Insecta,Lepidoptera,Tineidae,Xylesthia,Xylesthia pruniramiella,6,6/21/2017,Egner,B,6/14/2017,63,Single
6212017EGB9,OTU345,US,0.986,BOLD:ACE7334,Animalia,Arthropoda,Insecta,Diptera,NA,NA,NA,47,6/21/2017,Egner,B,6/14/2017,63,Single
6212017EGB9,OTU475,US,0.9249,BOLD:ACE7334,Animalia,Arthropoda,Insecta,Diptera,NA,NA,NA,133,6/21/2017,Egner,B,6/14/2017,63,Single
6212017EGB9,OTU523,US,0,BOLD:ACE7334,Animalia,Arthropoda,Insecta,Diptera,NA,NA,NA,12,6/21/2017,Egner,B,6/14/2017,63,Single
6212017EGB9,OTU538,SS,0.61,BOLD:AAG4564,Animalia,Arthropoda,Insecta,Diptera,NA,NA,NA,20,6/21/2017,Egner,B,6/14/2017,63,Single
6212017EGB9,OTU551,SS,0.63,BOLD:ACE7334,Animalia,Arthropoda,Insecta,Diptera,NA,NA,NA,3,6/21/2017,Egner,B,6/14/2017,63,Single
6212017EGB9,OTU553,SS,0.41,BOLD:AAC8291,Animalia,Arthropoda,Insecta,Diptera,Tabanidae,Chrysops,NA,36,6/21/2017,Egner,B,6/14/2017,63,Single
6212017EGB9,OTU578,US,0.986,BOLD:ACE7332,Animalia,Arthropoda,Insecta,Diptera,NA,NA,NA,45,6/21/2017,Egner,B,6/14/2017,63,Single
6212017EGB9,OTU594,SS,0.18,BOLD:ABY8739,Animalia,Arthropoda,Insecta,Diptera,Tabanidae,NA,NA,39,6/21/2017,Egner,B,6/14/2017,63,Single
6212017EGB9,OTU614,GS,97.9,BOLD:AAC8291,Animalia,Arthropoda,Insecta,Diptera,Tabanidae,Chrysops,Chrysops montanus,29,6/21/2017,Egner,B,6/14/2017,63,Single
6212017EGB9,OTU668,SS,0.25,BOLD:AAC8291,Animalia,Arthropoda,Insecta,Diptera,Tabanidae,Chrysops,NA,37,6/21/2017,Egner,B,6/14/2017,63,Single
6212017EGB9,OTU899,SS,0.79,BOLD:ACE7334,Animalia,Arthropoda,Insecta,Diptera,Tabanidae,NA,NA,9,6/21/2017,Egner,B,6/14/2017,63,Single
6212017EGB9,OTU974,GSL,97.8,BOLD:AAI4070,Animalia,Arthropoda,Insecta,Diptera,Tabanidae,Chrysops,NA,10,6/21/2017,Egner,B,6/14/2017,63,Single
6212017EGB9,OTU1087,GS,97.2,BOLD:AAB5367,Animalia,Arthropoda,Insecta,Diptera,Tabanidae,Chrysops,Chrysops vittatus,9,6/21/2017,Egner,B,6/14/2017,63,Single
6212017EGB9,OTU1097,GS,97.2,BOLD:AAN5451,Animalia,Arthropoda,Arachnida,Araneae,Araneidae,Eustala,NA,119,6/21/2017,Egner,B,6/14/2017,63,Single
6212017EGB9,OTU1272,SS,0.22,BOLD:AAD8585,Animalia,Arthropoda,Insecta,Diptera,Tabanidae,Chrysops,NA,3,6/21/2017,Egner,B,6/14/2017,63,Single
6212017EGB9,OTU1317,SS,0.01,BOLD:AAN5451,Animalia,Arthropoda,Arachnida,Araneae,Araneidae,Eustala,NA,6,6/21/2017,Egner,B,6/14/2017,63,Single
6212017EGB9,OTU1656,US,0.9715,BOLD:AAD6798,Animalia,Arthropoda,Insecta,Diptera,NA,NA,NA,16,6/21/2017,Egner,B,6/14/2017,63,Single
6212017EGB9,OTU1923,SS,0.64,BOLD:AAB5367,Animalia,Arthropoda,Insecta,Diptera,Tabanidae,NA,NA,6,6/21/2017,Egner,B,6/14/2017,63,Single
6212017EGC1,OTU1,US,0.0026,BOLD:AAD6798,Animalia,Arthropoda,Insecta,Diptera,NA,NA,NA,429,6/21/2017,Egner,C,6/14/2017,37,Single
6212017EGC1,OTU4,GS,100,BOLD:AAN5882,Animalia,Arthropoda,Insecta,Diptera,Limoniidae,Erioptera,Erioptera caliptera,254,6/21/2017,Egner,C,6/14/2017,37,Single
6212017EGC1,OTU5,GS,99.4,BOLD:AAN5451,Animalia,Arthropoda,Arachnida,Araneae,Araneidae,Eustala,NA,17364,6/21/2017,Egner,C,6/14/2017,37,Single
6212017EGC1,OTU14,GS,99.4,BOLD:AAO3940,Animalia,Arthropoda,Insecta,Diptera,Limoniidae,Rhipidia,NA,734,6/21/2017,Egner,C,6/14/2017,37,Single
6212017EGC1,OTU18,GS,100,BOLD:ABY8739,Animalia,Arthropoda,Insecta,Diptera,Tabanidae,NA,NA,20843,6/21/2017,Egner,C,6/14/2017,37,Single
6212017EGC1,OTU87,US,0,BOLD:ABY2339,Animalia,Arthropoda,Insecta,Diptera,NA,NA,NA,1353,6/21/2017,Egner,C,6/14/2017,37,Single
6212017EGC1,OTU97,GS,100,BOLD:AAB7935,Animalia,Arthropoda,Arachnida,Araneae,Araneidae,Eustala,Eustala cepina,385,6/21/2017,Egner,C,6/14/2017,37,Single
6212017EGC1,OTU231,GS,100,BOLD:AAD2590,Animalia,Arthropoda,Insecta,Lepidoptera,Gracillariidae,Caloptilia,Caloptilia packardella,19,6/21/2017,Egner,C,6/14/2017,37,Single
6212017EGC1,OTU273,SS,0.29,BOLD:AAC8291,Animalia,Arthropoda,Insecta,Diptera,Tabanidae,Chrysops,NA,524,6/21/2017,Egner,C,6/14/2017,37,Single
6212017EGC1,OTU276,SS,0.44,BOLD:ACE7334,Animalia,Arthropoda,Insecta,Diptera,NA,NA,NA,202,6/21/2017,Egner,C,6/14/2017,37,Single
6212017EGC1,OTU282,SS,0.66,BOLD:AAG4564,Animalia,Arthropoda,Insecta,Diptera,NA,NA,NA,176,6/21/2017,Egner,C,6/14/2017,37,Single
6212017EGC1,OTU321,GS,98.3,BOLD:AAG4816,Animalia,Arthropoda,Arachnida,Araneae,Theridiidae,Anelosimus,Anelosimus studiosus,25,6/21/2017,Egner,C,6/14/2017,37,Single
6212017EGC1,OTU345,US,0.986,BOLD:ACE7334,Animalia,Arthropoda,Insecta,Diptera,NA,NA,NA,157,6/21/2017,Egner,C,6/14/2017,37,Single
6212017EGC1,OTU385,GS,100,BOLD:AAH7158,Animalia,Arthropoda,Insecta,Diptera,Sarcophagidae,Ravinia,Ravinia stimulans,164,6/21/2017,Egner,C,6/14/2017,37,Single
6212017EGC1,OTU475,US,0.9249,BOLD:ACE7334,Animalia,Arthropoda,Insecta,Diptera,NA,NA,NA,89,6/21/2017,Egner,C,6/14/2017,37,Single
6212017EGC1,OTU523,US,0,BOLD:ACE7334,Animalia,Arthropoda,Insecta,Diptera,NA,NA,NA,77,6/21/2017,Egner,C,6/14/2017,37,Single
6212017EGC1,OTU538,SS,0.61,BOLD:AAG4564,Animalia,Arthropoda,Insecta,Diptera,NA,NA,NA,25,6/21/2017,Egner,C,6/14/2017,37,Single
6212017EGC1,OTU551,SS,0.63,BOLD:ACE7334,Animalia,Arthropoda,Insecta,Diptera,NA,NA,NA,42,6/21/2017,Egner,C,6/14/2017,37,Single
6212017EGC1,OTU553,SS,0.41,BOLD:AAC8291,Animalia,Arthropoda,Insecta,Diptera,Tabanidae,Chrysops,NA,61,6/21/2017,Egner,C,6/14/2017,37,Single
6212017EGC1,OTU563,GS,100,BOLD:AAH7221,Animalia,Arthropoda,Insecta,Neuroptera,Mantispidae,Dicromantispa,Dicromantispa sayi,26,6/21/2017,Egner,C,6/14/2017,37,Single
6212017EGC1,OTU568,GS,100,BOLD:AAG9675,Animalia,Arthropoda,Insecta,Diptera,Dolichopodidae,NA,NA,42,6/21/2017,Egner,C,6/14/2017,37,Single
6212017EGC1,OTU578,US,0.986,BOLD:ACE7332,Animalia,Arthropoda,Insecta,Diptera,NA,NA,NA,28,6/21/2017,Egner,C,6/14/2017,37,Single
6212017EGC1,OTU594,SS,0.18,BOLD:ABY8739,Animalia,Arthropoda,Insecta,Diptera,Tabanidae,NA,NA,87,6/21/2017,Egner,C,6/14/2017,37,Single
6212017EGC1,OTU614,GS,97.9,BOLD:AAC8291,Animalia,Arthropoda,Insecta,Diptera,Tabanidae,Chrysops,Chrysops montanus,66,6/21/2017,Egner,C,6/14/2017,37,Single
6212017EGC1,OTU668,SS,0.25,BOLD:AAC8291,Animalia,Arthropoda,Insecta,Diptera,Tabanidae,Chrysops,NA,22,6/21/2017,Egner,C,6/14/2017,37,Single
6212017EGC1,OTU899,SS,0.79,BOLD:ACE7334,Animalia,Arthropoda,Insecta,Diptera,Tabanidae,NA,NA,9,6/21/2017,Egner,C,6/14/2017,37,Single
6212017EGC1,OTU974,GSL,97.8,BOLD:AAI4070,Animalia,Arthropoda,Insecta,Diptera,Tabanidae,Chrysops,NA,4,6/21/2017,Egner,C,6/14/2017,37,Single
6212017EGC1,OTU982,GS,98.3,BOLD:AAP9050,Animalia,Arthropoda,Insecta,Diptera,Ceratopogonidae,NA,NA,8,6/21/2017,Egner,C,6/14/2017,37,Single
6212017EGC1,OTU1046,SS,0.46,BOLD:ACE7334,Animalia,Arthropoda,Insecta,Diptera,NA,NA,NA,13,6/21/2017,Egner,C,6/14/2017,37,Single
6212017EGC1,OTU1087,GS,97.2,BOLD:AAB5367,Animalia,Arthropoda,Insecta,Diptera,Tabanidae,Chrysops,Chrysops vittatus,7,6/21/2017,Egner,C,6/14/2017,37,Single
6212017EGC1,OTU1097,GS,97.2,BOLD:AAN5451,Animalia,Arthropoda,Arachnida,Araneae,Araneidae,Eustala,NA,292,6/21/2017,Egner,C,6/14/2017,37,Single
6212017EGC1,OTU1272,SS,0.22,BOLD:AAD8585,Animalia,Arthropoda,Insecta,Diptera,Tabanidae,Chrysops,NA,2,6/21/2017,Egner,C,6/14/2017,37,Single
6212017EGC1,OTU1274,GS,98.9,BOLD:AAG6465,Animalia,Arthropoda,Insecta,Diptera,Ceratopogonidae,NA,NA,15,6/21/2017,Egner,C,6/14/2017,37,Single
6212017EGC1,OTU1317,SS,0.01,BOLD:AAN5451,Animalia,Arthropoda,Arachnida,Araneae,Araneidae,Eustala,NA,10,6/21/2017,Egner,C,6/14/2017,37,Single
6212017EGC1,OTU1389,US,3e-04,BOLD:AAL9979,Animalia,Arthropoda,Arachnida,Araneae,NA,NA,NA,36,6/21/2017,Egner,C,6/14/2017,37,Single
6212017EGC1,OTU1656,US,0.9715,BOLD:AAD6798,Animalia,Arthropoda,Insecta,Diptera,NA,NA,NA,17,6/21/2017,Egner,C,6/14/2017,37,Single
6212017EGC1,OTU1703,SS,0.06,BOLD:AAG4526,Animalia,Arthropoda,Insecta,Diptera,Tipulidae,Tipula,NA,1,6/21/2017,Egner,C,6/14/2017,37,Single
6212017EGC1,OTU1741,GS,98.3,BOLD:AAP9050,Animalia,Arthropoda,Insecta,Diptera,Ceratopogonidae,NA,NA,1,6/21/2017,Egner,C,6/14/2017,37,Single
6212017EGC1,OTU1800,US,0.3913,None,Animalia,Arthropoda,Insecta,Diptera,NA,NA,NA,40,6/21/2017,Egner,C,6/14/2017,37,Single
6212017EGC1,OTU1923,SS,0.64,BOLD:AAB5367,Animalia,Arthropoda,Insecta,Diptera,Tabanidae,NA,NA,70,6/21/2017,Egner,C,6/14/2017,37,Single
6212017EGC10,OTU1,US,0.0026,BOLD:AAD6798,Animalia,Arthropoda,Insecta,Diptera,NA,NA,NA,270,6/21/2017,Egner,C,6/14/2017,37,Single
6212017EGC10,OTU5,GS,99.4,BOLD:AAN5451,Animalia,Arthropoda,Arachnida,Araneae,Araneidae,Eustala,NA,1502,6/21/2017,Egner,C,6/14/2017,37,Single
6212017EGC10,OTU10,GS,100,BOLD:ACF3057,Animalia,Arthropoda,Insecta,Lepidoptera,Tineidae,Acrolophus,Acrolophus mortipennella,500,6/21/2017,Egner,C,6/14/2017,37,Single
6212017EGC10,OTU12,GS,100,BOLD:AAE5173,Animalia,Arthropoda,Insecta,Diptera,Psychodidae,PschodididGC,NA,35906,6/21/2017,Egner,C,6/14/2017,37,Single
6212017EGC10,OTU33,GS,100,BOLD:AAB8714,Animalia,Arthropoda,Arachnida,Araneae,Tetragnathidae,Leucauge,Leucauge venusta,249,6/21/2017,Egner,C,6/14/2017,37,Single
6212017EGC10,OTU93,GS,99.4,BOLD:AAM4329,Animalia,Arthropoda,Insecta,Hemiptera,Cimicidae,Cimex,Cimex adjunctus,42,6/21/2017,Egner,C,6/14/2017,37,Single
6212017EGC10,OTU115,GS,100,BOLD:AAA4942,Animalia,Arthropoda,Arachnida,Araneae,Tetragnathidae,Tetragnatha,Tetragnatha elongata,22,6/21/2017,Egner,C,6/14/2017,37,Single
6212017EGC10,OTU256,GS,98.3,BOLD:AAF9035,Animalia,Arthropoda,Insecta,Diptera,Tipulidae,Nephrotoma,Nephrotoma alterna,22,6/21/2017,Egner,C,6/14/2017,37,Single
6212017EGC10,OTU272,GS,100,BOLD:AAJ3819,Animalia,Arthropoda,Insecta,Diptera,Clusiidae,Sobarocephala,Sobarocephala setipes,2,6/21/2017,Egner,C,6/14/2017,37,Single
6212017EGC10,OTU357,GS,98.9,BOLD:ABX3356,Animalia,Arthropoda,Insecta,Diptera,Chironomidae,Chironomus,NA,5,6/21/2017,Egner,C,6/14/2017,37,Single
6212017EGC10,OTU692,GS,100,BOLD:ABW5646,Animalia,Arthropoda,Insecta,Psocodea,Psocidae,Cerastipsocus,NA,5,6/21/2017,Egner,C,6/14/2017,37,Single
6212017EGC10,OTU746,GS,100,BOLD:AAB7995,Animalia,Arthropoda,Arachnida,Araneae,Tetragnathidae,Tetragnatha,Tetragnatha shoshone,5,6/21/2017,Egner,C,6/14/2017,37,Single
6212017EGC10,OTU867,GS,100,BOLD:AAC8834,Animalia,Arthropoda,Arachnida,Araneae,Araneidae,Mecynogea,Mecynogea lemniscata,1,6/21/2017,Egner,C,6/14/2017,37,Single
6212017EGC10,OTU929,GS,100,BOLD:AAA5051,Animalia,Arthropoda,Insecta,Lepidoptera,Crambidae,Desmia,Desmia funeralis,8,6/21/2017,Egner,C,6/14/2017,37,Single
6212017EGC10,OTU1038,GS,99.4,BOLD:AAC7835,Animalia,Arthropoda,Insecta,Lepidoptera,Erebidae,Spiloloma,Spiloloma lunilinea,18,6/21/2017,Egner,C,6/14/2017,37,Single
6212017EGC10,OTU1040,SS,0.14,BOLD:AAU6662,Animalia,Arthropoda,Insecta,Diptera,NA,NA,NA,1,6/21/2017,Egner,C,6/14/2017,37,Single
6212017EGC10,OTU1097,GS,97.2,BOLD:AAN5451,Animalia,Arthropoda,Arachnida,Araneae,Araneidae,Eustala,NA,56,6/21/2017,Egner,C,6/14/2017,37,Single
6212017EGC10,OTU1292,GS,97.8,BOLD:AAN5882,Animalia,Arthropoda,Insecta,Diptera,Limoniidae,Erioptera,Erioptera caliptera,16,6/21/2017,Egner,C,6/14/2017,37,Single
6212017EGC10,OTU1296,GS,97.2,BOLD:AAD2334,Animalia,Arthropoda,Insecta,Lepidoptera,Tineidae,Acrolophus,Acrolophus hasbroucki,56,6/21/2017,Egner,C,6/14/2017,37,Single
6212017EGC10,OTU1317,SS,0.01,BOLD:AAN5451,Animalia,Arthropoda,Arachnida,Araneae,Araneidae,Eustala,NA,6,6/21/2017,Egner,C,6/14/2017,37,Single
6212017EGC10,OTU1351,SS,0.94,BOLD:AAB7030,Animalia,Arthropoda,Insecta,Diptera,Chironomidae,Chironomus,Chironomus decorus,6,6/21/2017,Egner,C,6/14/2017,37,Single
6212017EGC10,OTU1672,GS,100,BOLD:AAC1365,Animalia,Arthropoda,Insecta,Lepidoptera,Tortricidae,Proteoteras,Proteoteras moffatiana,30,6/21/2017,Egner,C,6/14/2017,37,Single
6212017EGC10,OTU1719,GS,97.2,BOLD:AAG0149,Animalia,Arthropoda,Insecta,Lepidoptera,NA,NA,NA,1,6/21/2017,Egner,C,6/14/2017,37,Single
6212017EGC10,OTU1819,US,0.9844,BOLD:AAE5173,Animalia,Arthropoda,Insecta,Diptera,NA,NA,NA,2,6/21/2017,Egner,C,6/14/2017,37,Single
6212017EGC10,OTU1871,SS,0.85,BOLD:AAG3848,Animalia,Arthropoda,Insecta,Diptera,Culicidae,Culex,Culex erraticus,1,6/21/2017,Egner,C,6/14/2017,37,Single
6212017EGC2,OTU1,US,0.0026,BOLD:AAD6798,Animalia,Arthropoda,Insecta,Diptera,NA,NA,NA,1054,6/21/2017,Egner,C,6/14/2017,37,Single
6212017EGC2,OTU5,GS,99.4,BOLD:AAN5451,Animalia,Arthropoda,Arachnida,Araneae,Araneidae,Eustala,NA,27349,6/21/2017,Egner,C,6/14/2017,37,Single
6212017EGC2,OTU11,GS,99.4,BOLD:AAG3848,Animalia,Arthropoda,Insecta,Diptera,Culicidae,Culex,Culex erraticus,334,6/21/2017,Egner,C,6/14/2017,37,Single
6212017EGC2,OTU15,GS,100,BOLD:ABZ0908,Animalia,Arthropoda,Insecta,Diptera,Tipulidae,Nephrotoma,Nephrotoma ferruginea,453,6/21/2017,Egner,C,6/14/2017,37,Single
6212017EGC2,OTU18,GS,100,BOLD:ABY8739,Animalia,Arthropoda,Insecta,Diptera,Tabanidae,NA,NA,436,6/21/2017,Egner,C,6/14/2017,37,Single
6212017EGC2,OTU25,GS,100,BOLD:ACF0083,Animalia,Arthropoda,Insecta,Diptera,Tabanidae,Tabanus,Tabanus similis,1059,6/21/2017,Egner,C,6/14/2017,37,Single
6212017EGC2,OTU34,GS,100,BOLD:AAM6211,Animalia,Arthropoda,Insecta,Diptera,Chironomidae,Glyptotendipes,NA,741,6/21/2017,Egner,C,6/14/2017,37,Single
6212017EGC2,OTU35,GS,100,BOLD:ABW4215,Animalia,Arthropoda,Insecta,Diptera,Chironomidae,Glyptotendipes,Glyptotendipes meridionalis,263,6/21/2017,Egner,C,6/14/2017,37,Single
6212017EGC2,OTU68,GS,100,BOLD:AAB7030,Animalia,Arthropoda,Insecta,Diptera,Chironomidae,Chironomus,Chironomus decorus,281,6/21/2017,Egner,C,6/14/2017,37,Single
6212017EGC2,OTU87,US,0,BOLD:ABY2339,Animalia,Arthropoda,Insecta,Diptera,NA,NA,NA,398,6/21/2017,Egner,C,6/14/2017,37,Single
6212017EGC2,OTU94,US,0,BOLD:ACO4929,Animalia,Arthropoda,Insecta,Hymenoptera,NA,NA,NA,207,6/21/2017,Egner,C,6/14/2017,37,Single
6212017EGC2,OTU190,GS,100,BOLD:ABY7666,Animalia,Arthropoda,Insecta,Diptera,Culicidae,Culex,Culex territans,15,6/21/2017,Egner,C,6/14/2017,37,Single
6212017EGC2,OTU198,GS,99.4,BOLD:ABZ1242,Animalia,Arthropoda,Insecta,Diptera,Chironomidae,NA,NA,27,6/21/2017,Egner,C,6/14/2017,37,Single
6212017EGC2,OTU215,GS,100,BOLD:AAA2490,Animalia,Arthropoda,Insecta,Lepidoptera,Crambidae,Palpita,Palpita magniferalis,38,6/21/2017,Egner,C,6/14/2017,37,Single
6212017EGC2,OTU269,GS,97.2,BOLD:AAP9050,Animalia,Arthropoda,Insecta,Diptera,Ceratopogonidae,NA,NA,28,6/21/2017,Egner,C,6/14/2017,37,Single
6212017EGC2,OTU272,GS,100,BOLD:AAJ3819,Animalia,Arthropoda,Insecta,Diptera,Clusiidae,Sobarocephala,Sobarocephala setipes,32,6/21/2017,Egner,C,6/14/2017,37,Single
6212017EGC2,OTU277,GS,99.4,BOLD:ABX3358,Animalia,Arthropoda,Insecta,Diptera,Chironomidae,NA,NA,23,6/21/2017,Egner,C,6/14/2017,37,Single
6212017EGC2,OTU287,GS,98.9,BOLD:AAG5457,Animalia,Arthropoda,Insecta,Diptera,Chironomidae,NA,NA,21,6/21/2017,Egner,C,6/14/2017,37,Single
6212017EGC2,OTU298,GS,100,BOLD:ACB8970,Animalia,Arthropoda,Insecta,Lepidoptera,Cosmopterigidae,NA,NA,24,6/21/2017,Egner,C,6/14/2017,37,Single
6212017EGC2,OTU475,US,0.9249,BOLD:ACE7334,Animalia,Arthropoda,Insecta,Diptera,NA,NA,NA,19,6/21/2017,Egner,C,6/14/2017,37,Single
6212017EGC2,OTU549,GS,100,BOLD:AAM8604,Animalia,Arthropoda,Insecta,Lepidoptera,NA,NA,NA,40,6/21/2017,Egner,C,6/14/2017,37,Single
6212017EGC2,OTU831,US,7e-04,BOLD:AAG4538,Animalia,Arthropoda,Insecta,Coleoptera,NA,NA,NA,4,6/21/2017,Egner,C,6/14/2017,37,Single
6212017EGC2,OTU867,GS,100,BOLD:AAC8834,Animalia,Arthropoda,Arachnida,Araneae,Araneidae,Mecynogea,Mecynogea lemniscata,3,6/21/2017,Egner,C,6/14/2017,37,Single
6212017EGC2,OTU916,GS,100,BOLD:AAB2176,Animalia,Arthropoda,Insecta,Lepidoptera,Gelechiidae,Arogalea,Arogalea cristifasciella,4,6/21/2017,Egner,C,6/14/2017,37,Single
6212017EGC2,OTU956,SS,0.08,BOLD:ACN4095,Animalia,Arthropoda,Insecta,Diptera,NA,NA,NA,12,6/21/2017,Egner,C,6/14/2017,37,Single
6212017EGC2,OTU1065,GS,100,BOLD:AAL7359,Animalia,Arthropoda,Insecta,Diptera,Chironomidae,Tanytarsus,NA,8,6/21/2017,Egner,C,6/14/2017,37,Single
6212017EGC2,OTU1097,GS,97.2,BOLD:AAN5451,Animalia,Arthropoda,Arachnida,Araneae,Araneidae,Eustala,NA,118,6/21/2017,Egner,C,6/14/2017,37,Single
6212017EGC2,OTU1266,GS,98.9,BOLD:ABX7727,Animalia,Arthropoda,Arachnida,Araneae,Philodromidae,Philodromus,Philodromus vulgaris,18,6/21/2017,Egner,C,6/14/2017,37,Single
6212017EGC2,OTU1267,GS,97.2,BOLD:AAP2550,Animalia,Arthropoda,Insecta,Neuroptera,Sisyridae,Sisyra,NA,54,6/21/2017,Egner,C,6/14/2017,37,Single
6212017EGC2,OTU1274,GS,98.9,BOLD:AAG6465,Animalia,Arthropoda,Insecta,Diptera,Ceratopogonidae,NA,NA,7,6/21/2017,Egner,C,6/14/2017,37,Single
6212017EGC2,OTU1317,SS,0.01,BOLD:AAN5451,Animalia,Arthropoda,Arachnida,Araneae,Araneidae,Eustala,NA,4,6/21/2017,Egner,C,6/14/2017,37,Single
6212017EGC2,OTU1496,US,0,BOLD:ACV3799,Animalia,Arthropoda,Insecta,Hemiptera,NA,NA,NA,27,6/21/2017,Egner,C,6/14/2017,37,Single
6212017EGC2,OTU1747,GS,98.3,BOLD:ACC0467,Animalia,Arthropoda,Insecta,Diptera,Chironomidae,Phaenopsectra,NA,19,6/21/2017,Egner,C,6/14/2017,37,Single
6212017EGC2,OTU1756,SS,0.97,BOLD:AAG3848,Animalia,Arthropoda,Insecta,Diptera,Culicidae,Culex,Culex erraticus,8,6/21/2017,Egner,C,6/14/2017,37,Single
6212017EGC2,OTU1800,US,0.3913,None,Animalia,Arthropoda,Insecta,Diptera,NA,NA,NA,18,6/21/2017,Egner,C,6/14/2017,37,Single
6212017EGC2,OTU1836,US,0.9967,BOLD:ACF8858,Animalia,Arthropoda,Insecta,Diptera,NA,NA,NA,2,6/21/2017,Egner,C,6/14/2017,37,Single
6212017EGC3,OTU1,US,0.0026,BOLD:AAD6798,Animalia,Arthropoda,Insecta,Diptera,NA,NA,NA,286,6/21/2017,Egner,C,6/14/2017,37,Single
6212017EGC3,OTU5,GS,99.4,BOLD:AAN5451,Animalia,Arthropoda,Arachnida,Araneae,Araneidae,Eustala,NA,9606,6/21/2017,Egner,C,6/14/2017,37,Single
6212017EGC3,OTU10,GS,100,BOLD:ACF3057,Animalia,Arthropoda,Insecta,Lepidoptera,Tineidae,Acrolophus,Acrolophus mortipennella,890,6/21/2017,Egner,C,6/14/2017,37,Single
6212017EGC3,OTU11,GS,99.4,BOLD:AAG3848,Animalia,Arthropoda,Insecta,Diptera,Culicidae,Culex,Culex erraticus,279,6/21/2017,Egner,C,6/14/2017,37,Single
6212017EGC3,OTU14,GS,99.4,BOLD:AAO3940,Animalia,Arthropoda,Insecta,Diptera,Limoniidae,Rhipidia,NA,631,6/21/2017,Egner,C,6/14/2017,37,Single
6212017EGC3,OTU16,GS,100,BOLD:AAA7067,Animalia,Arthropoda,Insecta,Diptera,Culicidae,Aedes,Aedes vexans,1466,6/21/2017,Egner,C,6/14/2017,37,Single
6212017EGC3,OTU18,GS,100,BOLD:ABY8739,Animalia,Arthropoda,Insecta,Diptera,Tabanidae,NA,NA,9818,6/21/2017,Egner,C,6/14/2017,37,Single
6212017EGC3,OTU28,GS,100,BOLD:AAM6784,Animalia,Arthropoda,Insecta,Diptera,Dolichopodidae,NA,NA,1399,6/21/2017,Egner,C,6/14/2017,37,Single
6212017EGC3,OTU68,GS,100,BOLD:AAB7030,Animalia,Arthropoda,Insecta,Diptera,Chironomidae,Chironomus,Chironomus decorus,113,6/21/2017,Egner,C,6/14/2017,37,Single
6212017EGC3,OTU70,GS,100,BOLD:ABY9168,Animalia,Arthropoda,Insecta,Lepidoptera,Tortricidae,Clepsis,Clepsis peritana,79,6/21/2017,Egner,C,6/14/2017,37,Single
6212017EGC3,OTU78,US,1,BOLD:AAY8864,Animalia,Arthropoda,Insecta,Diptera,NA,NA,NA,113,6/21/2017,Egner,C,6/14/2017,37,Single
6212017EGC3,OTU87,US,0,BOLD:ABY2339,Animalia,Arthropoda,Insecta,Diptera,NA,NA,NA,789,6/21/2017,Egner,C,6/14/2017,37,Single
6212017EGC3,OTU117,GS,100,BOLD:AAH5449,Animalia,Arthropoda,Insecta,Lepidoptera,Tineidae,Acrolophus,Acrolophus propinqua,1010,6/21/2017,Egner,C,6/14/2017,37,Single
6212017EGC3,OTU185,GS,100,BOLD:AAA7667,Animalia,Arthropoda,Insecta,Lepidoptera,Tortricidae,Acleris,Acleris chalybeana,2589,6/21/2017,Egner,C,6/14/2017,37,Single
6212017EGC3,OTU214,GS,99.4,BOLD:AAW6795,Animalia,Arthropoda,Insecta,Diptera,NA,NA,NA,99,6/21/2017,Egner,C,6/14/2017,37,Single
6212017EGC3,OTU273,SS,0.29,BOLD:AAC8291,Animalia,Arthropoda,Insecta,Diptera,Tabanidae,Chrysops,NA,135,6/21/2017,Egner,C,6/14/2017,37,Single
6212017EGC3,OTU282,SS,0.66,BOLD:AAG4564,Animalia,Arthropoda,Insecta,Diptera,NA,NA,NA,12,6/21/2017,Egner,C,6/14/2017,37,Single
6212017EGC3,OTU290,GS,100,BOLD:AAE4427,Animalia,Arthropoda,Insecta,Lepidoptera,Tineidae,Xylesthia,Xylesthia pruniramiella,21,6/21/2017,Egner,C,6/14/2017,37,Single
6212017EGC3,OTU345,US,0.986,BOLD:ACE7334,Animalia,Arthropoda,Insecta,Diptera,NA,NA,NA,38,6/21/2017,Egner,C,6/14/2017,37,Single
6212017EGC3,OTU354,SS,0.48,BOLD:AAM6278,Animalia,Arthropoda,Insecta,Diptera,NA,NA,NA,72,6/21/2017,Egner,C,6/14/2017,37,Single
6212017EGC3,OTU464,GS,99.4,BOLD:AAA8103,Animalia,Arthropoda,Insecta,Lepidoptera,Depressariidae,Antaeotricha,Antaeotricha leucillana,53,6/21/2017,Egner,C,6/14/2017,37,Single
6212017EGC3,OTU489,GS,100,BOLD:ABX9225,Animalia,Arthropoda,Insecta,Diptera,Limoniidae,Rhipidia,NA,23,6/21/2017,Egner,C,6/14/2017,37,Single
6212017EGC3,OTU516,US,1,BOLD:ACB3344,Animalia,Arthropoda,Insecta,Hymenoptera,NA,NA,NA,2,6/21/2017,Egner,C,6/14/2017,37,Single
6212017EGC3,OTU523,US,0,BOLD:ACE7334,Animalia,Arthropoda,Insecta,Diptera,NA,NA,NA,11,6/21/2017,Egner,C,6/14/2017,37,Single
6212017EGC3,OTU553,SS,0.41,BOLD:AAC8291,Animalia,Arthropoda,Insecta,Diptera,Tabanidae,Chrysops,NA,37,6/21/2017,Egner,C,6/14/2017,37,Single
6212017EGC3,OTU576,GS,100,BOLD:AAA5192,Animalia,Arthropoda,Insecta,Lepidoptera,Tortricidae,Platynota,Platynota idaeusalis,7,6/21/2017,Egner,C,6/14/2017,37,Single
6212017EGC3,OTU578,US,0.986,BOLD:ACE7332,Animalia,Arthropoda,Insecta,Diptera,NA,NA,NA,12,6/21/2017,Egner,C,6/14/2017,37,Single
6212017EGC3,OTU657,GS,98.9,BOLD:AAH2909,Animalia,Arthropoda,Insecta,Coleoptera,Hydrophilidae,Helocombus,Helocombus bifidus,56,6/21/2017,Egner,C,6/14/2017,37,Single
6212017EGC3,OTU837,SS,0.78,BOLD:AAC8291,Animalia,Arthropoda,Insecta,Diptera,NA,NA,NA,10,6/21/2017,Egner,C,6/14/2017,37,Single
6212017EGC3,OTU867,GS,100,BOLD:AAC8834,Animalia,Arthropoda,Arachnida,Araneae,Araneidae,Mecynogea,Mecynogea lemniscata,5,6/21/2017,Egner,C,6/14/2017,37,Single
6212017EGC3,OTU899,SS,0.79,BOLD:ACE7334,Animalia,Arthropoda,Insecta,Diptera,Tabanidae,NA,NA,4,6/21/2017,Egner,C,6/14/2017,37,Single
6212017EGC3,OTU974,GSL,97.8,BOLD:AAI4070,Animalia,Arthropoda,Insecta,Diptera,Tabanidae,Chrysops,NA,6,6/21/2017,Egner,C,6/14/2017,37,Single
6212017EGC3,OTU1022,GS,100,BOLD:AAB7869,Animalia,Arthropoda,Insecta,Lepidoptera,Tortricidae,Phtheochroa,Phtheochroa riscana,1,6/21/2017,Egner,C,6/14/2017,37,Single
6212017EGC3,OTU1087,GS,97.2,BOLD:AAB5367,Animalia,Arthropoda,Insecta,Diptera,Tabanidae,Chrysops,Chrysops vittatus,6,6/21/2017,Egner,C,6/14/2017,37,Single
6212017EGC3,OTU1097,GS,97.2,BOLD:AAN5451,Animalia,Arthropoda,Arachnida,Araneae,Araneidae,Eustala,NA,275,6/21/2017,Egner,C,6/14/2017,37,Single
6212017EGC3,OTU1267,GS,97.2,BOLD:AAP2550,Animalia,Arthropoda,Insecta,Neuroptera,Sisyridae,Sisyra,NA,53,6/21/2017,Egner,C,6/14/2017,37,Single
6212017EGC3,OTU1272,SS,0.22,BOLD:AAD8585,Animalia,Arthropoda,Insecta,Diptera,Tabanidae,Chrysops,NA,7,6/21/2017,Egner,C,6/14/2017,37,Single
6212017EGC3,OTU1296,GS,97.2,BOLD:AAD2334,Animalia,Arthropoda,Insecta,Lepidoptera,Tineidae,Acrolophus,Acrolophus hasbroucki,2,6/21/2017,Egner,C,6/14/2017,37,Single
6212017EGC3,OTU1309,US,0.9881,BOLD:ACV3582,Animalia,Arthropoda,Insecta,Hemiptera,NA,NA,NA,39,6/21/2017,Egner,C,6/14/2017,37,Single
6212017EGC3,OTU1317,SS,0.01,BOLD:AAN5451,Animalia,Arthropoda,Arachnida,Araneae,Araneidae,Eustala,NA,19,6/21/2017,Egner,C,6/14/2017,37,Single
6212017EGC3,OTU1350,GS,97.2,BOLD:AAA7067,Animalia,Arthropoda,Insecta,Diptera,Culicidae,Aedes,Aedes vexans,55,6/21/2017,Egner,C,6/14/2017,37,Single
6212017EGC3,OTU1351,SS,0.94,BOLD:AAB7030,Animalia,Arthropoda,Insecta,Diptera,Chironomidae,Chironomus,Chironomus decorus,7,6/21/2017,Egner,C,6/14/2017,37,Single
6212017EGC3,OTU1409,GS,98.3,BOLD:AAE7788,Animalia,Arthropoda,Insecta,Diptera,Culicidae,Culex,Culex salinarius,49,6/21/2017,Egner,C,6/14/2017,37,Single
6212017EGC3,OTU1434,GS,97.6,BOLD:AAA7067,Animalia,Arthropoda,Insecta,Diptera,Culicidae,Aedes,Aedes vexans,2,6/21/2017,Egner,C,6/14/2017,37,Single
6212017EGC3,OTU1448,SS,0.8,BOLD:AAC8291,Animalia,Arthropoda,Insecta,Diptera,Tabanidae,Chrysops,Chrysops caecutiens,6,6/21/2017,Egner,C,6/14/2017,37,Single
6212017EGC3,OTU1656,US,0.9715,BOLD:AAD6798,Animalia,Arthropoda,Insecta,Diptera,NA,NA,NA,5,6/21/2017,Egner,C,6/14/2017,37,Single
6212017EGC3,OTU1703,SS,0.06,BOLD:AAG4526,Animalia,Arthropoda,Insecta,Diptera,Tipulidae,Tipula,NA,1,6/21/2017,Egner,C,6/14/2017,37,Single
6212017EGC3,OTU1748,SS,0.6,BOLD:ACF8409,Animalia,Arthropoda,Insecta,Diptera,NA,NA,NA,1,6/21/2017,Egner,C,6/14/2017,37,Single
6212017EGC3,OTU1800,US,0.3913,None,Animalia,Arthropoda,Insecta,Diptera,NA,NA,NA,28,6/21/2017,Egner,C,6/14/2017,37,Single
6212017EGC3,OTU1871,SS,0.85,BOLD:AAG3848,Animalia,Arthropoda,Insecta,Diptera,Culicidae,Culex,Culex erraticus,1,6/21/2017,Egner,C,6/14/2017,37,Single
6212017EGC3,OTU1923,SS,0.64,BOLD:AAB5367,Animalia,Arthropoda,Insecta,Diptera,Tabanidae,NA,NA,13,6/21/2017,Egner,C,6/14/2017,37,Single
6212017EGC4,OTU1,US,0.0026,BOLD:AAD6798,Animalia,Arthropoda,Insecta,Diptera,NA,NA,NA,1498,6/21/2017,Egner,C,6/14/2017,37,Single
6212017EGC4,OTU5,GS,99.4,BOLD:AAN5451,Animalia,Arthropoda,Arachnida,Araneae,Araneidae,Eustala,NA,13331,6/21/2017,Egner,C,6/14/2017,37,Single
6212017EGC4,OTU13,GS,100,BOLD:ABV1771,Animalia,Arthropoda,Insecta,Diptera,Limoniidae,NA,NA,518,6/21/2017,Egner,C,6/14/2017,37,Single
6212017EGC4,OTU16,GS,100,BOLD:AAA7067,Animalia,Arthropoda,Insecta,Diptera,Culicidae,Aedes,Aedes vexans,3707,6/21/2017,Egner,C,6/14/2017,37,Single
6212017EGC4,OTU27,SS,0.18,BOLD:AAC6806,Animalia,Arthropoda,Insecta,Diptera,NA,NA,NA,364,6/21/2017,Egner,C,6/14/2017,37,Single
6212017EGC4,OTU34,GS,100,BOLD:AAM6211,Animalia,Arthropoda,Insecta,Diptera,Chironomidae,Glyptotendipes,NA,8418,6/21/2017,Egner,C,6/14/2017,37,Single
6212017EGC4,OTU35,GS,100,BOLD:ABW4215,Animalia,Arthropoda,Insecta,Diptera,Chironomidae,Glyptotendipes,Glyptotendipes meridionalis,335,6/21/2017,Egner,C,6/14/2017,37,Single
6212017EGC4,OTU49,GS,99.4,BOLD:AAG4526,Animalia,Arthropoda,Insecta,Diptera,Tipulidae,Tipula,NA,213,6/21/2017,Egner,C,6/14/2017,37,Single
6212017EGC4,OTU68,GS,100,BOLD:AAB7030,Animalia,Arthropoda,Insecta,Diptera,Chironomidae,Chironomus,Chironomus decorus,2839,6/21/2017,Egner,C,6/14/2017,37,Single
6212017EGC4,OTU78,US,1,BOLD:AAY8864,Animalia,Arthropoda,Insecta,Diptera,NA,NA,NA,39,6/21/2017,Egner,C,6/14/2017,37,Single
6212017EGC4,OTU87,US,0,BOLD:ABY2339,Animalia,Arthropoda,Insecta,Diptera,NA,NA,NA,732,6/21/2017,Egner,C,6/14/2017,37,Single
6212017EGC4,OTU89,GS,98.3,BOLD:ABW2415,Animalia,Arthropoda,Insecta,Diptera,Tipulidae,Nephrotoma,Nephrotoma okefenoke,232,6/21/2017,Egner,C,6/14/2017,37,Single
6212017EGC4,OTU93,GS,99.4,BOLD:AAM4329,Animalia,Arthropoda,Insecta,Hemiptera,Cimicidae,Cimex,Cimex adjunctus,215,6/21/2017,Egner,C,6/14/2017,37,Single
6212017EGC4,OTU97,GS,100,BOLD:AAB7935,Animalia,Arthropoda,Arachnida,Araneae,Araneidae,Eustala,Eustala cepina,1101,6/21/2017,Egner,C,6/14/2017,37,Single
6212017EGC4,OTU111,GS,99.4,BOLD:AAG1794,Animalia,Arthropoda,Arachnida,Araneae,Theridiidae,Theridion,Theridion glaucescens,161,6/21/2017,Egner,C,6/14/2017,37,Single
6212017EGC4,OTU115,GS,100,BOLD:AAA4942,Animalia,Arthropoda,Arachnida,Araneae,Tetragnathidae,Tetragnatha,Tetragnatha elongata,288,6/21/2017,Egner,C,6/14/2017,37,Single
6212017EGC4,OTU118,US,1,None,Animalia,Arthropoda,Arachnida,Mesostigmata,NA,NA,NA,47,6/21/2017,Egner,C,6/14/2017,37,Single
6212017EGC4,OTU129,GS,100,BOLD:AAG2647,Animalia,Arthropoda,Insecta,Diptera,Chaoboridae,Chaoborus,Chaoborus punctipennis,368,6/21/2017,Egner,C,6/14/2017,37,Single
6212017EGC4,OTU144,GS,100,BOLD:AAN6304,Animalia,Arthropoda,Arachnida,Araneae,Araneidae,Araneus,Araneus guttulatus,643,6/21/2017,Egner,C,6/14/2017,37,Single
6212017EGC4,OTU198,GS,99.4,BOLD:ABZ1242,Animalia,Arthropoda,Insecta,Diptera,Chironomidae,NA,NA,266,6/21/2017,Egner,C,6/14/2017,37,Single
6212017EGC4,OTU216,GS,100,BOLD:AAG5659,Animalia,Arthropoda,Arachnida,Araneae,Tetragnathidae,Tetragnatha,Tetragnatha viridis,805,6/21/2017,Egner,C,6/14/2017,37,Single
6212017EGC4,OTU269,GS,97.2,BOLD:AAP9050,Animalia,Arthropoda,Insecta,Diptera,Ceratopogonidae,NA,NA,52,6/21/2017,Egner,C,6/14/2017,37,Single
6212017EGC4,OTU271,GS,98.9,BOLD:ABX3627,Animalia,Arthropoda,Insecta,Diptera,Limoniidae,NA,NA,15,6/21/2017,Egner,C,6/14/2017,37,Single
6212017EGC4,OTU275,GS,100,BOLD:AAA5695,Animalia,Arthropoda,Insecta,Trichoptera,Hydropsychidae,Cheumatopsyche,Cheumatopsyche analis,27,6/21/2017,Egner,C,6/14/2017,37,Single
6212017EGC4,OTU287,GS,98.9,BOLD:AAG5457,Animalia,Arthropoda,Insecta,Diptera,Chironomidae,NA,NA,88,6/21/2017,Egner,C,6/14/2017,37,Single
6212017EGC4,OTU315,GS,100,BOLD:ACC4707,Animalia,Arthropoda,Insecta,Diptera,Culicidae,Psorophora,Psorophora ferox,71,6/21/2017,Egner,C,6/14/2017,37,Single
6212017EGC4,OTU656,GS,99.4,BOLD:AAZ0144,Animalia,Arthropoda,Insecta,Diptera,Chironomidae,Chironomus,NA,20,6/21/2017,Egner,C,6/14/2017,37,Single
6212017EGC4,OTU827,US,0,BOLD:ACQ9987,Animalia,Arthropoda,Insecta,Hemiptera,NA,NA,NA,789,6/21/2017,Egner,C,6/14/2017,37,Single
6212017EGC4,OTU833,GS,100,BOLD:AAB2362,Animalia,Arthropoda,Insecta,Lepidoptera,Sphingidae,Amorpha,Amorpha juglandis,162,6/21/2017,Egner,C,6/14/2017,37,Single
6212017EGC4,OTU854,US,0.9715,BOLD:ACN7368,Animalia,Arthropoda,Insecta,Diptera,NA,NA,NA,2,6/21/2017,Egner,C,6/14/2017,37,Single
6212017EGC4,OTU867,GS,100,BOLD:AAC8834,Animalia,Arthropoda,Arachnida,Araneae,Araneidae,Mecynogea,Mecynogea lemniscata,37,6/21/2017,Egner,C,6/14/2017,37,Single
6212017EGC4,OTU988,GS,100,BOLD:AAP5113,Animalia,Arthropoda,Insecta,Diptera,Chironomidae,NA,NA,10,6/21/2017,Egner,C,6/14/2017,37,Single
6212017EGC4,OTU1092,US,0.9967,BOLD:ACO6848,Animalia,Arthropoda,Insecta,Hymenoptera,NA,NA,NA,45,6/21/2017,Egner,C,6/14/2017,37,Single
6212017EGC4,OTU1097,GS,97.2,BOLD:AAN5451,Animalia,Arthropoda,Arachnida,Araneae,Araneidae,Eustala,NA,615,6/21/2017,Egner,C,6/14/2017,37,Single
6212017EGC4,OTU1100,GS,97,BOLD:AAF9064,Animalia,Arthropoda,Insecta,Diptera,Limoniidae,Elephantomyia,Elephantomyia westwoodi,91,6/21/2017,Egner,C,6/14/2017,37,Single
6212017EGC4,OTU1266,GS,98.9,BOLD:ABX7727,Animalia,Arthropoda,Arachnida,Araneae,Philodromidae,Philodromus,Philodromus vulgaris,34,6/21/2017,Egner,C,6/14/2017,37,Single
6212017EGC4,OTU1268,GS,97.8,BOLD:AAM6211,Animalia,Arthropoda,Insecta,Diptera,Chironomidae,Glyptotendipes,NA,48,6/21/2017,Egner,C,6/14/2017,37,Single
6212017EGC4,OTU1274,GS,98.9,BOLD:AAG6465,Animalia,Arthropoda,Insecta,Diptera,Ceratopogonidae,NA,NA,2,6/21/2017,Egner,C,6/14/2017,37,Single
6212017EGC4,OTU1317,SS,0.01,BOLD:AAN5451,Animalia,Arthropoda,Arachnida,Araneae,Araneidae,Eustala,NA,23,6/21/2017,Egner,C,6/14/2017,37,Single
6212017EGC4,OTU1350,GS,97.2,BOLD:AAA7067,Animalia,Arthropoda,Insecta,Diptera,Culicidae,Aedes,Aedes vexans,77,6/21/2017,Egner,C,6/14/2017,37,Single
6212017EGC4,OTU1351,SS,0.94,BOLD:AAB7030,Animalia,Arthropoda,Insecta,Diptera,Chironomidae,Chironomus,Chironomus decorus,76,6/21/2017,Egner,C,6/14/2017,37,Single
6212017EGC4,OTU1434,GS,97.6,BOLD:AAA7067,Animalia,Arthropoda,Insecta,Diptera,Culicidae,Aedes,Aedes vexans,18,6/21/2017,Egner,C,6/14/2017,37,Single
6212017EGC4,OTU1653,GS,99.4,BOLD:ACQ8280,Animalia,Arthropoda,Insecta,Lepidoptera,Lecithoceridae,Martyringa,Martyringa ravicapitis,21,6/21/2017,Egner,C,6/14/2017,37,Single
6212017EGC4,OTU1695,SS,0.38,BOLD:ACT0345,Animalia,Arthropoda,Insecta,Diptera,NA,NA,NA,10,6/21/2017,Egner,C,6/14/2017,37,Single
6212017EGC4,OTU1748,SS,0.6,BOLD:ACF8409,Animalia,Arthropoda,Insecta,Diptera,NA,NA,NA,1,6/21/2017,Egner,C,6/14/2017,37,Single
6212017EGC4,OTU1756,SS,0.97,BOLD:AAG3848,Animalia,Arthropoda,Insecta,Diptera,Culicidae,Culex,Culex erraticus,1,6/21/2017,Egner,C,6/14/2017,37,Single
6212017EGC4,OTU1790,GS,98.3,BOLD:AAZ0144,Animalia,Arthropoda,Insecta,Diptera,Chironomidae,Chironomus,NA,1,6/21/2017,Egner,C,6/14/2017,37,Single
6212017EGC4,OTU1800,US,0.3913,None,Animalia,Arthropoda,Insecta,Diptera,NA,NA,NA,27,6/21/2017,Egner,C,6/14/2017,37,Single
6212017EGC4,OTU1878,SS,0.78,BOLD:ABW4215,Animalia,Arthropoda,Insecta,Diptera,NA,NA,NA,2,6/21/2017,Egner,C,6/14/2017,37,Single
6212017EGC4,OTU1882,SS,0.18,BOLD:ACN0347,Animalia,Arthropoda,Insecta,Diptera,NA,NA,NA,3,6/21/2017,Egner,C,6/14/2017,37,Single
6212017EGC5,OTU1,US,0.0026,BOLD:AAD6798,Animalia,Arthropoda,Insecta,Diptera,NA,NA,NA,13610,6/21/2017,Egner,C,6/14/2017,37,Single
6212017EGC5,OTU3,GS,100,BOLD:AAP2734,Animalia,Arthropoda,Insecta,Diptera,Limoniidae,Erioptera,Erioptera parva,588,6/21/2017,Egner,C,6/14/2017,37,Single
6212017EGC5,OTU4,GS,100,BOLD:AAN5882,Animalia,Arthropoda,Insecta,Diptera,Limoniidae,Erioptera,Erioptera caliptera,293,6/21/2017,Egner,C,6/14/2017,37,Single
6212017EGC5,OTU5,GS,99.4,BOLD:AAN5451,Animalia,Arthropoda,Arachnida,Araneae,Araneidae,Eustala,NA,2932,6/21/2017,Egner,C,6/14/2017,37,Single
6212017EGC5,OTU14,GS,99.4,BOLD:AAO3940,Animalia,Arthropoda,Insecta,Diptera,Limoniidae,Rhipidia,NA,935,6/21/2017,Egner,C,6/14/2017,37,Single
6212017EGC5,OTU16,GS,100,BOLD:AAA7067,Animalia,Arthropoda,Insecta,Diptera,Culicidae,Aedes,Aedes vexans,231,6/21/2017,Egner,C,6/14/2017,37,Single
6212017EGC5,OTU18,GS,100,BOLD:ABY8739,Animalia,Arthropoda,Insecta,Diptera,Tabanidae,NA,NA,8027,6/21/2017,Egner,C,6/14/2017,37,Single
6212017EGC5,OTU87,US,0,BOLD:ABY2339,Animalia,Arthropoda,Insecta,Diptera,NA,NA,NA,951,6/21/2017,Egner,C,6/14/2017,37,Single
6212017EGC5,OTU93,GS,99.4,BOLD:AAM4329,Animalia,Arthropoda,Insecta,Hemiptera,Cimicidae,Cimex,Cimex adjunctus,3651,6/21/2017,Egner,C,6/14/2017,37,Single
6212017EGC5,OTU97,GS,100,BOLD:AAB7935,Animalia,Arthropoda,Arachnida,Araneae,Araneidae,Eustala,Eustala cepina,60,6/21/2017,Egner,C,6/14/2017,37,Single
6212017EGC5,OTU98,US,0,BOLD:ABV3248,Animalia,Arthropoda,Insecta,Diptera,NA,NA,NA,5871,6/21/2017,Egner,C,6/14/2017,37,Single
6212017EGC5,OTU99,US,1,BOLD:ACF7919,Animalia,Arthropoda,Collembola,Poduromorpha,NA,NA,NA,89,6/21/2017,Egner,C,6/14/2017,37,Single
6212017EGC5,OTU120,GS,100,BOLD:AAV3042,Animalia,Arthropoda,Arachnida,Araneae,Theridiidae,Theridion,Theridion albidum,101,6/21/2017,Egner,C,6/14/2017,37,Single
6212017EGC5,OTU185,GS,100,BOLD:AAA7667,Animalia,Arthropoda,Insecta,Lepidoptera,Tortricidae,Acleris,Acleris chalybeana,34,6/21/2017,Egner,C,6/14/2017,37,Single
6212017EGC5,OTU215,GS,100,BOLD:AAA2490,Animalia,Arthropoda,Insecta,Lepidoptera,Crambidae,Palpita,Palpita magniferalis,9,6/21/2017,Egner,C,6/14/2017,37,Single
6212017EGC5,OTU273,SS,0.29,BOLD:AAC8291,Animalia,Arthropoda,Insecta,Diptera,Tabanidae,Chrysops,NA,143,6/21/2017,Egner,C,6/14/2017,37,Single
6212017EGC5,OTU385,GS,100,BOLD:AAH7158,Animalia,Arthropoda,Insecta,Diptera,Sarcophagidae,Ravinia,Ravinia stimulans,825,6/21/2017,Egner,C,6/14/2017,37,Single
6212017EGC5,OTU392,US,1,None,Animalia,Arthropoda,Insecta,Diptera,NA,NA,NA,8,6/21/2017,Egner,C,6/14/2017,37,Single
6212017EGC5,OTU532,GS,100,BOLD:AAF9306,Animalia,Arthropoda,Insecta,Diptera,Psychodidae,Psychoda,Psychoda alternata,9,6/21/2017,Egner,C,6/14/2017,37,Single
6212017EGC5,OTU578,US,0.986,BOLD:ACE7332,Animalia,Arthropoda,Insecta,Diptera,NA,NA,NA,22,6/21/2017,Egner,C,6/14/2017,37,Single
6212017EGC5,OTU767,GS,100,BOLD:AAC7129,Animalia,Arthropoda,Insecta,Lepidoptera,Tischeriidae,Coptotriche,Coptotriche citrinipennella,14,6/21/2017,Egner,C,6/14/2017,37,Single
6212017EGC5,OTU828,US,1,None,Animalia,Arthropoda,Insecta,Orthoptera,NA,NA,NA,22,6/21/2017,Egner,C,6/14/2017,37,Single
6212017EGC5,OTU832,GS,97.8,BOLD:ABY4042,Animalia,Arthropoda,Insecta,Diptera,NA,NA,NA,17,6/21/2017,Egner,C,6/14/2017,37,Single
6212017EGC5,OTU899,SS,0.79,BOLD:ACE7334,Animalia,Arthropoda,Insecta,Diptera,Tabanidae,NA,NA,10,6/21/2017,Egner,C,6/14/2017,37,Single
6212017EGC5,OTU974,GSL,97.8,BOLD:AAI4070,Animalia,Arthropoda,Insecta,Diptera,Tabanidae,Chrysops,NA,1,6/21/2017,Egner,C,6/14/2017,37,Single
6212017EGC5,OTU1043,US,0,BOLD:ACW4480,Animalia,Arthropoda,Insecta,Hymenoptera,NA,NA,NA,84,6/21/2017,Egner,C,6/14/2017,37,Single
6212017EGC5,OTU1097,GS,97.2,BOLD:AAN5451,Animalia,Arthropoda,Arachnida,Araneae,Araneidae,Eustala,NA,56,6/21/2017,Egner,C,6/14/2017,37,Single
6212017EGC5,OTU1127,GS,100,BOLD:AAU8651,Animalia,Arthropoda,Insecta,Hymenoptera,Ichneumonidae,NA,NA,5,6/21/2017,Egner,C,6/14/2017,37,Single
6212017EGC5,OTU1210,GS,97.2,BOLD:AAF4632,Animalia,Arthropoda,Insecta,Diptera,Limoniidae,Epiphragma,Epiphragma solatrix,7,6/21/2017,Egner,C,6/14/2017,37,Single
6212017EGC5,OTU1274,GS,98.9,BOLD:AAG6465,Animalia,Arthropoda,Insecta,Diptera,Ceratopogonidae,NA,NA,14,6/21/2017,Egner,C,6/14/2017,37,Single
6212017EGC5,OTU1317,SS,0.01,BOLD:AAN5451,Animalia,Arthropoda,Arachnida,Araneae,Araneidae,Eustala,NA,3,6/21/2017,Egner,C,6/14/2017,37,Single
6212017EGC5,OTU1382,SS,0.61,BOLD:AAH7161,Animalia,Arthropoda,Insecta,Diptera,Sarcophagidae,NA,NA,51,6/21/2017,Egner,C,6/14/2017,37,Single
6212017EGC5,OTU1435,US,0,BOLD:ACR8738,Animalia,Arthropoda,Insecta,Diptera,NA,NA,NA,39,6/21/2017,Egner,C,6/14/2017,37,Single
6212017EGC5,OTU1478,US,1,None,Animalia,Arthropoda,Insecta,Mantodea,NA,NA,NA,3,6/21/2017,Egner,C,6/14/2017,37,Single
6212017EGC5,OTU1554,SS,0.92,BOLD:AAP2734,Animalia,Arthropoda,Insecta,Diptera,Limoniidae,Erioptera,Erioptera parva,13,6/21/2017,Egner,C,6/14/2017,37,Single
6212017EGC5,OTU1656,US,0.9715,BOLD:AAD6798,Animalia,Arthropoda,Insecta,Diptera,NA,NA,NA,168,6/21/2017,Egner,C,6/14/2017,37,Single
6212017EGC5,OTU1748,SS,0.6,BOLD:ACF8409,Animalia,Arthropoda,Insecta,Diptera,NA,NA,NA,2,6/21/2017,Egner,C,6/14/2017,37,Single
6212017EGC5,OTU1756,SS,0.97,BOLD:AAG3848,Animalia,Arthropoda,Insecta,Diptera,Culicidae,Culex,Culex erraticus,1,6/21/2017,Egner,C,6/14/2017,37,Single
6212017EGC5,OTU1782,US,0.9249,BOLD:AAO3940,Animalia,Arthropoda,Insecta,Diptera,NA,NA,NA,1,6/21/2017,Egner,C,6/14/2017,37,Single
6212017EGC5,OTU1800,US,0.3913,None,Animalia,Arthropoda,Insecta,Diptera,NA,NA,NA,35,6/21/2017,Egner,C,6/14/2017,37,Single
6212017EGC5,OTU1834,SS,0.74,BOLD:AAF4632,Animalia,Arthropoda,Insecta,Diptera,NA,NA,NA,4,6/21/2017,Egner,C,6/14/2017,37,Single
6212017EGC5,OTU1923,SS,0.64,BOLD:AAB5367,Animalia,Arthropoda,Insecta,Diptera,Tabanidae,NA,NA,9,6/21/2017,Egner,C,6/14/2017,37,Single
6212017EGC6,OTU1,US,0.0026,BOLD:AAD6798,Animalia,Arthropoda,Insecta,Diptera,NA,NA,NA,157,6/21/2017,Egner,C,6/14/2017,37,Single
6212017EGC6,OTU5,GS,99.4,BOLD:AAN5451,Animalia,Arthropoda,Arachnida,Araneae,Araneidae,Eustala,NA,6223,6/21/2017,Egner,C,6/14/2017,37,Single
6212017EGC6,OTU10,GS,100,BOLD:ACF3057,Animalia,Arthropoda,Insecta,Lepidoptera,Tineidae,Acrolophus,Acrolophus mortipennella,1396,6/21/2017,Egner,C,6/14/2017,37,Single
6212017EGC6,OTU11,GS,99.4,BOLD:AAG3848,Animalia,Arthropoda,Insecta,Diptera,Culicidae,Culex,Culex erraticus,447,6/21/2017,Egner,C,6/14/2017,37,Single
6212017EGC6,OTU13,GS,100,BOLD:ABV1771,Animalia,Arthropoda,Insecta,Diptera,Limoniidae,NA,NA,353,6/21/2017,Egner,C,6/14/2017,37,Single
6212017EGC6,OTU16,GS,100,BOLD:AAA7067,Animalia,Arthropoda,Insecta,Diptera,Culicidae,Aedes,Aedes vexans,36265,6/21/2017,Egner,C,6/14/2017,37,Single
6212017EGC6,OTU34,GS,100,BOLD:AAM6211,Animalia,Arthropoda,Insecta,Diptera,Chironomidae,Glyptotendipes,NA,1173,6/21/2017,Egner,C,6/14/2017,37,Single
6212017EGC6,OTU35,GS,100,BOLD:ABW4215,Animalia,Arthropoda,Insecta,Diptera,Chironomidae,Glyptotendipes,Glyptotendipes meridionalis,451,6/21/2017,Egner,C,6/14/2017,37,Single
6212017EGC6,OTU57,GS,100,BOLD:AAI1618,Animalia,Arthropoda,Insecta,Diptera,Culicidae,Coquillettidia,Coquillettidia perturbans,96,6/21/2017,Egner,C,6/14/2017,37,Single
6212017EGC6,OTU68,GS,100,BOLD:AAB7030,Animalia,Arthropoda,Insecta,Diptera,Chironomidae,Chironomus,Chironomus decorus,329,6/21/2017,Egner,C,6/14/2017,37,Single
6212017EGC6,OTU88,GS,100,BOLD:AAE0434,Animalia,Arthropoda,Insecta,Diptera,Culicidae,Uranotaenia,Uranotaenia sapphirina,270,6/21/2017,Egner,C,6/14/2017,37,Single
6212017EGC6,OTU97,GS,100,BOLD:AAB7935,Animalia,Arthropoda,Arachnida,Araneae,Araneidae,Eustala,Eustala cepina,24,6/21/2017,Egner,C,6/14/2017,37,Single
6212017EGC6,OTU129,GS,100,BOLD:AAG2647,Animalia,Arthropoda,Insecta,Diptera,Chaoboridae,Chaoborus,Chaoborus punctipennis,172,6/21/2017,Egner,C,6/14/2017,37,Single
6212017EGC6,OTU185,GS,100,BOLD:AAA7667,Animalia,Arthropoda,Insecta,Lepidoptera,Tortricidae,Acleris,Acleris chalybeana,246,6/21/2017,Egner,C,6/14/2017,37,Single
6212017EGC6,OTU198,GS,99.4,BOLD:ABZ1242,Animalia,Arthropoda,Insecta,Diptera,Chironomidae,NA,NA,236,6/21/2017,Egner,C,6/14/2017,37,Single
6212017EGC6,OTU213,GS,100,BOLD:AAD4936,Animalia,Arthropoda,Insecta,Lepidoptera,Gracillariidae,Caloptilia,Caloptilia sassafrasella,263,6/21/2017,Egner,C,6/14/2017,37,Single
6212017EGC6,OTU214,GS,99.4,BOLD:AAW6795,Animalia,Arthropoda,Insecta,Diptera,NA,NA,NA,186,6/21/2017,Egner,C,6/14/2017,37,Single
6212017EGC6,OTU258,GS,100,BOLD:ACA7555,Animalia,Arthropoda,Insecta,Diptera,Chironomidae,NA,NA,10,6/21/2017,Egner,C,6/14/2017,37,Single
6212017EGC6,OTU269,GS,97.2,BOLD:AAP9050,Animalia,Arthropoda,Insecta,Diptera,Ceratopogonidae,NA,NA,263,6/21/2017,Egner,C,6/14/2017,37,Single
6212017EGC6,OTU272,GS,100,BOLD:AAJ3819,Animalia,Arthropoda,Insecta,Diptera,Clusiidae,Sobarocephala,Sobarocephala setipes,21,6/21/2017,Egner,C,6/14/2017,37,Single
6212017EGC6,OTU283,GS,100,BOLD:AAZ5968,Animalia,Arthropoda,Insecta,Diptera,Limoniidae,NA,NA,38,6/21/2017,Egner,C,6/14/2017,37,Single
6212017EGC6,OTU287,GS,98.9,BOLD:AAG5457,Animalia,Arthropoda,Insecta,Diptera,Chironomidae,NA,NA,65,6/21/2017,Egner,C,6/14/2017,37,Single
6212017EGC6,OTU298,GS,100,BOLD:ACB8970,Animalia,Arthropoda,Insecta,Lepidoptera,Cosmopterigidae,NA,NA,6,6/21/2017,Egner,C,6/14/2017,37,Single
6212017EGC6,OTU310,GS,100,BOLD:ABX7479,Animalia,Arthropoda,Insecta,Diptera,Chironomidae,Parachironomus,NA,25,6/21/2017,Egner,C,6/14/2017,37,Single
6212017EGC6,OTU335,GS,99.4,BOLD:AAM6295,Animalia,Arthropoda,Insecta,Diptera,Chaoboridae,NA,NA,58,6/21/2017,Egner,C,6/14/2017,37,Single
6212017EGC6,OTU347,GS,100,BOLD:AAD2111,Animalia,Arthropoda,Arachnida,Araneae,Thomisidae,Tmarus,Tmarus angulatus,21,6/21/2017,Egner,C,6/14/2017,37,Single
6212017EGC6,OTU391,GS,100,BOLD:AAI2836,Animalia,Arthropoda,Arachnida,Araneae,Philodromidae,Philodromus,Philodromus keyserlingi,9,6/21/2017,Egner,C,6/14/2017,37,Single
6212017EGC6,OTU467,GS,100,BOLD:AAA8999,Animalia,Arthropoda,Arachnida,Araneae,Araneidae,Larinioides,Larinioides cornutus,10,6/21/2017,Egner,C,6/14/2017,37,Single
6212017EGC6,OTU503,GS,99.4,BOLD:AAG6486,Animalia,Arthropoda,Insecta,Diptera,Ceratopogonidae,Bezzia,Bezzia nobilis,6,6/21/2017,Egner,C,6/14/2017,37,Single
6212017EGC6,OTU517,US,0,None,Animalia,Arthropoda,Insecta,Diptera,NA,NA,NA,6,6/21/2017,Egner,C,6/14/2017,37,Single
6212017EGC6,OTU520,US,0.3081,BOLD:ACA6588,Animalia,Arthropoda,Arachnida,Araneae,NA,NA,NA,4,6/21/2017,Egner,C,6/14/2017,37,Single
6212017EGC6,OTU563,GS,100,BOLD:AAH7221,Animalia,Arthropoda,Insecta,Neuroptera,Mantispidae,Dicromantispa,Dicromantispa sayi,31,6/21/2017,Egner,C,6/14/2017,37,Single
6212017EGC6,OTU632,GS,97.8,BOLD:AAG6465,Animalia,Arthropoda,Insecta,Diptera,Ceratopogonidae,NA,NA,5,6/21/2017,Egner,C,6/14/2017,37,Single
6212017EGC6,OTU636,GS,99.4,BOLD:AAM6230,Animalia,Arthropoda,Insecta,Diptera,Chironomidae,Chironomus,NA,4,6/21/2017,Egner,C,6/14/2017,37,Single
6212017EGC6,OTU642,GS,100,BOLD:AAM7778,Animalia,Arthropoda,Insecta,Coleoptera,Hydrophilidae,Enochrus,Enochrus ochraceus,23,6/21/2017,Egner,C,6/14/2017,37,Single
6212017EGC6,OTU655,SS,0.61,BOLD:AAA3776,Animalia,Arthropoda,Insecta,Diptera,NA,NA,NA,4,6/21/2017,Egner,C,6/14/2017,37,Single
6212017EGC6,OTU687,SS,0.63,BOLD:ACA1450,Animalia,Arthropoda,Insecta,Diptera,NA,NA,NA,23,6/21/2017,Egner,C,6/14/2017,37,Single
6212017EGC6,OTU867,GS,100,BOLD:AAC8834,Animalia,Arthropoda,Arachnida,Araneae,Araneidae,Mecynogea,Mecynogea lemniscata,56,6/21/2017,Egner,C,6/14/2017,37,Single
6212017EGC6,OTU871,GS,100,BOLD:AAA6740,Animalia,Arthropoda,Insecta,Lepidoptera,Tortricidae,Proteoteras,Proteoteras aesculana,1,6/21/2017,Egner,C,6/14/2017,37,Single
6212017EGC6,OTU890,GS,100,BOLD:ACE3004,Animalia,Arthropoda,Insecta,Lepidoptera,Erebidae,Hyperstrotia,Hyperstrotia nana,2,6/21/2017,Egner,C,6/14/2017,37,Single
6212017EGC6,OTU982,GS,98.3,BOLD:AAP9050,Animalia,Arthropoda,Insecta,Diptera,Ceratopogonidae,NA,NA,19,6/21/2017,Egner,C,6/14/2017,37,Single
6212017EGC6,OTU1097,GS,97.2,BOLD:AAN5451,Animalia,Arthropoda,Arachnida,Araneae,Araneidae,Eustala,NA,453,6/21/2017,Egner,C,6/14/2017,37,Single
6212017EGC6,OTU1103,GS,99.4,BOLD:ABW4221,Animalia,Arthropoda,Insecta,Diptera,Chironomidae,NA,NA,1,6/21/2017,Egner,C,6/14/2017,37,Single
6212017EGC6,OTU1172,SS,0.83,BOLD:AAD6926,Animalia,Arthropoda,Arachnida,Araneae,Anyphaenidae,Anyphaena,Anyphaena pectorosa,2,6/21/2017,Egner,C,6/14/2017,37,Single
6212017EGC6,OTU1268,GS,97.8,BOLD:AAM6211,Animalia,Arthropoda,Insecta,Diptera,Chironomidae,Glyptotendipes,NA,567,6/21/2017,Egner,C,6/14/2017,37,Single
6212017EGC6,OTU1274,GS,98.9,BOLD:AAG6465,Animalia,Arthropoda,Insecta,Diptera,Ceratopogonidae,NA,NA,22,6/21/2017,Egner,C,6/14/2017,37,Single
6212017EGC6,OTU1296,GS,97.2,BOLD:AAD2334,Animalia,Arthropoda,Insecta,Lepidoptera,Tineidae,Acrolophus,Acrolophus hasbroucki,7,6/21/2017,Egner,C,6/14/2017,37,Single
6212017EGC6,OTU1298,GS,97.2,BOLD:ACG9897,Animalia,Arthropoda,Insecta,Diptera,Ceratopogonidae,NA,NA,7,6/21/2017,Egner,C,6/14/2017,37,Single
6212017EGC6,OTU1317,SS,0.01,BOLD:AAN5451,Animalia,Arthropoda,Arachnida,Araneae,Araneidae,Eustala,NA,12,6/21/2017,Egner,C,6/14/2017,37,Single
6212017EGC6,OTU1350,GS,97.2,BOLD:AAA7067,Animalia,Arthropoda,Insecta,Diptera,Culicidae,Aedes,Aedes vexans,167,6/21/2017,Egner,C,6/14/2017,37,Single
6212017EGC6,OTU1351,SS,0.94,BOLD:AAB7030,Animalia,Arthropoda,Insecta,Diptera,Chironomidae,Chironomus,Chironomus decorus,92,6/21/2017,Egner,C,6/14/2017,37,Single
6212017EGC6,OTU1434,GS,97.6,BOLD:AAA7067,Animalia,Arthropoda,Insecta,Diptera,Culicidae,Aedes,Aedes vexans,25,6/21/2017,Egner,C,6/14/2017,37,Single
6212017EGC6,OTU1441,GS,98.3,BOLD:AAG7739,Animalia,Arthropoda,Insecta,Hymenoptera,Braconidae,Meteorus,NA,3,6/21/2017,Egner,C,6/14/2017,37,Single
6212017EGC6,OTU1588,GS,97.7,BOLD:AAM6294,Animalia,Arthropoda,Insecta,Diptera,Chaoboridae,Chaoborus,NA,12,6/21/2017,Egner,C,6/14/2017,37,Single
6212017EGC6,OTU1649,US,0.9919,BOLD:ACK3988,Animalia,Arthropoda,Insecta,Lepidoptera,NA,NA,NA,31,6/21/2017,Egner,C,6/14/2017,37,Single
6212017EGC6,OTU1756,SS,0.97,BOLD:AAG3848,Animalia,Arthropoda,Insecta,Diptera,Culicidae,Culex,Culex erraticus,3,6/21/2017,Egner,C,6/14/2017,37,Single
6212017EGC6,OTU1790,GS,98.3,BOLD:AAZ0144,Animalia,Arthropoda,Insecta,Diptera,Chironomidae,Chironomus,NA,24,6/21/2017,Egner,C,6/14/2017,37,Single
6212017EGC6,OTU1851,GS,100,BOLD:AAI2721,Animalia,Arthropoda,Arachnida,Araneae,Pisauridae,Pisaurina,Pisaurina mira,2,6/21/2017,Egner,C,6/14/2017,37,Single
6212017EGC6,OTU1878,SS,0.78,BOLD:ABW4215,Animalia,Arthropoda,Insecta,Diptera,NA,NA,NA,223,6/21/2017,Egner,C,6/14/2017,37,Single
6212017EGC7,OTU1,US,0.0026,BOLD:AAD6798,Animalia,Arthropoda,Insecta,Diptera,NA,NA,NA,300,6/21/2017,Egner,C,6/14/2017,37,Single
6212017EGC7,OTU3,GS,100,BOLD:AAP2734,Animalia,Arthropoda,Insecta,Diptera,Limoniidae,Erioptera,Erioptera parva,491,6/21/2017,Egner,C,6/14/2017,37,Single
6212017EGC7,OTU4,GS,100,BOLD:AAN5882,Animalia,Arthropoda,Insecta,Diptera,Limoniidae,Erioptera,Erioptera caliptera,682,6/21/2017,Egner,C,6/14/2017,37,Single
6212017EGC7,OTU5,GS,99.4,BOLD:AAN5451,Animalia,Arthropoda,Arachnida,Araneae,Araneidae,Eustala,NA,7126,6/21/2017,Egner,C,6/14/2017,37,Single
6212017EGC7,OTU7,GS,100,BOLD:AAF4632,Animalia,Arthropoda,Insecta,Diptera,Limoniidae,Epiphragma,Epiphragma solatrix,1955,6/21/2017,Egner,C,6/14/2017,37,Single
6212017EGC7,OTU10,GS,100,BOLD:ACF3057,Animalia,Arthropoda,Insecta,Lepidoptera,Tineidae,Acrolophus,Acrolophus mortipennella,226,6/21/2017,Egner,C,6/14/2017,37,Single
6212017EGC7,OTU11,GS,99.4,BOLD:AAG3848,Animalia,Arthropoda,Insecta,Diptera,Culicidae,Culex,Culex erraticus,543,6/21/2017,Egner,C,6/14/2017,37,Single
6212017EGC7,OTU14,GS,99.4,BOLD:AAO3940,Animalia,Arthropoda,Insecta,Diptera,Limoniidae,Rhipidia,NA,289,6/21/2017,Egner,C,6/14/2017,37,Single
6212017EGC7,OTU16,GS,100,BOLD:AAA7067,Animalia,Arthropoda,Insecta,Diptera,Culicidae,Aedes,Aedes vexans,1155,6/21/2017,Egner,C,6/14/2017,37,Single
6212017EGC7,OTU21,GS,100,BOLD:ACR3763,Animalia,Arthropoda,Insecta,Coleoptera,Ptilodactylidae,Ptilodactyla,Ptilodactyla serricollis,91,6/21/2017,Egner,C,6/14/2017,37,Single
6212017EGC7,OTU26,GS,98.8,BOLD:ACM8443,Animalia,Arthropoda,Insecta,Diptera,Tabanidae,Hybomitra,Hybomitra epistates,1962,6/21/2017,Egner,C,6/14/2017,37,Single
6212017EGC7,OTU34,GS,100,BOLD:AAM6211,Animalia,Arthropoda,Insecta,Diptera,Chironomidae,Glyptotendipes,NA,1437,6/21/2017,Egner,C,6/14/2017,37,Single
6212017EGC7,OTU49,GS,99.4,BOLD:AAG4526,Animalia,Arthropoda,Insecta,Diptera,Tipulidae,Tipula,NA,4584,6/21/2017,Egner,C,6/14/2017,37,Single
6212017EGC7,OTU68,GS,100,BOLD:AAB7030,Animalia,Arthropoda,Insecta,Diptera,Chironomidae,Chironomus,Chironomus decorus,640,6/21/2017,Egner,C,6/14/2017,37,Single
6212017EGC7,OTU73,GS,100,BOLD:AAD6926,Animalia,Arthropoda,Arachnida,Araneae,Anyphaenidae,Anyphaena,Anyphaena pectorosa,22,6/21/2017,Egner,C,6/14/2017,37,Single
6212017EGC7,OTU87,US,0,BOLD:ABY2339,Animalia,Arthropoda,Insecta,Diptera,NA,NA,NA,529,6/21/2017,Egner,C,6/14/2017,37,Single
6212017EGC7,OTU97,GS,100,BOLD:AAB7935,Animalia,Arthropoda,Arachnida,Araneae,Araneidae,Eustala,Eustala cepina,104,6/21/2017,Egner,C,6/14/2017,37,Single
6212017EGC7,OTU101,US,0.2887,None,Animalia,Arthropoda,Insecta,Hemiptera,NA,NA,NA,283,6/21/2017,Egner,C,6/14/2017,37,Single
6212017EGC7,OTU107,GS,98.9,BOLD:ACD3689,Animalia,Arthropoda,Insecta,Hymenoptera,Diapriidae,NA,NA,2116,6/21/2017,Egner,C,6/14/2017,37,Single
6212017EGC7,OTU120,GS,100,BOLD:AAV3042,Animalia,Arthropoda,Arachnida,Araneae,Theridiidae,Theridion,Theridion albidum,107,6/21/2017,Egner,C,6/14/2017,37,Single
6212017EGC7,OTU144,GS,100,BOLD:AAN6304,Animalia,Arthropoda,Arachnida,Araneae,Araneidae,Araneus,Araneus guttulatus,69,6/21/2017,Egner,C,6/14/2017,37,Single
6212017EGC7,OTU147,GS,100,BOLD:AAA4056,Animalia,Arthropoda,Insecta,Lepidoptera,Geometridae,Hypagyrtis,Hypagyrtis piniata,34,6/21/2017,Egner,C,6/14/2017,37,Single
6212017EGC7,OTU149,GS,99.4,BOLD:AAH4942,Animalia,Arthropoda,Insecta,Lepidoptera,Gelechiidae,Dichomeris,NA,51,6/21/2017,Egner,C,6/14/2017,37,Single
6212017EGC7,OTU185,GS,100,BOLD:AAA7667,Animalia,Arthropoda,Insecta,Lepidoptera,Tortricidae,Acleris,Acleris chalybeana,41,6/21/2017,Egner,C,6/14/2017,37,Single
6212017EGC7,OTU190,GS,100,BOLD:ABY7666,Animalia,Arthropoda,Insecta,Diptera,Culicidae,Culex,Culex territans,93,6/21/2017,Egner,C,6/14/2017,37,Single
6212017EGC7,OTU198,GS,99.4,BOLD:ABZ1242,Animalia,Arthropoda,Insecta,Diptera,Chironomidae,NA,NA,23,6/21/2017,Egner,C,6/14/2017,37,Single
6212017EGC7,OTU219,GS,100,BOLD:AAD1855,Animalia,Arthropoda,Insecta,Lepidoptera,Tortricidae,Episimus,Episimus tyrius,29,6/21/2017,Egner,C,6/14/2017,37,Single
6212017EGC7,OTU238,GS,100,BOLD:AAC2281,Animalia,Arthropoda,Insecta,Diptera,Culicidae,Anopheles,Anopheles quadrimaculatus,11,6/21/2017,Egner,C,6/14/2017,37,Single
6212017EGC7,OTU269,GS,97.2,BOLD:AAP9050,Animalia,Arthropoda,Insecta,Diptera,Ceratopogonidae,NA,NA,58,6/21/2017,Egner,C,6/14/2017,37,Single
6212017EGC7,OTU270,GS,100,BOLD:AAB6541,Animalia,Arthropoda,Insecta,Lepidoptera,Gelechiidae,Coleotechnites,Coleotechnites florae,33,6/21/2017,Egner,C,6/14/2017,37,Single
6212017EGC7,OTU287,GS,98.9,BOLD:AAG5457,Animalia,Arthropoda,Insecta,Diptera,Chironomidae,NA,NA,141,6/21/2017,Egner,C,6/14/2017,37,Single
6212017EGC7,OTU290,GS,100,BOLD:AAE4427,Animalia,Arthropoda,Insecta,Lepidoptera,Tineidae,Xylesthia,Xylesthia pruniramiella,20,6/21/2017,Egner,C,6/14/2017,37,Single
6212017EGC7,OTU299,SS,0.18,BOLD:ACJ2126,Animalia,Arthropoda,Insecta,Diptera,NA,NA,NA,34,6/21/2017,Egner,C,6/14/2017,37,Single
6212017EGC7,OTU300,GS,100,BOLD:AAA8310,Animalia,Arthropoda,Insecta,Lepidoptera,Crambidae,Anageshna,Anageshna primordialis,42,6/21/2017,Egner,C,6/14/2017,37,Single
6212017EGC7,OTU369,SS,0.79,BOLD:ACS7984,Animalia,Arthropoda,Insecta,Hemiptera,NA,NA,NA,5,6/21/2017,Egner,C,6/14/2017,37,Single
6212017EGC7,OTU434,GS,100,BOLD:AAU7127,Animalia,Arthropoda,Insecta,Coleoptera,Carabidae,Bembidion,Bembidion affine,11,6/21/2017,Egner,C,6/14/2017,37,Single
6212017EGC7,OTU500,GS,99.4,BOLD:AAG8583,Animalia,Arthropoda,Insecta,Lepidoptera,Blastobasidae,Pigritia,Pigritia fidella,13,6/21/2017,Egner,C,6/14/2017,37,Single
6212017EGC7,OTU541,US,0.9919,BOLD:AAJ2923,Animalia,Arthropoda,Insecta,Hemiptera,NA,NA,NA,13,6/21/2017,Egner,C,6/14/2017,37,Single
6212017EGC7,OTU549,GS,100,BOLD:AAM8604,Animalia,Arthropoda,Insecta,Lepidoptera,NA,NA,NA,25,6/21/2017,Egner,C,6/14/2017,37,Single
6212017EGC7,OTU550,SS,0.63,BOLD:AAZ2096,Animalia,Arthropoda,Insecta,Hemiptera,NA,NA,NA,9,6/21/2017,Egner,C,6/14/2017,37,Single
6212017EGC7,OTU595,GS,97.2,BOLD:AAF9010,Animalia,Arthropoda,Insecta,Diptera,Tipulidae,Tipula,NA,38,6/21/2017,Egner,C,6/14/2017,37,Single
6212017EGC7,OTU689,SS,0.68,BOLD:ACR6277,Animalia,Arthropoda,Insecta,Hemiptera,NA,NA,NA,3,6/21/2017,Egner,C,6/14/2017,37,Single
6212017EGC7,OTU692,GS,100,BOLD:ABW5646,Animalia,Arthropoda,Insecta,Psocodea,Psocidae,Cerastipsocus,NA,494,6/21/2017,Egner,C,6/14/2017,37,Single
6212017EGC7,OTU812,US,0.3913,None,Animalia,Arthropoda,Maxillopoda,Calanoida,NA,NA,NA,22,6/21/2017,Egner,C,6/14/2017,37,Single
6212017EGC7,OTU832,GS,97.8,BOLD:ABY4042,Animalia,Arthropoda,Insecta,Diptera,NA,NA,NA,43,6/21/2017,Egner,C,6/14/2017,37,Single
6212017EGC7,OTU949,GS,100,BOLD:AAP3003,Animalia,Arthropoda,Insecta,Diptera,Chironomidae,NA,NA,13,6/21/2017,Egner,C,6/14/2017,37,Single
6212017EGC7,OTU956,SS,0.08,BOLD:ACN4095,Animalia,Arthropoda,Insecta,Diptera,NA,NA,NA,14,6/21/2017,Egner,C,6/14/2017,37,Single
6212017EGC7,OTU966,SS,0.19,BOLD:ACU7780,Animalia,Arthropoda,Insecta,Diptera,NA,NA,NA,15,6/21/2017,Egner,C,6/14/2017,37,Single
6212017EGC7,OTU982,GS,98.3,BOLD:AAP9050,Animalia,Arthropoda,Insecta,Diptera,Ceratopogonidae,NA,NA,30,6/21/2017,Egner,C,6/14/2017,37,Single
6212017EGC7,OTU1034,US,7e-04,BOLD:AAI5631,Animalia,Arthropoda,Insecta,Mecoptera,NA,NA,NA,23,6/21/2017,Egner,C,6/14/2017,37,Single
6212017EGC7,OTU1097,GS,97.2,BOLD:AAN5451,Animalia,Arthropoda,Arachnida,Araneae,Araneidae,Eustala,NA,226,6/21/2017,Egner,C,6/14/2017,37,Single
6212017EGC7,OTU1100,GS,97,BOLD:AAF9064,Animalia,Arthropoda,Insecta,Diptera,Limoniidae,Elephantomyia,Elephantomyia westwoodi,4,6/21/2017,Egner,C,6/14/2017,37,Single
6212017EGC7,OTU1103,GS,99.4,BOLD:ABW4221,Animalia,Arthropoda,Insecta,Diptera,Chironomidae,NA,NA,25,6/21/2017,Egner,C,6/14/2017,37,Single
6212017EGC7,OTU1210,GS,97.2,BOLD:AAF4632,Animalia,Arthropoda,Insecta,Diptera,Limoniidae,Epiphragma,Epiphragma solatrix,61,6/21/2017,Egner,C,6/14/2017,37,Single
6212017EGC7,OTU1212,SS,0.52,BOLD:ABX7282,Animalia,Arthropoda,Insecta,Hemiptera,NA,NA,NA,12,6/21/2017,Egner,C,6/14/2017,37,Single
6212017EGC7,OTU1265,SS,0.83,BOLD:AAF4632,Animalia,Arthropoda,Insecta,Diptera,Limoniidae,Epiphragma,Epiphragma solatrix,4,6/21/2017,Egner,C,6/14/2017,37,Single
6212017EGC7,OTU1268,GS,97.8,BOLD:AAM6211,Animalia,Arthropoda,Insecta,Diptera,Chironomidae,Glyptotendipes,NA,22,6/21/2017,Egner,C,6/14/2017,37,Single
6212017EGC7,OTU1292,GS,97.8,BOLD:AAN5882,Animalia,Arthropoda,Insecta,Diptera,Limoniidae,Erioptera,Erioptera caliptera,3,6/21/2017,Egner,C,6/14/2017,37,Single
6212017EGC7,OTU1296,GS,97.2,BOLD:AAD2334,Animalia,Arthropoda,Insecta,Lepidoptera,Tineidae,Acrolophus,Acrolophus hasbroucki,3,6/21/2017,Egner,C,6/14/2017,37,Single
6212017EGC7,OTU1317,SS,0.01,BOLD:AAN5451,Animalia,Arthropoda,Arachnida,Araneae,Araneidae,Eustala,NA,16,6/21/2017,Egner,C,6/14/2017,37,Single
6212017EGC7,OTU1319,GS,98.3,BOLD:AAP3037,Animalia,Arthropoda,Insecta,Diptera,NA,NA,NA,13,6/21/2017,Egner,C,6/14/2017,37,Single
6212017EGC7,OTU1350,GS,97.2,BOLD:AAA7067,Animalia,Arthropoda,Insecta,Diptera,Culicidae,Aedes,Aedes vexans,17,6/21/2017,Egner,C,6/14/2017,37,Single
6212017EGC7,OTU1351,SS,0.94,BOLD:AAB7030,Animalia,Arthropoda,Insecta,Diptera,Chironomidae,Chironomus,Chironomus decorus,76,6/21/2017,Egner,C,6/14/2017,37,Single
6212017EGC7,OTU1385,US,1,BOLD:ACP6531,Animalia,Arthropoda,Arachnida,Mesostigmata,NA,NA,NA,34,6/21/2017,Egner,C,6/14/2017,37,Single
6212017EGC7,OTU1399,SS,0.28,BOLD:AAX9373,Animalia,Arthropoda,Insecta,Diptera,NA,NA,NA,17,6/21/2017,Egner,C,6/14/2017,37,Single
6212017EGC7,OTU1403,SS,0.36,BOLD:ACV0130,Animalia,Arthropoda,Insecta,Diptera,NA,NA,NA,3,6/21/2017,Egner,C,6/14/2017,37,Single
6212017EGC7,OTU1434,GS,97.6,BOLD:AAA7067,Animalia,Arthropoda,Insecta,Diptera,Culicidae,Aedes,Aedes vexans,3,6/21/2017,Egner,C,6/14/2017,37,Single
6212017EGC7,OTU1480,US,0.9249,BOLD:AAN5882,Animalia,Arthropoda,Insecta,Diptera,NA,NA,NA,1,6/21/2017,Egner,C,6/14/2017,37,Single
6212017EGC7,OTU1488,SS,0.76,BOLD:AAF8973,Animalia,Arthropoda,Insecta,Diptera,Tipulidae,NA,NA,1,6/21/2017,Egner,C,6/14/2017,37,Single
6212017EGC7,OTU1494,US,0.8732,BOLD:AAF4632,Animalia,Arthropoda,Insecta,Diptera,NA,NA,NA,2,6/21/2017,Egner,C,6/14/2017,37,Single
6212017EGC7,OTU1509,GS,97.2,BOLD:AAF9000,Animalia,Arthropoda,Insecta,Diptera,NA,NA,NA,10,6/21/2017,Egner,C,6/14/2017,37,Single
6212017EGC7,OTU1522,SS,0.57,BOLD:AAF9008,Animalia,Arthropoda,Insecta,Diptera,NA,NA,NA,2,6/21/2017,Egner,C,6/14/2017,37,Single
6212017EGC7,OTU1554,SS,0.92,BOLD:AAP2734,Animalia,Arthropoda,Insecta,Diptera,Limoniidae,Erioptera,Erioptera parva,10,6/21/2017,Egner,C,6/14/2017,37,Single
6212017EGC7,OTU1564,US,0,None,Animalia,Arthropoda,Arachnida,Sarcoptiformes,NA,NA,NA,11,6/21/2017,Egner,C,6/14/2017,37,Single
6212017EGC7,OTU1683,SS,0.84,BOLD:AAF4632,Animalia,Arthropoda,Insecta,Diptera,Limoniidae,Epiphragma,Epiphragma solatrix,7,6/21/2017,Egner,C,6/14/2017,37,Single
6212017EGC7,OTU1703,SS,0.06,BOLD:AAG4526,Animalia,Arthropoda,Insecta,Diptera,Tipulidae,Tipula,NA,4,6/21/2017,Egner,C,6/14/2017,37,Single
6212017EGC7,OTU1719,GS,97.2,BOLD:AAG0149,Animalia,Arthropoda,Insecta,Lepidoptera,NA,NA,NA,1,6/21/2017,Egner,C,6/14/2017,37,Single
6212017EGC7,OTU1741,GS,98.3,BOLD:AAP9050,Animalia,Arthropoda,Insecta,Diptera,Ceratopogonidae,NA,NA,10,6/21/2017,Egner,C,6/14/2017,37,Single
6212017EGC7,OTU1748,SS,0.6,BOLD:ACF8409,Animalia,Arthropoda,Insecta,Diptera,NA,NA,NA,5,6/21/2017,Egner,C,6/14/2017,37,Single
6212017EGC7,OTU1756,SS,0.97,BOLD:AAG3848,Animalia,Arthropoda,Insecta,Diptera,Culicidae,Culex,Culex erraticus,3,6/21/2017,Egner,C,6/14/2017,37,Single
6212017EGC7,OTU1788,SS,0.63,BOLD:AAF9010,Animalia,Arthropoda,Insecta,Diptera,NA,NA,NA,3,6/21/2017,Egner,C,6/14/2017,37,Single
6212017EGC7,OTU1800,US,0.3913,None,Animalia,Arthropoda,Insecta,Diptera,NA,NA,NA,14,6/21/2017,Egner,C,6/14/2017,37,Single
6212017EGC7,OTU1834,SS,0.74,BOLD:AAF4632,Animalia,Arthropoda,Insecta,Diptera,NA,NA,NA,6,6/21/2017,Egner,C,6/14/2017,37,Single
6212017EGC8,OTU1,US,0.0026,BOLD:AAD6798,Animalia,Arthropoda,Insecta,Diptera,NA,NA,NA,2397,6/21/2017,Egner,C,6/14/2017,37,Single
6212017EGC8,OTU4,GS,100,BOLD:AAN5882,Animalia,Arthropoda,Insecta,Diptera,Limoniidae,Erioptera,Erioptera caliptera,4093,6/21/2017,Egner,C,6/14/2017,37,Single
6212017EGC8,OTU5,GS,99.4,BOLD:AAN5451,Animalia,Arthropoda,Arachnida,Araneae,Araneidae,Eustala,NA,3904,6/21/2017,Egner,C,6/14/2017,37,Single
6212017EGC8,OTU18,GS,100,BOLD:ABY8739,Animalia,Arthropoda,Insecta,Diptera,Tabanidae,NA,NA,6117,6/21/2017,Egner,C,6/14/2017,37,Single
6212017EGC8,OTU34,GS,100,BOLD:AAM6211,Animalia,Arthropoda,Insecta,Diptera,Chironomidae,Glyptotendipes,NA,60,6/21/2017,Egner,C,6/14/2017,37,Single
6212017EGC8,OTU57,GS,100,BOLD:AAI1618,Animalia,Arthropoda,Insecta,Diptera,Culicidae,Coquillettidia,Coquillettidia perturbans,417,6/21/2017,Egner,C,6/14/2017,37,Single
6212017EGC8,OTU64,US,0.9925,BOLD:AAL8170,Animalia,Arthropoda,Insecta,Hymenoptera,NA,NA,NA,518,6/21/2017,Egner,C,6/14/2017,37,Single
6212017EGC8,OTU65,GS,100,BOLD:AAA1517,Animalia,Arthropoda,Insecta,Lepidoptera,Tortricidae,Choristoneura,Choristoneura rosaceana,972,6/21/2017,Egner,C,6/14/2017,37,Single
6212017EGC8,OTU67,GS,100,BOLD:AAO3948,Animalia,Arthropoda,Insecta,Diptera,Tipulidae,Nephrotoma,Nephrotoma macrocera,116,6/21/2017,Egner,C,6/14/2017,37,Single
6212017EGC8,OTU68,GS,100,BOLD:AAB7030,Animalia,Arthropoda,Insecta,Diptera,Chironomidae,Chironomus,Chironomus decorus,56,6/21/2017,Egner,C,6/14/2017,37,Single
6212017EGC8,OTU85,US,0.9919,BOLD:AAH1006,Animalia,Arthropoda,Insecta,Diptera,NA,NA,NA,6860,6/21/2017,Egner,C,6/14/2017,37,Single
6212017EGC8,OTU87,US,0,BOLD:ABY2339,Animalia,Arthropoda,Insecta,Diptera,NA,NA,NA,38,6/21/2017,Egner,C,6/14/2017,37,Single
6212017EGC8,OTU99,US,1,BOLD:ACF7919,Animalia,Arthropoda,Collembola,Poduromorpha,NA,NA,NA,53,6/21/2017,Egner,C,6/14/2017,37,Single
6212017EGC8,OTU100,US,0,BOLD:ACD6759,Animalia,Arthropoda,Insecta,Hymenoptera,NA,NA,NA,150,6/21/2017,Egner,C,6/14/2017,37,Single
6212017EGC8,OTU133,US,0,BOLD:AAH1180,Animalia,Arthropoda,Insecta,Hemiptera,NA,NA,NA,538,6/21/2017,Egner,C,6/14/2017,37,Single
6212017EGC8,OTU170,US,0.9963,BOLD:ABW9033,Animalia,Arthropoda,Insecta,Hymenoptera,NA,NA,NA,60,6/21/2017,Egner,C,6/14/2017,37,Single
6212017EGC8,OTU190,GS,100,BOLD:ABY7666,Animalia,Arthropoda,Insecta,Diptera,Culicidae,Culex,Culex territans,12,6/21/2017,Egner,C,6/14/2017,37,Single
6212017EGC8,OTU269,GS,97.2,BOLD:AAP9050,Animalia,Arthropoda,Insecta,Diptera,Ceratopogonidae,NA,NA,34,6/21/2017,Egner,C,6/14/2017,37,Single
6212017EGC8,OTU273,SS,0.29,BOLD:AAC8291,Animalia,Arthropoda,Insecta,Diptera,Tabanidae,Chrysops,NA,32,6/21/2017,Egner,C,6/14/2017,37,Single
6212017EGC8,OTU276,SS,0.44,BOLD:ACE7334,Animalia,Arthropoda,Insecta,Diptera,NA,NA,NA,97,6/21/2017,Egner,C,6/14/2017,37,Single
6212017EGC8,OTU282,SS,0.66,BOLD:AAG4564,Animalia,Arthropoda,Insecta,Diptera,NA,NA,NA,49,6/21/2017,Egner,C,6/14/2017,37,Single
6212017EGC8,OTU290,GS,100,BOLD:AAE4427,Animalia,Arthropoda,Insecta,Lepidoptera,Tineidae,Xylesthia,Xylesthia pruniramiella,35,6/21/2017,Egner,C,6/14/2017,37,Single
6212017EGC8,OTU317,GS,99.4,BOLD:ACA8818,Animalia,Arthropoda,Insecta,Hemiptera,Derbidae,Patara,Patara vanduzeei,13,6/21/2017,Egner,C,6/14/2017,37,Single
6212017EGC8,OTU345,US,0.986,BOLD:ACE7334,Animalia,Arthropoda,Insecta,Diptera,NA,NA,NA,64,6/21/2017,Egner,C,6/14/2017,37,Single
6212017EGC8,OTU483,US,0.1429,BOLD:ACK7325,Animalia,Arthropoda,Chilopoda,Scolopendromorpha,NA,NA,NA,5,6/21/2017,Egner,C,6/14/2017,37,Single
6212017EGC8,OTU523,US,0,BOLD:ACE7334,Animalia,Arthropoda,Insecta,Diptera,NA,NA,NA,22,6/21/2017,Egner,C,6/14/2017,37,Single
6212017EGC8,OTU553,SS,0.41,BOLD:AAC8291,Animalia,Arthropoda,Insecta,Diptera,Tabanidae,Chrysops,NA,28,6/21/2017,Egner,C,6/14/2017,37,Single
6212017EGC8,OTU578,US,0.986,BOLD:ACE7332,Animalia,Arthropoda,Insecta,Diptera,NA,NA,NA,18,6/21/2017,Egner,C,6/14/2017,37,Single
6212017EGC8,OTU594,SS,0.18,BOLD:ABY8739,Animalia,Arthropoda,Insecta,Diptera,Tabanidae,NA,NA,17,6/21/2017,Egner,C,6/14/2017,37,Single
6212017EGC8,OTU614,GS,97.9,BOLD:AAC8291,Animalia,Arthropoda,Insecta,Diptera,Tabanidae,Chrysops,Chrysops montanus,8,6/21/2017,Egner,C,6/14/2017,37,Single
6212017EGC8,OTU709,GS,97.8,BOLD:ABW4416,Animalia,Arthropoda,Insecta,Diptera,NA,NA,NA,11,6/21/2017,Egner,C,6/14/2017,37,Single
6212017EGC8,OTU724,GS,97.8,BOLD:ACL2801,Animalia,Arthropoda,Insecta,Diptera,NA,NA,NA,23,6/21/2017,Egner,C,6/14/2017,37,Single
6212017EGC8,OTU737,GS,100,BOLD:AAG3822,Animalia,Arthropoda,Arachnida,Araneae,Anyphaenidae,Anyphaena,NA,11,6/21/2017,Egner,C,6/14/2017,37,Single
6212017EGC8,OTU899,SS,0.79,BOLD:ACE7334,Animalia,Arthropoda,Insecta,Diptera,Tabanidae,NA,NA,5,6/21/2017,Egner,C,6/14/2017,37,Single
6212017EGC8,OTU907,SS,0.01,BOLD:AAO3940,Animalia,Arthropoda,Insecta,Diptera,Limoniidae,Rhipidia,NA,5,6/21/2017,Egner,C,6/14/2017,37,Single
6212017EGC8,OTU974,GSL,97.8,BOLD:AAI4070,Animalia,Arthropoda,Insecta,Diptera,Tabanidae,Chrysops,NA,1,6/21/2017,Egner,C,6/14/2017,37,Single
6212017EGC8,OTU1046,SS,0.46,BOLD:ACE7334,Animalia,Arthropoda,Insecta,Diptera,NA,NA,NA,18,6/21/2017,Egner,C,6/14/2017,37,Single
6212017EGC8,OTU1058,SS,0.31,BOLD:AAB6284,Animalia,Arthropoda,Insecta,Lepidoptera,NA,NA,NA,26,6/21/2017,Egner,C,6/14/2017,37,Single
6212017EGC8,OTU1070,GS,99.4,BOLD:AAC0184,Animalia,Arthropoda,Insecta,Lepidoptera,Tineidae,Niditinea,Niditinea orleansella,12,6/21/2017,Egner,C,6/14/2017,37,Single
6212017EGC8,OTU1087,GS,97.2,BOLD:AAB5367,Animalia,Arthropoda,Insecta,Diptera,Tabanidae,Chrysops,Chrysops vittatus,1,6/21/2017,Egner,C,6/14/2017,37,Single
6212017EGC8,OTU1097,GS,97.2,BOLD:AAN5451,Animalia,Arthropoda,Arachnida,Araneae,Araneidae,Eustala,NA,90,6/21/2017,Egner,C,6/14/2017,37,Single
6212017EGC8,OTU1100,GS,97,BOLD:AAF9064,Animalia,Arthropoda,Insecta,Diptera,Limoniidae,Elephantomyia,Elephantomyia westwoodi,31,6/21/2017,Egner,C,6/14/2017,37,Single
6212017EGC8,OTU1244,SS,0.81,BOLD:AAN5882,Animalia,Arthropoda,Insecta,Diptera,Limoniidae,Erioptera,Erioptera caliptera,40,6/21/2017,Egner,C,6/14/2017,37,Single
6212017EGC8,OTU1272,SS,0.22,BOLD:AAD8585,Animalia,Arthropoda,Insecta,Diptera,Tabanidae,Chrysops,NA,4,6/21/2017,Egner,C,6/14/2017,37,Single
6212017EGC8,OTU1317,SS,0.01,BOLD:AAN5451,Animalia,Arthropoda,Arachnida,Araneae,Araneidae,Eustala,NA,30,6/21/2017,Egner,C,6/14/2017,37,Single
6212017EGC8,OTU1467,US,0,BOLD:AAH6882,Animalia,Arthropoda,Arachnida,Araneae,NA,NA,NA,27,6/21/2017,Egner,C,6/14/2017,37,Single
6212017EGC8,OTU1577,GS,98.3,BOLD:AAB5696,Animalia,Arthropoda,Insecta,Diptera,Culicidae,Aedes,Aedes canadensis,28,6/21/2017,Egner,C,6/14/2017,37,Single
6212017EGC8,OTU1656,US,0.9715,BOLD:AAD6798,Animalia,Arthropoda,Insecta,Diptera,NA,NA,NA,17,6/21/2017,Egner,C,6/14/2017,37,Single
6212017EGC8,OTU1748,SS,0.6,BOLD:ACF8409,Animalia,Arthropoda,Insecta,Diptera,NA,NA,NA,1,6/21/2017,Egner,C,6/14/2017,37,Single
6212017EGC8,OTU1764,US,0.9934,BOLD:ACQ7934,Animalia,Arthropoda,Insecta,Hymenoptera,NA,NA,NA,20,6/21/2017,Egner,C,6/14/2017,37,Single
6212017EGC8,OTU1800,US,0.3913,None,Animalia,Arthropoda,Insecta,Diptera,NA,NA,NA,2,6/21/2017,Egner,C,6/14/2017,37,Single
6212017EGC9,OTU1,US,0.0026,BOLD:AAD6798,Animalia,Arthropoda,Insecta,Diptera,NA,NA,NA,803,6/21/2017,Egner,C,6/14/2017,37,Single
6212017EGC9,OTU5,GS,99.4,BOLD:AAN5451,Animalia,Arthropoda,Arachnida,Araneae,Araneidae,Eustala,NA,12392,6/21/2017,Egner,C,6/14/2017,37,Single
6212017EGC9,OTU7,GS,100,BOLD:AAF4632,Animalia,Arthropoda,Insecta,Diptera,Limoniidae,Epiphragma,Epiphragma solatrix,3470,6/21/2017,Egner,C,6/14/2017,37,Single
6212017EGC9,OTU9,US,0.7924,BOLD:AAG8502,Animalia,Arthropoda,Insecta,NA,NA,NA,NA,214,6/21/2017,Egner,C,6/14/2017,37,Single
6212017EGC9,OTU12,GS,100,BOLD:AAE5173,Animalia,Arthropoda,Insecta,Diptera,Psychodidae,PschodididGC,NA,719,6/21/2017,Egner,C,6/14/2017,37,Single
6212017EGC9,OTU13,GS,100,BOLD:ABV1771,Animalia,Arthropoda,Insecta,Diptera,Limoniidae,NA,NA,746,6/21/2017,Egner,C,6/14/2017,37,Single
6212017EGC9,OTU14,GS,99.4,BOLD:AAO3940,Animalia,Arthropoda,Insecta,Diptera,Limoniidae,Rhipidia,NA,778,6/21/2017,Egner,C,6/14/2017,37,Single
6212017EGC9,OTU16,GS,100,BOLD:AAA7067,Animalia,Arthropoda,Insecta,Diptera,Culicidae,Aedes,Aedes vexans,999,6/21/2017,Egner,C,6/14/2017,37,Single
6212017EGC9,OTU26,GS,98.8,BOLD:ACM8443,Animalia,Arthropoda,Insecta,Diptera,Tabanidae,Hybomitra,Hybomitra epistates,2881,6/21/2017,Egner,C,6/14/2017,37,Single
6212017EGC9,OTU34,GS,100,BOLD:AAM6211,Animalia,Arthropoda,Insecta,Diptera,Chironomidae,Glyptotendipes,NA,61,6/21/2017,Egner,C,6/14/2017,37,Single
6212017EGC9,OTU35,GS,100,BOLD:ABW4215,Animalia,Arthropoda,Insecta,Diptera,Chironomidae,Glyptotendipes,Glyptotendipes meridionalis,100,6/21/2017,Egner,C,6/14/2017,37,Single
6212017EGC9,OTU65,GS,100,BOLD:AAA1517,Animalia,Arthropoda,Insecta,Lepidoptera,Tortricidae,Choristoneura,Choristoneura rosaceana,69,6/21/2017,Egner,C,6/14/2017,37,Single
6212017EGC9,OTU68,GS,100,BOLD:AAB7030,Animalia,Arthropoda,Insecta,Diptera,Chironomidae,Chironomus,Chironomus decorus,312,6/21/2017,Egner,C,6/14/2017,37,Single
6212017EGC9,OTU97,GS,100,BOLD:AAB7935,Animalia,Arthropoda,Arachnida,Araneae,Araneidae,Eustala,Eustala cepina,494,6/21/2017,Egner,C,6/14/2017,37,Single
6212017EGC9,OTU105,GS,100,BOLD:AAB7936,Animalia,Arthropoda,Insecta,Lepidoptera,Oecophoridae,Inga,Inga sparsiciliella,63,6/21/2017,Egner,C,6/14/2017,37,Single
6212017EGC9,OTU107,GS,98.9,BOLD:ACD3689,Animalia,Arthropoda,Insecta,Hymenoptera,Diapriidae,NA,NA,11868,6/21/2017,Egner,C,6/14/2017,37,Single
6212017EGC9,OTU147,GS,100,BOLD:AAA4056,Animalia,Arthropoda,Insecta,Lepidoptera,Geometridae,Hypagyrtis,Hypagyrtis piniata,93,6/21/2017,Egner,C,6/14/2017,37,Single
6212017EGC9,OTU180,GS,100,BOLD:AAM8933,Animalia,Arthropoda,Insecta,Psocodea,Amphipsocidae,Polypsocus,Polypsocus corruptus,9,6/21/2017,Egner,C,6/14/2017,37,Single
6212017EGC9,OTU190,GS,100,BOLD:ABY7666,Animalia,Arthropoda,Insecta,Diptera,Culicidae,Culex,Culex territans,41,6/21/2017,Egner,C,6/14/2017,37,Single
6212017EGC9,OTU198,GS,99.4,BOLD:ABZ1242,Animalia,Arthropoda,Insecta,Diptera,Chironomidae,NA,NA,149,6/21/2017,Egner,C,6/14/2017,37,Single
6212017EGC9,OTU231,GS,100,BOLD:AAD2590,Animalia,Arthropoda,Insecta,Lepidoptera,Gracillariidae,Caloptilia,Caloptilia packardella,48,6/21/2017,Egner,C,6/14/2017,37,Single
6212017EGC9,OTU258,GS,100,BOLD:ACA7555,Animalia,Arthropoda,Insecta,Diptera,Chironomidae,NA,NA,22,6/21/2017,Egner,C,6/14/2017,37,Single
6212017EGC9,OTU270,GS,100,BOLD:AAB6541,Animalia,Arthropoda,Insecta,Lepidoptera,Gelechiidae,Coleotechnites,Coleotechnites florae,5,6/21/2017,Egner,C,6/14/2017,37,Single
6212017EGC9,OTU287,GS,98.9,BOLD:AAG5457,Animalia,Arthropoda,Insecta,Diptera,Chironomidae,NA,NA,21,6/21/2017,Egner,C,6/14/2017,37,Single
6212017EGC9,OTU290,GS,100,BOLD:AAE4427,Animalia,Arthropoda,Insecta,Lepidoptera,Tineidae,Xylesthia,Xylesthia pruniramiella,41,6/21/2017,Egner,C,6/14/2017,37,Single
6212017EGC9,OTU298,GS,100,BOLD:ACB8970,Animalia,Arthropoda,Insecta,Lepidoptera,Cosmopterigidae,NA,NA,24,6/21/2017,Egner,C,6/14/2017,37,Single
6212017EGC9,OTU299,SS,0.18,BOLD:ACJ2126,Animalia,Arthropoda,Insecta,Diptera,NA,NA,NA,176,6/21/2017,Egner,C,6/14/2017,37,Single
6212017EGC9,OTU345,US,0.986,BOLD:ACE7334,Animalia,Arthropoda,Insecta,Diptera,NA,NA,NA,19,6/21/2017,Egner,C,6/14/2017,37,Single
6212017EGC9,OTU392,US,1,None,Animalia,Arthropoda,Insecta,Diptera,NA,NA,NA,5,6/21/2017,Egner,C,6/14/2017,37,Single
6212017EGC9,OTU434,GS,100,BOLD:AAU7127,Animalia,Arthropoda,Insecta,Coleoptera,Carabidae,Bembidion,Bembidion affine,218,6/21/2017,Egner,C,6/14/2017,37,Single
6212017EGC9,OTU440,GS,98.3,BOLD:AAG4950,Animalia,Arthropoda,Insecta,Diptera,Keroplatidae,NA,NA,13,6/21/2017,Egner,C,6/14/2017,37,Single
6212017EGC9,OTU498,GSL,99.4,BOLD:AAI2160,Animalia,Arthropoda,Insecta,Odonata,Coenagrionidae,Ischnura,Ischnura posita,18,6/21/2017,Egner,C,6/14/2017,37,Single
6212017EGC9,OTU500,GS,99.4,BOLD:AAG8583,Animalia,Arthropoda,Insecta,Lepidoptera,Blastobasidae,Pigritia,Pigritia fidella,4,6/21/2017,Egner,C,6/14/2017,37,Single
6212017EGC9,OTU512,US,0,BOLD:AAD5415,Animalia,Arthropoda,Insecta,Diptera,NA,NA,NA,65,6/21/2017,Egner,C,6/14/2017,37,Single
6212017EGC9,OTU549,GS,100,BOLD:AAM8604,Animalia,Arthropoda,Insecta,Lepidoptera,NA,NA,NA,13,6/21/2017,Egner,C,6/14/2017,37,Single
6212017EGC9,OTU554,SS,0.58,BOLD:ABY1337,Animalia,Arthropoda,Insecta,Hemiptera,Miridae,NA,NA,62,6/21/2017,Egner,C,6/14/2017,37,Single
6212017EGC9,OTU563,GS,100,BOLD:AAH7221,Animalia,Arthropoda,Insecta,Neuroptera,Mantispidae,Dicromantispa,Dicromantispa sayi,4,6/21/2017,Egner,C,6/14/2017,37,Single
6212017EGC9,OTU692,GS,100,BOLD:ABW5646,Animalia,Arthropoda,Insecta,Psocodea,Psocidae,Cerastipsocus,NA,515,6/21/2017,Egner,C,6/14/2017,37,Single
6212017EGC9,OTU709,GS,97.8,BOLD:ABW4416,Animalia,Arthropoda,Insecta,Diptera,NA,NA,NA,26,6/21/2017,Egner,C,6/14/2017,37,Single
6212017EGC9,OTU745,SS,0.11,BOLD:AAP0259,Animalia,Arthropoda,Insecta,Lepidoptera,NA,NA,NA,167,6/21/2017,Egner,C,6/14/2017,37,Single
6212017EGC9,OTU841,US,0.9803,BOLD:ACS5726,Animalia,Arthropoda,Insecta,Lepidoptera,NA,NA,NA,216,6/21/2017,Egner,C,6/14/2017,37,Single
6212017EGC9,OTU916,GS,100,BOLD:AAB2176,Animalia,Arthropoda,Insecta,Lepidoptera,Gelechiidae,Arogalea,Arogalea cristifasciella,8,6/21/2017,Egner,C,6/14/2017,37,Single
6212017EGC9,OTU956,SS,0.08,BOLD:ACN4095,Animalia,Arthropoda,Insecta,Diptera,NA,NA,NA,30,6/21/2017,Egner,C,6/14/2017,37,Single
6212017EGC9,OTU980,SS,0.03,BOLD:ACL2801,Animalia,Arthropoda,Insecta,Diptera,NA,NA,NA,5,6/21/2017,Egner,C,6/14/2017,37,Single
6212017EGC9,OTU982,GS,98.3,BOLD:AAP9050,Animalia,Arthropoda,Insecta,Diptera,Ceratopogonidae,NA,NA,276,6/21/2017,Egner,C,6/14/2017,37,Single
6212017EGC9,OTU1016,GS,99.4,BOLD:ABV1452,Animalia,Arthropoda,Insecta,Diptera,Chironomidae,NA,NA,6,6/21/2017,Egner,C,6/14/2017,37,Single
6212017EGC9,OTU1097,GS,97.2,BOLD:AAN5451,Animalia,Arthropoda,Arachnida,Araneae,Araneidae,Eustala,NA,263,6/21/2017,Egner,C,6/14/2017,37,Single
6212017EGC9,OTU1176,US,0.9249,BOLD:AAF4632,Animalia,Arthropoda,Insecta,Diptera,NA,NA,NA,2,6/21/2017,Egner,C,6/14/2017,37,Single
6212017EGC9,OTU1210,GS,97.2,BOLD:AAF4632,Animalia,Arthropoda,Insecta,Diptera,Limoniidae,Epiphragma,Epiphragma solatrix,88,6/21/2017,Egner,C,6/14/2017,37,Single
6212017EGC9,OTU1265,SS,0.83,BOLD:AAF4632,Animalia,Arthropoda,Insecta,Diptera,Limoniidae,Epiphragma,Epiphragma solatrix,10,6/21/2017,Egner,C,6/14/2017,37,Single
6212017EGC9,OTU1267,GS,97.2,BOLD:AAP2550,Animalia,Arthropoda,Insecta,Neuroptera,Sisyridae,Sisyra,NA,25,6/21/2017,Egner,C,6/14/2017,37,Single
6212017EGC9,OTU1292,GS,97.8,BOLD:AAN5882,Animalia,Arthropoda,Insecta,Diptera,Limoniidae,Erioptera,Erioptera caliptera,3,6/21/2017,Egner,C,6/14/2017,37,Single
6212017EGC9,OTU1317,SS,0.01,BOLD:AAN5451,Animalia,Arthropoda,Arachnida,Araneae,Araneidae,Eustala,NA,4,6/21/2017,Egner,C,6/14/2017,37,Single
6212017EGC9,OTU1330,US,0.9249,BOLD:ACP5792,Animalia,Arthropoda,Insecta,Diptera,NA,NA,NA,21,6/21/2017,Egner,C,6/14/2017,37,Single
6212017EGC9,OTU1350,GS,97.2,BOLD:AAA7067,Animalia,Arthropoda,Insecta,Diptera,Culicidae,Aedes,Aedes vexans,18,6/21/2017,Egner,C,6/14/2017,37,Single
6212017EGC9,OTU1351,SS,0.94,BOLD:AAB7030,Animalia,Arthropoda,Insecta,Diptera,Chironomidae,Chironomus,Chironomus decorus,21,6/21/2017,Egner,C,6/14/2017,37,Single
6212017EGC9,OTU1354,US,0.0026,BOLD:ACX1099,Animalia,Arthropoda,Insecta,Lepidoptera,NA,NA,NA,36,6/21/2017,Egner,C,6/14/2017,37,Single
6212017EGC9,OTU1403,SS,0.36,BOLD:ACV0130,Animalia,Arthropoda,Insecta,Diptera,NA,NA,NA,3,6/21/2017,Egner,C,6/14/2017,37,Single
6212017EGC9,OTU1425,GS,98.9,BOLD:ABV0248,Animalia,Arthropoda,Insecta,Diptera,Ceratopogonidae,Stilobezzia,Stilobezzia antennalis,41,6/21/2017,Egner,C,6/14/2017,37,Single
6212017EGC9,OTU1434,GS,97.6,BOLD:AAA7067,Animalia,Arthropoda,Insecta,Diptera,Culicidae,Aedes,Aedes vexans,2,6/21/2017,Egner,C,6/14/2017,37,Single
6212017EGC9,OTU1683,SS,0.84,BOLD:AAF4632,Animalia,Arthropoda,Insecta,Diptera,Limoniidae,Epiphragma,Epiphragma solatrix,10,6/21/2017,Egner,C,6/14/2017,37,Single
6212017EGC9,OTU1709,US,0,None,Animalia,Arthropoda,Collembola,Symphypleona,NA,NA,NA,20,6/21/2017,Egner,C,6/14/2017,37,Single
6212017EGC9,OTU1741,GS,98.3,BOLD:AAP9050,Animalia,Arthropoda,Insecta,Diptera,Ceratopogonidae,NA,NA,44,6/21/2017,Egner,C,6/14/2017,37,Single
6212017EGC9,OTU1756,SS,0.97,BOLD:AAG3848,Animalia,Arthropoda,Insecta,Diptera,Culicidae,Culex,Culex erraticus,2,6/21/2017,Egner,C,6/14/2017,37,Single
6212017EGC9,OTU1818,GS,97.9,BOLD:AAF4632,Animalia,Arthropoda,Insecta,Diptera,Limoniidae,Epiphragma,Epiphragma solatrix,4,6/21/2017,Egner,C,6/14/2017,37,Single
6212017EGC9,OTU1823,US,0.7924,BOLD:ACS5726,Animalia,Arthropoda,Insecta,NA,NA,NA,NA,17,6/21/2017,Egner,C,6/14/2017,37,Single
6212017EGC9,OTU1834,SS,0.74,BOLD:AAF4632,Animalia,Arthropoda,Insecta,Diptera,NA,NA,NA,10,6/21/2017,Egner,C,6/14/2017,37,Single
6212017EGC9,OTU1871,SS,0.85,BOLD:AAG3848,Animalia,Arthropoda,Insecta,Diptera,Culicidae,Culex,Culex erraticus,2,6/21/2017,Egner,C,6/14/2017,37,Single
6212017EGC9,OTU1890,US,0.5581,BOLD:ACS5726,Animalia,Arthropoda,Insecta,NA,NA,NA,NA,20,6/21/2017,Egner,C,6/14/2017,37,Single
6212017EGD1,OTU1,US,0.0026,BOLD:AAD6798,Animalia,Arthropoda,Insecta,Diptera,NA,NA,NA,433,6/21/2017,Egner,D,6/14/2017,41,Single
6212017EGD1,OTU5,GS,99.4,BOLD:AAN5451,Animalia,Arthropoda,Arachnida,Araneae,Araneidae,Eustala,NA,16205,6/21/2017,Egner,D,6/14/2017,41,Single
6212017EGD1,OTU13,GS,100,BOLD:ABV1771,Animalia,Arthropoda,Insecta,Diptera,Limoniidae,NA,NA,312,6/21/2017,Egner,D,6/14/2017,41,Single
6212017EGD1,OTU16,GS,100,BOLD:AAA7067,Animalia,Arthropoda,Insecta,Diptera,Culicidae,Aedes,Aedes vexans,1635,6/21/2017,Egner,D,6/14/2017,41,Single
6212017EGD1,OTU17,GS,100,BOLD:AAB3702,Animalia,Arthropoda,Insecta,Trichoptera,Hydropsychidae,Potamyia,Potamyia flava,197,6/21/2017,Egner,D,6/14/2017,41,Single
6212017EGD1,OTU18,GS,100,BOLD:ABY8739,Animalia,Arthropoda,Insecta,Diptera,Tabanidae,NA,NA,19917,6/21/2017,Egner,D,6/14/2017,41,Single
6212017EGD1,OTU34,GS,100,BOLD:AAM6211,Animalia,Arthropoda,Insecta,Diptera,Chironomidae,Glyptotendipes,NA,270,6/21/2017,Egner,D,6/14/2017,41,Single
6212017EGD1,OTU68,GS,100,BOLD:AAB7030,Animalia,Arthropoda,Insecta,Diptera,Chironomidae,Chironomus,Chironomus decorus,100,6/21/2017,Egner,D,6/14/2017,41,Single
6212017EGD1,OTU87,US,0,BOLD:ABY2339,Animalia,Arthropoda,Insecta,Diptera,NA,NA,NA,916,6/21/2017,Egner,D,6/14/2017,41,Single
6212017EGD1,OTU99,US,1,BOLD:ACF7919,Animalia,Arthropoda,Collembola,Poduromorpha,NA,NA,NA,126,6/21/2017,Egner,D,6/14/2017,41,Single
6212017EGD1,OTU115,GS,100,BOLD:AAA4942,Animalia,Arthropoda,Arachnida,Araneae,Tetragnathidae,Tetragnatha,Tetragnatha elongata,38,6/21/2017,Egner,D,6/14/2017,41,Single
6212017EGD1,OTU116,GS,100,BOLD:AAG0758,Animalia,Arthropoda,Insecta,Coleoptera,Pyrochroidae,Dendroides,Dendroides canadensis,44,6/21/2017,Egner,D,6/14/2017,41,Single
6212017EGD1,OTU144,GS,100,BOLD:AAN6304,Animalia,Arthropoda,Arachnida,Araneae,Araneidae,Araneus,Araneus guttulatus,65,6/21/2017,Egner,D,6/14/2017,41,Single
6212017EGD1,OTU169,GS,97.2,BOLD:AAO2061,Animalia,Arthropoda,Insecta,Blattodea,Ectobiidae,Parcoblatta,NA,11,6/21/2017,Egner,D,6/14/2017,41,Single
6212017EGD1,OTU193,GS,98.9,BOLD:AAI4436,Animalia,Arthropoda,Insecta,Lepidoptera,Gelechiidae,Aristotelia,NA,26,6/21/2017,Egner,D,6/14/2017,41,Single
6212017EGD1,OTU198,GS,99.4,BOLD:ABZ1242,Animalia,Arthropoda,Insecta,Diptera,Chironomidae,NA,NA,48,6/21/2017,Egner,D,6/14/2017,41,Single
6212017EGD1,OTU214,GS,99.4,BOLD:AAW6795,Animalia,Arthropoda,Insecta,Diptera,NA,NA,NA,8,6/21/2017,Egner,D,6/14/2017,41,Single
6212017EGD1,OTU231,GS,100,BOLD:AAD2590,Animalia,Arthropoda,Insecta,Lepidoptera,Gracillariidae,Caloptilia,Caloptilia packardella,11,6/21/2017,Egner,D,6/14/2017,41,Single
6212017EGD1,OTU258,GS,100,BOLD:ACA7555,Animalia,Arthropoda,Insecta,Diptera,Chironomidae,NA,NA,5,6/21/2017,Egner,D,6/14/2017,41,Single
6212017EGD1,OTU265,GS,100,BOLD:AAQ3192,Animalia,Arthropoda,Insecta,Lepidoptera,Dryadaulidae,Dryadaula,NA,22,6/21/2017,Egner,D,6/14/2017,41,Single
6212017EGD1,OTU273,SS,0.29,BOLD:AAC8291,Animalia,Arthropoda,Insecta,Diptera,Tabanidae,Chrysops,NA,119,6/21/2017,Egner,D,6/14/2017,41,Single
6212017EGD1,OTU276,SS,0.44,BOLD:ACE7334,Animalia,Arthropoda,Insecta,Diptera,NA,NA,NA,127,6/21/2017,Egner,D,6/14/2017,41,Single
6212017EGD1,OTU282,SS,0.66,BOLD:AAG4564,Animalia,Arthropoda,Insecta,Diptera,NA,NA,NA,180,6/21/2017,Egner,D,6/14/2017,41,Single
6212017EGD1,OTU319,US,0,None,Animalia,Arthropoda,Arachnida,Mesostigmata,NA,NA,NA,11,6/21/2017,Egner,D,6/14/2017,41,Single
6212017EGD1,OTU342,GS,99.4,BOLD:AAI1931,Animalia,Arthropoda,Insecta,Lepidoptera,Blastobasidae,Holcocera,Holcocera chalcofrontella,9,6/21/2017,Egner,D,6/14/2017,41,Single
6212017EGD1,OTU345,US,0.986,BOLD:ACE7334,Animalia,Arthropoda,Insecta,Diptera,NA,NA,NA,47,6/21/2017,Egner,D,6/14/2017,41,Single
6212017EGD1,OTU469,GS,100,BOLD:AAR7014,Animalia,Arthropoda,Insecta,Lepidoptera,Gracillariidae,Neurobathra,Neurobathra strigifinitella,30,6/21/2017,Egner,D,6/14/2017,41,Single
6212017EGD1,OTU538,SS,0.61,BOLD:AAG4564,Animalia,Arthropoda,Insecta,Diptera,NA,NA,NA,81,6/21/2017,Egner,D,6/14/2017,41,Single
6212017EGD1,OTU551,SS,0.63,BOLD:ACE7334,Animalia,Arthropoda,Insecta,Diptera,NA,NA,NA,12,6/21/2017,Egner,D,6/14/2017,41,Single
6212017EGD1,OTU553,SS,0.41,BOLD:AAC8291,Animalia,Arthropoda,Insecta,Diptera,Tabanidae,Chrysops,NA,49,6/21/2017,Egner,D,6/14/2017,41,Single
6212017EGD1,OTU578,US,0.986,BOLD:ACE7332,Animalia,Arthropoda,Insecta,Diptera,NA,NA,NA,5,6/21/2017,Egner,D,6/14/2017,41,Single
6212017EGD1,OTU594,SS,0.18,BOLD:ABY8739,Animalia,Arthropoda,Insecta,Diptera,Tabanidae,NA,NA,48,6/21/2017,Egner,D,6/14/2017,41,Single
6212017EGD1,OTU614,GS,97.9,BOLD:AAC8291,Animalia,Arthropoda,Insecta,Diptera,Tabanidae,Chrysops,Chrysops montanus,35,6/21/2017,Egner,D,6/14/2017,41,Single
6212017EGD1,OTU631,US,0.9919,BOLD:AAG0758,Animalia,Arthropoda,Insecta,Coleoptera,NA,NA,NA,9,6/21/2017,Egner,D,6/14/2017,41,Single
6212017EGD1,OTU779,GS,99.4,BOLD:ABW9743,Animalia,Arthropoda,Insecta,Hemiptera,Cicadellidae,Scaphoideus,NA,9,6/21/2017,Egner,D,6/14/2017,41,Single
6212017EGD1,OTU837,SS,0.78,BOLD:AAC8291,Animalia,Arthropoda,Insecta,Diptera,NA,NA,NA,55,6/21/2017,Egner,D,6/14/2017,41,Single
6212017EGD1,OTU899,SS,0.79,BOLD:ACE7334,Animalia,Arthropoda,Insecta,Diptera,Tabanidae,NA,NA,5,6/21/2017,Egner,D,6/14/2017,41,Single
6212017EGD1,OTU928,GS,100,BOLD:AAA7927,Animalia,Arthropoda,Insecta,Lepidoptera,Tortricidae,Bactra,Bactra furfurana,114,6/21/2017,Egner,D,6/14/2017,41,Single
6212017EGD1,OTU974,GSL,97.8,BOLD:AAI4070,Animalia,Arthropoda,Insecta,Diptera,Tabanidae,Chrysops,NA,4,6/21/2017,Egner,D,6/14/2017,41,Single
6212017EGD1,OTU1034,US,7e-04,BOLD:AAI5631,Animalia,Arthropoda,Insecta,Mecoptera,NA,NA,NA,19,6/21/2017,Egner,D,6/14/2017,41,Single
6212017EGD1,OTU1046,SS,0.46,BOLD:ACE7334,Animalia,Arthropoda,Insecta,Diptera,NA,NA,NA,1,6/21/2017,Egner,D,6/14/2017,41,Single
6212017EGD1,OTU1087,GS,97.2,BOLD:AAB5367,Animalia,Arthropoda,Insecta,Diptera,Tabanidae,Chrysops,Chrysops vittatus,11,6/21/2017,Egner,D,6/14/2017,41,Single
6212017EGD1,OTU1097,GS,97.2,BOLD:AAN5451,Animalia,Arthropoda,Arachnida,Araneae,Araneidae,Eustala,NA,182,6/21/2017,Egner,D,6/14/2017,41,Single
6212017EGD1,OTU1173,GS,97.2,BOLD:ACR7402,Animalia,Arthropoda,Insecta,Mecoptera,NA,NA,NA,69,6/21/2017,Egner,D,6/14/2017,41,Single
6212017EGD1,OTU1247,US,0.9546,BOLD:ACR7402,Animalia,Arthropoda,Insecta,Diptera,NA,NA,NA,97,6/21/2017,Egner,D,6/14/2017,41,Single
6212017EGD1,OTU1272,SS,0.22,BOLD:AAD8585,Animalia,Arthropoda,Insecta,Diptera,Tabanidae,Chrysops,NA,1,6/21/2017,Egner,D,6/14/2017,41,Single
6212017EGD1,OTU1317,SS,0.01,BOLD:AAN5451,Animalia,Arthropoda,Arachnida,Araneae,Araneidae,Eustala,NA,4,6/21/2017,Egner,D,6/14/2017,41,Single
6212017EGD1,OTU1350,GS,97.2,BOLD:AAA7067,Animalia,Arthropoda,Insecta,Diptera,Culicidae,Aedes,Aedes vexans,117,6/21/2017,Egner,D,6/14/2017,41,Single
6212017EGD1,OTU1377,SS,0.02,BOLD:ACR7402,Animalia,Arthropoda,Insecta,Mecoptera,NA,NA,NA,70,6/21/2017,Egner,D,6/14/2017,41,Single
6212017EGD1,OTU1656,US,0.9715,BOLD:AAD6798,Animalia,Arthropoda,Insecta,Diptera,NA,NA,NA,11,6/21/2017,Egner,D,6/14/2017,41,Single
6212017EGD1,OTU1800,US,0.3913,None,Animalia,Arthropoda,Insecta,Diptera,NA,NA,NA,30,6/21/2017,Egner,D,6/14/2017,41,Single
6212017EGD1,OTU1923,SS,0.64,BOLD:AAB5367,Animalia,Arthropoda,Insecta,Diptera,Tabanidae,NA,NA,23,6/21/2017,Egner,D,6/14/2017,41,Single
6212017EGD10,OTU1,US,0.0026,BOLD:AAD6798,Animalia,Arthropoda,Insecta,Diptera,NA,NA,NA,156,6/21/2017,Egner,D,6/14/2017,41,Single
6212017EGD10,OTU4,GS,100,BOLD:AAN5882,Animalia,Arthropoda,Insecta,Diptera,Limoniidae,Erioptera,Erioptera caliptera,366,6/21/2017,Egner,D,6/14/2017,41,Single
6212017EGD10,OTU5,GS,99.4,BOLD:AAN5451,Animalia,Arthropoda,Arachnida,Araneae,Araneidae,Eustala,NA,16594,6/21/2017,Egner,D,6/14/2017,41,Single
6212017EGD10,OTU10,GS,100,BOLD:ACF3057,Animalia,Arthropoda,Insecta,Lepidoptera,Tineidae,Acrolophus,Acrolophus mortipennella,3549,6/21/2017,Egner,D,6/14/2017,41,Single
6212017EGD10,OTU11,GS,99.4,BOLD:AAG3848,Animalia,Arthropoda,Insecta,Diptera,Culicidae,Culex,Culex erraticus,822,6/21/2017,Egner,D,6/14/2017,41,Single
6212017EGD10,OTU13,GS,100,BOLD:ABV1771,Animalia,Arthropoda,Insecta,Diptera,Limoniidae,NA,NA,248,6/21/2017,Egner,D,6/14/2017,41,Single
6212017EGD10,OTU14,GS,99.4,BOLD:AAO3940,Animalia,Arthropoda,Insecta,Diptera,Limoniidae,Rhipidia,NA,911,6/21/2017,Egner,D,6/14/2017,41,Single
6212017EGD10,OTU16,GS,100,BOLD:AAA7067,Animalia,Arthropoda,Insecta,Diptera,Culicidae,Aedes,Aedes vexans,1021,6/21/2017,Egner,D,6/14/2017,41,Single
6212017EGD10,OTU18,GS,100,BOLD:ABY8739,Animalia,Arthropoda,Insecta,Diptera,Tabanidae,NA,NA,34855,6/21/2017,Egner,D,6/14/2017,41,Single
6212017EGD10,OTU21,GS,100,BOLD:ACR3763,Animalia,Arthropoda,Insecta,Coleoptera,Ptilodactylidae,Ptilodactyla,Ptilodactyla serricollis,68,6/21/2017,Egner,D,6/14/2017,41,Single
6212017EGD10,OTU32,GS,99.4,BOLD:AAD0637,Animalia,Arthropoda,Insecta,Trichoptera,Phryganeidae,Ptilostomis,Ptilostomis postica,1208,6/21/2017,Egner,D,6/14/2017,41,Single
6212017EGD10,OTU65,GS,100,BOLD:AAA1517,Animalia,Arthropoda,Insecta,Lepidoptera,Tortricidae,Choristoneura,Choristoneura rosaceana,67,6/21/2017,Egner,D,6/14/2017,41,Single
6212017EGD10,OTU68,GS,100,BOLD:AAB7030,Animalia,Arthropoda,Insecta,Diptera,Chironomidae,Chironomus,Chironomus decorus,65,6/21/2017,Egner,D,6/14/2017,41,Single
6212017EGD10,OTU78,US,1,BOLD:AAY8864,Animalia,Arthropoda,Insecta,Diptera,NA,NA,NA,17,6/21/2017,Egner,D,6/14/2017,41,Single
6212017EGD10,OTU88,GS,100,BOLD:AAE0434,Animalia,Arthropoda,Insecta,Diptera,Culicidae,Uranotaenia,Uranotaenia sapphirina,101,6/21/2017,Egner,D,6/14/2017,41,Single
6212017EGD10,OTU107,GS,98.9,BOLD:ACD3689,Animalia,Arthropoda,Insecta,Hymenoptera,Diapriidae,NA,NA,88,6/21/2017,Egner,D,6/14/2017,41,Single
6212017EGD10,OTU190,GS,100,BOLD:ABY7666,Animalia,Arthropoda,Insecta,Diptera,Culicidae,Culex,Culex territans,38,6/21/2017,Egner,D,6/14/2017,41,Single
6212017EGD10,OTU273,SS,0.29,BOLD:AAC8291,Animalia,Arthropoda,Insecta,Diptera,Tabanidae,Chrysops,NA,2442,6/21/2017,Egner,D,6/14/2017,41,Single
6212017EGD10,OTU276,SS,0.44,BOLD:ACE7334,Animalia,Arthropoda,Insecta,Diptera,NA,NA,NA,522,6/21/2017,Egner,D,6/14/2017,41,Single
6212017EGD10,OTU282,SS,0.66,BOLD:AAG4564,Animalia,Arthropoda,Insecta,Diptera,NA,NA,NA,1270,6/21/2017,Egner,D,6/14/2017,41,Single
6212017EGD10,OTU345,US,0.986,BOLD:ACE7334,Animalia,Arthropoda,Insecta,Diptera,NA,NA,NA,1003,6/21/2017,Egner,D,6/14/2017,41,Single
6212017EGD10,OTU369,SS,0.79,BOLD:ACS7984,Animalia,Arthropoda,Insecta,Hemiptera,NA,NA,NA,49,6/21/2017,Egner,D,6/14/2017,41,Single
6212017EGD10,OTU434,GS,100,BOLD:AAU7127,Animalia,Arthropoda,Insecta,Coleoptera,Carabidae,Bembidion,Bembidion affine,89,6/21/2017,Egner,D,6/14/2017,41,Single
6212017EGD10,OTU475,US,0.9249,BOLD:ACE7334,Animalia,Arthropoda,Insecta,Diptera,NA,NA,NA,330,6/21/2017,Egner,D,6/14/2017,41,Single
6212017EGD10,OTU523,US,0,BOLD:ACE7334,Animalia,Arthropoda,Insecta,Diptera,NA,NA,NA,317,6/21/2017,Egner,D,6/14/2017,41,Single
6212017EGD10,OTU538,SS,0.61,BOLD:AAG4564,Animalia,Arthropoda,Insecta,Diptera,NA,NA,NA,262,6/21/2017,Egner,D,6/14/2017,41,Single
6212017EGD10,OTU551,SS,0.63,BOLD:ACE7334,Animalia,Arthropoda,Insecta,Diptera,NA,NA,NA,481,6/21/2017,Egner,D,6/14/2017,41,Single
6212017EGD10,OTU553,SS,0.41,BOLD:AAC8291,Animalia,Arthropoda,Insecta,Diptera,Tabanidae,Chrysops,NA,360,6/21/2017,Egner,D,6/14/2017,41,Single
6212017EGD10,OTU563,GS,100,BOLD:AAH7221,Animalia,Arthropoda,Insecta,Neuroptera,Mantispidae,Dicromantispa,Dicromantispa sayi,377,6/21/2017,Egner,D,6/14/2017,41,Single
6212017EGD10,OTU578,US,0.986,BOLD:ACE7332,Animalia,Arthropoda,Insecta,Diptera,NA,NA,NA,318,6/21/2017,Egner,D,6/14/2017,41,Single
6212017EGD10,OTU594,SS,0.18,BOLD:ABY8739,Animalia,Arthropoda,Insecta,Diptera,Tabanidae,NA,NA,143,6/21/2017,Egner,D,6/14/2017,41,Single
6212017EGD10,OTU614,GS,97.9,BOLD:AAC8291,Animalia,Arthropoda,Insecta,Diptera,Tabanidae,Chrysops,Chrysops montanus,120,6/21/2017,Egner,D,6/14/2017,41,Single
6212017EGD10,OTU668,SS,0.25,BOLD:AAC8291,Animalia,Arthropoda,Insecta,Diptera,Tabanidae,Chrysops,NA,352,6/21/2017,Egner,D,6/14/2017,41,Single
6212017EGD10,OTU738,GS,99.4,BOLD:AAC9476,Animalia,Arthropoda,Insecta,Diptera,Culicidae,Aedes,Aedes triseriatus,127,6/21/2017,Egner,D,6/14/2017,41,Single
6212017EGD10,OTU788,US,0,None,Animalia,Arthropoda,Branchiopoda,Diplostraca,NA,NA,NA,171,6/21/2017,Egner,D,6/14/2017,41,Single
6212017EGD10,OTU837,SS,0.78,BOLD:AAC8291,Animalia,Arthropoda,Insecta,Diptera,NA,NA,NA,136,6/21/2017,Egner,D,6/14/2017,41,Single
6212017EGD10,OTU899,SS,0.79,BOLD:ACE7334,Animalia,Arthropoda,Insecta,Diptera,Tabanidae,NA,NA,249,6/21/2017,Egner,D,6/14/2017,41,Single
6212017EGD10,OTU974,GSL,97.8,BOLD:AAI4070,Animalia,Arthropoda,Insecta,Diptera,Tabanidae,Chrysops,NA,112,6/21/2017,Egner,D,6/14/2017,41,Single
6212017EGD10,OTU1046,SS,0.46,BOLD:ACE7334,Animalia,Arthropoda,Insecta,Diptera,NA,NA,NA,96,6/21/2017,Egner,D,6/14/2017,41,Single
6212017EGD10,OTU1087,GS,97.2,BOLD:AAB5367,Animalia,Arthropoda,Insecta,Diptera,Tabanidae,Chrysops,Chrysops vittatus,55,6/21/2017,Egner,D,6/14/2017,41,Single
6212017EGD10,OTU1097,GS,97.2,BOLD:AAN5451,Animalia,Arthropoda,Arachnida,Araneae,Araneidae,Eustala,NA,341,6/21/2017,Egner,D,6/14/2017,41,Single
6212017EGD10,OTU1130,SS,0.64,BOLD:AAN4385,Animalia,Arthropoda,Insecta,Diptera,NA,NA,NA,1,6/21/2017,Egner,D,6/14/2017,41,Single
6212017EGD10,OTU1272,SS,0.22,BOLD:AAD8585,Animalia,Arthropoda,Insecta,Diptera,Tabanidae,Chrysops,NA,57,6/21/2017,Egner,D,6/14/2017,41,Single
6212017EGD10,OTU1296,GS,97.2,BOLD:AAD2334,Animalia,Arthropoda,Insecta,Lepidoptera,Tineidae,Acrolophus,Acrolophus hasbroucki,4,6/21/2017,Egner,D,6/14/2017,41,Single
6212017EGD10,OTU1317,SS,0.01,BOLD:AAN5451,Animalia,Arthropoda,Arachnida,Araneae,Araneidae,Eustala,NA,26,6/21/2017,Egner,D,6/14/2017,41,Single
6212017EGD10,OTU1324,GS,97.8,BOLD:ACL3035,Animalia,Arthropoda,Insecta,Hymenoptera,Ichneumonidae,NA,NA,43,6/21/2017,Egner,D,6/14/2017,41,Single
6212017EGD10,OTU1330,US,0.9249,BOLD:ACP5792,Animalia,Arthropoda,Insecta,Diptera,NA,NA,NA,7,6/21/2017,Egner,D,6/14/2017,41,Single
6212017EGD10,OTU1351,SS,0.94,BOLD:AAB7030,Animalia,Arthropoda,Insecta,Diptera,Chironomidae,Chironomus,Chironomus decorus,14,6/21/2017,Egner,D,6/14/2017,41,Single
6212017EGD10,OTU1448,SS,0.8,BOLD:AAC8291,Animalia,Arthropoda,Insecta,Diptera,Tabanidae,Chrysops,Chrysops caecutiens,124,6/21/2017,Egner,D,6/14/2017,41,Single
6212017EGD10,OTU1497,SS,0.97,BOLD:AAI1618,Animalia,Arthropoda,Insecta,Diptera,Culicidae,Coquillettidia,Coquillettidia perturbans,15,6/21/2017,Egner,D,6/14/2017,41,Single
6212017EGD10,OTU1656,US,0.9715,BOLD:AAD6798,Animalia,Arthropoda,Insecta,Diptera,NA,NA,NA,1,6/21/2017,Egner,D,6/14/2017,41,Single
6212017EGD10,OTU1719,GS,97.2,BOLD:AAG0149,Animalia,Arthropoda,Insecta,Lepidoptera,NA,NA,NA,5,6/21/2017,Egner,D,6/14/2017,41,Single
6212017EGD10,OTU1748,SS,0.6,BOLD:ACF8409,Animalia,Arthropoda,Insecta,Diptera,NA,NA,NA,1,6/21/2017,Egner,D,6/14/2017,41,Single
6212017EGD10,OTU1756,SS,0.97,BOLD:AAG3848,Animalia,Arthropoda,Insecta,Diptera,Culicidae,Culex,Culex erraticus,3,6/21/2017,Egner,D,6/14/2017,41,Single
6212017EGD10,OTU1871,SS,0.85,BOLD:AAG3848,Animalia,Arthropoda,Insecta,Diptera,Culicidae,Culex,Culex erraticus,1,6/21/2017,Egner,D,6/14/2017,41,Single
6212017EGD10,OTU1923,SS,0.64,BOLD:AAB5367,Animalia,Arthropoda,Insecta,Diptera,Tabanidae,NA,NA,273,6/21/2017,Egner,D,6/14/2017,41,Single
6212017EGD2,OTU1,US,0.0026,BOLD:AAD6798,Animalia,Arthropoda,Insecta,Diptera,NA,NA,NA,8600,6/21/2017,Egner,D,6/14/2017,41,Single
6212017EGD2,OTU5,GS,99.4,BOLD:AAN5451,Animalia,Arthropoda,Arachnida,Araneae,Araneidae,Eustala,NA,23679,6/21/2017,Egner,D,6/14/2017,41,Single
6212017EGD2,OTU11,GS,99.4,BOLD:AAG3848,Animalia,Arthropoda,Insecta,Diptera,Culicidae,Culex,Culex erraticus,1259,6/21/2017,Egner,D,6/14/2017,41,Single
6212017EGD2,OTU16,GS,100,BOLD:AAA7067,Animalia,Arthropoda,Insecta,Diptera,Culicidae,Aedes,Aedes vexans,4261,6/21/2017,Egner,D,6/14/2017,41,Single
6212017EGD2,OTU34,GS,100,BOLD:AAM6211,Animalia,Arthropoda,Insecta,Diptera,Chironomidae,Glyptotendipes,NA,401,6/21/2017,Egner,D,6/14/2017,41,Single
6212017EGD2,OTU68,GS,100,BOLD:AAB7030,Animalia,Arthropoda,Insecta,Diptera,Chironomidae,Chironomus,Chironomus decorus,307,6/21/2017,Egner,D,6/14/2017,41,Single
6212017EGD2,OTU88,GS,100,BOLD:AAE0434,Animalia,Arthropoda,Insecta,Diptera,Culicidae,Uranotaenia,Uranotaenia sapphirina,1058,6/21/2017,Egner,D,6/14/2017,41,Single
6212017EGD2,OTU99,US,1,BOLD:ACF7919,Animalia,Arthropoda,Collembola,Poduromorpha,NA,NA,NA,525,6/21/2017,Egner,D,6/14/2017,41,Single
6212017EGD2,OTU115,GS,100,BOLD:AAA4942,Animalia,Arthropoda,Arachnida,Araneae,Tetragnathidae,Tetragnatha,Tetragnatha elongata,18,6/21/2017,Egner,D,6/14/2017,41,Single
6212017EGD2,OTU118,US,1,None,Animalia,Arthropoda,Arachnida,Mesostigmata,NA,NA,NA,35,6/21/2017,Egner,D,6/14/2017,41,Single
6212017EGD2,OTU132,US,1,None,Animalia,Arthropoda,Hexanauplia,Harpacticoida,NA,NA,NA,81,6/21/2017,Egner,D,6/14/2017,41,Single
6212017EGD2,OTU198,GS,99.4,BOLD:ABZ1242,Animalia,Arthropoda,Insecta,Diptera,Chironomidae,NA,NA,14,6/21/2017,Egner,D,6/14/2017,41,Single
6212017EGD2,OTU213,GS,100,BOLD:AAD4936,Animalia,Arthropoda,Insecta,Lepidoptera,Gracillariidae,Caloptilia,Caloptilia sassafrasella,187,6/21/2017,Egner,D,6/14/2017,41,Single
6212017EGD2,OTU215,GS,100,BOLD:AAA2490,Animalia,Arthropoda,Insecta,Lepidoptera,Crambidae,Palpita,Palpita magniferalis,26,6/21/2017,Egner,D,6/14/2017,41,Single
6212017EGD2,OTU216,GS,100,BOLD:AAG5659,Animalia,Arthropoda,Arachnida,Araneae,Tetragnathidae,Tetragnatha,Tetragnatha viridis,409,6/21/2017,Egner,D,6/14/2017,41,Single
6212017EGD2,OTU258,GS,100,BOLD:ACA7555,Animalia,Arthropoda,Insecta,Diptera,Chironomidae,NA,NA,18,6/21/2017,Egner,D,6/14/2017,41,Single
6212017EGD2,OTU269,GS,97.2,BOLD:AAP9050,Animalia,Arthropoda,Insecta,Diptera,Ceratopogonidae,NA,NA,288,6/21/2017,Egner,D,6/14/2017,41,Single
6212017EGD2,OTU295,GS,97.8,BOLD:AAG3848,Animalia,Arthropoda,Insecta,Diptera,Culicidae,Culex,Culex erraticus,491,6/21/2017,Egner,D,6/14/2017,41,Single
6212017EGD2,OTU319,US,0,None,Animalia,Arthropoda,Arachnida,Mesostigmata,NA,NA,NA,52,6/21/2017,Egner,D,6/14/2017,41,Single
6212017EGD2,OTU442,GS,97.2,BOLD:ABU6554,Animalia,Arthropoda,Insecta,Diptera,NA,NA,NA,28,6/21/2017,Egner,D,6/14/2017,41,Single
6212017EGD2,OTU483,US,0.1429,BOLD:ACK7325,Animalia,Arthropoda,Chilopoda,Scolopendromorpha,NA,NA,NA,547,6/21/2017,Egner,D,6/14/2017,41,Single
6212017EGD2,OTU493,GS,99.4,BOLD:ABY7387,Animalia,Arthropoda,Insecta,Lepidoptera,Limacodidae,Lithacodes,Lithacodes fasciola,17,6/21/2017,Egner,D,6/14/2017,41,Single
6212017EGD2,OTU517,US,0,None,Animalia,Arthropoda,Insecta,Diptera,NA,NA,NA,55,6/21/2017,Egner,D,6/14/2017,41,Single
6212017EGD2,OTU674,US,0,BOLD:AAG4815,Animalia,Arthropoda,Arachnida,Mesostigmata,NA,NA,NA,12,6/21/2017,Egner,D,6/14/2017,41,Single
6212017EGD2,OTU781,US,1,None,Animalia,Arthropoda,Insecta,Diptera,NA,NA,NA,79,6/21/2017,Egner,D,6/14/2017,41,Single
6212017EGD2,OTU812,US,0.3913,None,Animalia,Arthropoda,Maxillopoda,Calanoida,NA,NA,NA,17,6/21/2017,Egner,D,6/14/2017,41,Single
6212017EGD2,OTU828,US,1,None,Animalia,Arthropoda,Insecta,Orthoptera,NA,NA,NA,33,6/21/2017,Egner,D,6/14/2017,41,Single
6212017EGD2,OTU949,GS,100,BOLD:AAP3003,Animalia,Arthropoda,Insecta,Diptera,Chironomidae,NA,NA,15,6/21/2017,Egner,D,6/14/2017,41,Single
6212017EGD2,OTU956,SS,0.08,BOLD:ACN4095,Animalia,Arthropoda,Insecta,Diptera,NA,NA,NA,37,6/21/2017,Egner,D,6/14/2017,41,Single
6212017EGD2,OTU1006,GS,99.4,BOLD:ABX3604,Animalia,Arthropoda,Insecta,Coleoptera,Scirtidae,NA,NA,99,6/21/2017,Egner,D,6/14/2017,41,Single
6212017EGD2,OTU1097,GS,97.2,BOLD:AAN5451,Animalia,Arthropoda,Arachnida,Araneae,Araneidae,Eustala,NA,399,6/21/2017,Egner,D,6/14/2017,41,Single
6212017EGD2,OTU1102,SS,0.23,BOLD:ACX4343,Animalia,Arthropoda,Insecta,Coleoptera,NA,NA,NA,8,6/21/2017,Egner,D,6/14/2017,41,Single
6212017EGD2,OTU1128,GS,100,BOLD:ABW2675,Animalia,Arthropoda,Insecta,Diptera,Tipulidae,Brachypremna,NA,93,6/21/2017,Egner,D,6/14/2017,41,Single
6212017EGD2,OTU1135,GS,98.9,BOLD:AAM7619,Animalia,Arthropoda,Insecta,Coleoptera,Melandryidae,Symphora,Symphora rugosa,83,6/21/2017,Egner,D,6/14/2017,41,Single
6212017EGD2,OTU1317,SS,0.01,BOLD:AAN5451,Animalia,Arthropoda,Arachnida,Araneae,Araneidae,Eustala,NA,18,6/21/2017,Egner,D,6/14/2017,41,Single
6212017EGD2,OTU1350,GS,97.2,BOLD:AAA7067,Animalia,Arthropoda,Insecta,Diptera,Culicidae,Aedes,Aedes vexans,98,6/21/2017,Egner,D,6/14/2017,41,Single
6212017EGD2,OTU1351,SS,0.94,BOLD:AAB7030,Animalia,Arthropoda,Insecta,Diptera,Chironomidae,Chironomus,Chironomus decorus,11,6/21/2017,Egner,D,6/14/2017,41,Single
6212017EGD2,OTU1399,SS,0.28,BOLD:AAX9373,Animalia,Arthropoda,Insecta,Diptera,NA,NA,NA,9,6/21/2017,Egner,D,6/14/2017,41,Single
6212017EGD2,OTU1498,US,0,BOLD:ACF8190,Animalia,Arthropoda,Arachnida,Trombidiformes,NA,NA,NA,42,6/21/2017,Egner,D,6/14/2017,41,Single
6212017EGD2,OTU1705,SS,0.26,BOLD:ADH4973,Animalia,Arthropoda,Insecta,Diptera,NA,NA,NA,2,6/21/2017,Egner,D,6/14/2017,41,Single
6212017EGD2,OTU1718,US,0.2259,BOLD:AAZ9784,Animalia,Arthropoda,Insecta,Lepidoptera,NA,NA,NA,12,6/21/2017,Egner,D,6/14/2017,41,Single
6212017EGD2,OTU1723,GS,97.8,BOLD:ACE5249,Animalia,Arthropoda,Insecta,Lepidoptera,Limacodidae,Isochaetes,Isochaetes beutenmuelleri,17,6/21/2017,Egner,D,6/14/2017,41,Single
6212017EGD2,OTU1727,US,0.2061,BOLD:ACY3163,Animalia,Arthropoda,Malacostraca,Decapoda,NA,NA,NA,16,6/21/2017,Egner,D,6/14/2017,41,Single
6212017EGD2,OTU1750,US,1,None,Animalia,Arthropoda,Insecta,Hemiptera,NA,NA,NA,4,6/21/2017,Egner,D,6/14/2017,41,Single
6212017EGD2,OTU1756,SS,0.97,BOLD:AAG3848,Animalia,Arthropoda,Insecta,Diptera,Culicidae,Culex,Culex erraticus,46,6/21/2017,Egner,D,6/14/2017,41,Single
6212017EGD2,OTU1818,GS,97.9,BOLD:AAF4632,Animalia,Arthropoda,Insecta,Diptera,Limoniidae,Epiphragma,Epiphragma solatrix,1,6/21/2017,Egner,D,6/14/2017,41,Single
6212017EGD2,OTU1878,SS,0.78,BOLD:ABW4215,Animalia,Arthropoda,Insecta,Diptera,NA,NA,NA,2,6/21/2017,Egner,D,6/14/2017,41,Single
6212017EGD3,OTU1,US,0.0026,BOLD:AAD6798,Animalia,Arthropoda,Insecta,Diptera,NA,NA,NA,575,6/21/2017,Egner,D,6/14/2017,41,Single
6212017EGD3,OTU5,GS,99.4,BOLD:AAN5451,Animalia,Arthropoda,Arachnida,Araneae,Araneidae,Eustala,NA,8862,6/21/2017,Egner,D,6/14/2017,41,Single
6212017EGD3,OTU10,GS,100,BOLD:ACF3057,Animalia,Arthropoda,Insecta,Lepidoptera,Tineidae,Acrolophus,Acrolophus mortipennella,8819,6/21/2017,Egner,D,6/14/2017,41,Single
6212017EGD3,OTU16,GS,100,BOLD:AAA7067,Animalia,Arthropoda,Insecta,Diptera,Culicidae,Aedes,Aedes vexans,491,6/21/2017,Egner,D,6/14/2017,41,Single
6212017EGD3,OTU18,GS,100,BOLD:ABY8739,Animalia,Arthropoda,Insecta,Diptera,Tabanidae,NA,NA,7819,6/21/2017,Egner,D,6/14/2017,41,Single
6212017EGD3,OTU26,GS,98.8,BOLD:ACM8443,Animalia,Arthropoda,Insecta,Diptera,Tabanidae,Hybomitra,Hybomitra epistates,1605,6/21/2017,Egner,D,6/14/2017,41,Single
6212017EGD3,OTU35,GS,100,BOLD:ABW4215,Animalia,Arthropoda,Insecta,Diptera,Chironomidae,Glyptotendipes,Glyptotendipes meridionalis,237,6/21/2017,Egner,D,6/14/2017,41,Single
6212017EGD3,OTU117,GS,100,BOLD:AAH5449,Animalia,Arthropoda,Insecta,Lepidoptera,Tineidae,Acrolophus,Acrolophus propinqua,263,6/21/2017,Egner,D,6/14/2017,41,Single
6212017EGD3,OTU174,GS,97.2,BOLD:AAD2010,Animalia,Arthropoda,Insecta,Lepidoptera,Tineidae,Acrolophus,Acrolophus propinqua,66,6/21/2017,Egner,D,6/14/2017,41,Single
6212017EGD3,OTU198,GS,99.4,BOLD:ABZ1242,Animalia,Arthropoda,Insecta,Diptera,Chironomidae,NA,NA,6,6/21/2017,Egner,D,6/14/2017,41,Single
6212017EGD3,OTU273,SS,0.29,BOLD:AAC8291,Animalia,Arthropoda,Insecta,Diptera,Tabanidae,Chrysops,NA,108,6/21/2017,Egner,D,6/14/2017,41,Single
6212017EGD3,OTU276,SS,0.44,BOLD:ACE7334,Animalia,Arthropoda,Insecta,Diptera,NA,NA,NA,28,6/21/2017,Egner,D,6/14/2017,41,Single
6212017EGD3,OTU523,US,0,BOLD:ACE7334,Animalia,Arthropoda,Insecta,Diptera,NA,NA,NA,5,6/21/2017,Egner,D,6/14/2017,41,Single
6212017EGD3,OTU538,SS,0.61,BOLD:AAG4564,Animalia,Arthropoda,Insecta,Diptera,NA,NA,NA,18,6/21/2017,Egner,D,6/14/2017,41,Single
6212017EGD3,OTU551,SS,0.63,BOLD:ACE7334,Animalia,Arthropoda,Insecta,Diptera,NA,NA,NA,4,6/21/2017,Egner,D,6/14/2017,41,Single
6212017EGD3,OTU553,SS,0.41,BOLD:AAC8291,Animalia,Arthropoda,Insecta,Diptera,Tabanidae,Chrysops,NA,21,6/21/2017,Egner,D,6/14/2017,41,Single
6212017EGD3,OTU563,GS,100,BOLD:AAH7221,Animalia,Arthropoda,Insecta,Neuroptera,Mantispidae,Dicromantispa,Dicromantispa sayi,8,6/21/2017,Egner,D,6/14/2017,41,Single
6212017EGD3,OTU578,US,0.986,BOLD:ACE7332,Animalia,Arthropoda,Insecta,Diptera,NA,NA,NA,52,6/21/2017,Egner,D,6/14/2017,41,Single
6212017EGD3,OTU594,SS,0.18,BOLD:ABY8739,Animalia,Arthropoda,Insecta,Diptera,Tabanidae,NA,NA,7,6/21/2017,Egner,D,6/14/2017,41,Single
6212017EGD3,OTU614,GS,97.9,BOLD:AAC8291,Animalia,Arthropoda,Insecta,Diptera,Tabanidae,Chrysops,Chrysops montanus,8,6/21/2017,Egner,D,6/14/2017,41,Single
6212017EGD3,OTU668,SS,0.25,BOLD:AAC8291,Animalia,Arthropoda,Insecta,Diptera,Tabanidae,Chrysops,NA,3,6/21/2017,Egner,D,6/14/2017,41,Single
6212017EGD3,OTU738,GS,99.4,BOLD:AAC9476,Animalia,Arthropoda,Insecta,Diptera,Culicidae,Aedes,Aedes triseriatus,121,6/21/2017,Egner,D,6/14/2017,41,Single
6212017EGD3,OTU837,SS,0.78,BOLD:AAC8291,Animalia,Arthropoda,Insecta,Diptera,NA,NA,NA,1,6/21/2017,Egner,D,6/14/2017,41,Single
6212017EGD3,OTU899,SS,0.79,BOLD:ACE7334,Animalia,Arthropoda,Insecta,Diptera,Tabanidae,NA,NA,14,6/21/2017,Egner,D,6/14/2017,41,Single
6212017EGD3,OTU974,GSL,97.8,BOLD:AAI4070,Animalia,Arthropoda,Insecta,Diptera,Tabanidae,Chrysops,NA,20,6/21/2017,Egner,D,6/14/2017,41,Single
6212017EGD3,OTU1087,GS,97.2,BOLD:AAB5367,Animalia,Arthropoda,Insecta,Diptera,Tabanidae,Chrysops,Chrysops vittatus,6,6/21/2017,Egner,D,6/14/2017,41,Single
6212017EGD3,OTU1097,GS,97.2,BOLD:AAN5451,Animalia,Arthropoda,Arachnida,Araneae,Araneidae,Eustala,NA,127,6/21/2017,Egner,D,6/14/2017,41,Single
6212017EGD3,OTU1296,GS,97.2,BOLD:AAD2334,Animalia,Arthropoda,Insecta,Lepidoptera,Tineidae,Acrolophus,Acrolophus hasbroucki,5,6/21/2017,Egner,D,6/14/2017,41,Single
6212017EGD3,OTU1317,SS,0.01,BOLD:AAN5451,Animalia,Arthropoda,Arachnida,Araneae,Araneidae,Eustala,NA,4,6/21/2017,Egner,D,6/14/2017,41,Single
6212017EGD3,OTU1448,SS,0.8,BOLD:AAC8291,Animalia,Arthropoda,Insecta,Diptera,Tabanidae,Chrysops,Chrysops caecutiens,2,6/21/2017,Egner,D,6/14/2017,41,Single
6212017EGD3,OTU1656,US,0.9715,BOLD:AAD6798,Animalia,Arthropoda,Insecta,Diptera,NA,NA,NA,2,6/21/2017,Egner,D,6/14/2017,41,Single
6212017EGD3,OTU1902,US,1,BOLD:ABU9234,Animalia,Arthropoda,Insecta,Psocodea,NA,NA,NA,10,6/21/2017,Egner,D,6/14/2017,41,Single
6212017EGD3,OTU1923,SS,0.64,BOLD:AAB5367,Animalia,Arthropoda,Insecta,Diptera,Tabanidae,NA,NA,12,6/21/2017,Egner,D,6/14/2017,41,Single
6212017EGD4,OTU1,US,0.0026,BOLD:AAD6798,Animalia,Arthropoda,Insecta,Diptera,NA,NA,NA,466,6/21/2017,Egner,D,6/14/2017,41,Single
6212017EGD4,OTU5,GS,99.4,BOLD:AAN5451,Animalia,Arthropoda,Arachnida,Araneae,Araneidae,Eustala,NA,6632,6/21/2017,Egner,D,6/14/2017,41,Single
6212017EGD4,OTU9,US,0.7924,BOLD:AAG8502,Animalia,Arthropoda,Insecta,NA,NA,NA,NA,362,6/21/2017,Egner,D,6/14/2017,41,Single
6212017EGD4,OTU10,GS,100,BOLD:ACF3057,Animalia,Arthropoda,Insecta,Lepidoptera,Tineidae,Acrolophus,Acrolophus mortipennella,427,6/21/2017,Egner,D,6/14/2017,41,Single
6212017EGD4,OTU11,GS,99.4,BOLD:AAG3848,Animalia,Arthropoda,Insecta,Diptera,Culicidae,Culex,Culex erraticus,5597,6/21/2017,Egner,D,6/14/2017,41,Single
6212017EGD4,OTU13,GS,100,BOLD:ABV1771,Animalia,Arthropoda,Insecta,Diptera,Limoniidae,NA,NA,376,6/21/2017,Egner,D,6/14/2017,41,Single
6212017EGD4,OTU14,GS,99.4,BOLD:AAO3940,Animalia,Arthropoda,Insecta,Diptera,Limoniidae,Rhipidia,NA,2271,6/21/2017,Egner,D,6/14/2017,41,Single
6212017EGD4,OTU18,GS,100,BOLD:ABY8739,Animalia,Arthropoda,Insecta,Diptera,Tabanidae,NA,NA,1163,6/21/2017,Egner,D,6/14/2017,41,Single
6212017EGD4,OTU34,GS,100,BOLD:AAM6211,Animalia,Arthropoda,Insecta,Diptera,Chironomidae,Glyptotendipes,NA,934,6/21/2017,Egner,D,6/14/2017,41,Single
6212017EGD4,OTU35,GS,100,BOLD:ABW4215,Animalia,Arthropoda,Insecta,Diptera,Chironomidae,Glyptotendipes,Glyptotendipes meridionalis,3567,6/21/2017,Egner,D,6/14/2017,41,Single
6212017EGD4,OTU37,GS,100,BOLD:AAB0484,Animalia,Arthropoda,Insecta,Lepidoptera,Tortricidae,Gypsonoma,Gypsonoma salicicolana,3151,6/21/2017,Egner,D,6/14/2017,41,Single
6212017EGD4,OTU57,GS,100,BOLD:AAI1618,Animalia,Arthropoda,Insecta,Diptera,Culicidae,Coquillettidia,Coquillettidia perturbans,426,6/21/2017,Egner,D,6/14/2017,41,Single
6212017EGD4,OTU68,GS,100,BOLD:AAB7030,Animalia,Arthropoda,Insecta,Diptera,Chironomidae,Chironomus,Chironomus decorus,187,6/21/2017,Egner,D,6/14/2017,41,Single
6212017EGD4,OTU73,GS,100,BOLD:AAD6926,Animalia,Arthropoda,Arachnida,Araneae,Anyphaenidae,Anyphaena,Anyphaena pectorosa,63,6/21/2017,Egner,D,6/14/2017,41,Single
6212017EGD4,OTU87,US,0,BOLD:ABY2339,Animalia,Arthropoda,Insecta,Diptera,NA,NA,NA,577,6/21/2017,Egner,D,6/14/2017,41,Single
6212017EGD4,OTU88,GS,100,BOLD:AAE0434,Animalia,Arthropoda,Insecta,Diptera,Culicidae,Uranotaenia,Uranotaenia sapphirina,109,6/21/2017,Egner,D,6/14/2017,41,Single
6212017EGD4,OTU115,GS,100,BOLD:AAA4942,Animalia,Arthropoda,Arachnida,Araneae,Tetragnathidae,Tetragnatha,Tetragnatha elongata,30,6/21/2017,Egner,D,6/14/2017,41,Single
6212017EGD4,OTU183,GS,100,BOLD:AAB2305,Animalia,Arthropoda,Insecta,Lepidoptera,Geometridae,Digrammia,Digrammia gnophosaria,453,6/21/2017,Egner,D,6/14/2017,41,Single
6212017EGD4,OTU189,GS,100,BOLD:ABV2225,Animalia,Arthropoda,Insecta,Lepidoptera,Gracillariidae,Caloptilia,NA,1073,6/21/2017,Egner,D,6/14/2017,41,Single
6212017EGD4,OTU190,GS,100,BOLD:ABY7666,Animalia,Arthropoda,Insecta,Diptera,Culicidae,Culex,Culex territans,123,6/21/2017,Egner,D,6/14/2017,41,Single
6212017EGD4,OTU193,GS,98.9,BOLD:AAI4436,Animalia,Arthropoda,Insecta,Lepidoptera,Gelechiidae,Aristotelia,NA,76,6/21/2017,Egner,D,6/14/2017,41,Single
6212017EGD4,OTU198,GS,99.4,BOLD:ABZ1242,Animalia,Arthropoda,Insecta,Diptera,Chironomidae,NA,NA,154,6/21/2017,Egner,D,6/14/2017,41,Single
6212017EGD4,OTU211,GS,99.4,BOLD:ACA5630,Animalia,Arthropoda,Insecta,Coleoptera,Ptinidae,NA,NA,11,6/21/2017,Egner,D,6/14/2017,41,Single
6212017EGD4,OTU216,GS,100,BOLD:AAG5659,Animalia,Arthropoda,Arachnida,Araneae,Tetragnathidae,Tetragnatha,Tetragnatha viridis,38,6/21/2017,Egner,D,6/14/2017,41,Single
6212017EGD4,OTU235,GS,100,BOLD:AAG3918,Animalia,Arthropoda,Insecta,Diptera,Chironomidae,Procladius,NA,53,6/21/2017,Egner,D,6/14/2017,41,Single
6212017EGD4,OTU269,GS,97.2,BOLD:AAP9050,Animalia,Arthropoda,Insecta,Diptera,Ceratopogonidae,NA,NA,36,6/21/2017,Egner,D,6/14/2017,41,Single
6212017EGD4,OTU272,GS,100,BOLD:AAJ3819,Animalia,Arthropoda,Insecta,Diptera,Clusiidae,Sobarocephala,Sobarocephala setipes,11,6/21/2017,Egner,D,6/14/2017,41,Single
6212017EGD4,OTU273,SS,0.29,BOLD:AAC8291,Animalia,Arthropoda,Insecta,Diptera,Tabanidae,Chrysops,NA,111,6/21/2017,Egner,D,6/14/2017,41,Single
6212017EGD4,OTU276,SS,0.44,BOLD:ACE7334,Animalia,Arthropoda,Insecta,Diptera,NA,NA,NA,111,6/21/2017,Egner,D,6/14/2017,41,Single
6212017EGD4,OTU282,SS,0.66,BOLD:AAG4564,Animalia,Arthropoda,Insecta,Diptera,NA,NA,NA,78,6/21/2017,Egner,D,6/14/2017,41,Single
6212017EGD4,OTU287,GS,98.9,BOLD:AAG5457,Animalia,Arthropoda,Insecta,Diptera,Chironomidae,NA,NA,319,6/21/2017,Egner,D,6/14/2017,41,Single
6212017EGD4,OTU310,GS,100,BOLD:ABX7479,Animalia,Arthropoda,Insecta,Diptera,Chironomidae,Parachironomus,NA,152,6/21/2017,Egner,D,6/14/2017,41,Single
6212017EGD4,OTU345,US,0.986,BOLD:ACE7334,Animalia,Arthropoda,Insecta,Diptera,NA,NA,NA,35,6/21/2017,Egner,D,6/14/2017,41,Single
6212017EGD4,OTU475,US,0.9249,BOLD:ACE7334,Animalia,Arthropoda,Insecta,Diptera,NA,NA,NA,48,6/21/2017,Egner,D,6/14/2017,41,Single
6212017EGD4,OTU517,US,0,None,Animalia,Arthropoda,Insecta,Diptera,NA,NA,NA,17,6/21/2017,Egner,D,6/14/2017,41,Single
6212017EGD4,OTU523,US,0,BOLD:ACE7334,Animalia,Arthropoda,Insecta,Diptera,NA,NA,NA,10,6/21/2017,Egner,D,6/14/2017,41,Single
6212017EGD4,OTU538,SS,0.61,BOLD:AAG4564,Animalia,Arthropoda,Insecta,Diptera,NA,NA,NA,52,6/21/2017,Egner,D,6/14/2017,41,Single
6212017EGD4,OTU553,SS,0.41,BOLD:AAC8291,Animalia,Arthropoda,Insecta,Diptera,Tabanidae,Chrysops,NA,24,6/21/2017,Egner,D,6/14/2017,41,Single
6212017EGD4,OTU578,US,0.986,BOLD:ACE7332,Animalia,Arthropoda,Insecta,Diptera,NA,NA,NA,3,6/21/2017,Egner,D,6/14/2017,41,Single
6212017EGD4,OTU594,SS,0.18,BOLD:ABY8739,Animalia,Arthropoda,Insecta,Diptera,Tabanidae,NA,NA,10,6/21/2017,Egner,D,6/14/2017,41,Single
6212017EGD4,OTU611,GS,98.9,BOLD:ABW1511,Animalia,Arthropoda,Insecta,Diptera,Ceratopogonidae,NA,NA,162,6/21/2017,Egner,D,6/14/2017,41,Single
6212017EGD4,OTU614,GS,97.9,BOLD:AAC8291,Animalia,Arthropoda,Insecta,Diptera,Tabanidae,Chrysops,Chrysops montanus,2,6/21/2017,Egner,D,6/14/2017,41,Single
6212017EGD4,OTU632,GS,97.8,BOLD:AAG6465,Animalia,Arthropoda,Insecta,Diptera,Ceratopogonidae,NA,NA,3,6/21/2017,Egner,D,6/14/2017,41,Single
6212017EGD4,OTU668,SS,0.25,BOLD:AAC8291,Animalia,Arthropoda,Insecta,Diptera,Tabanidae,Chrysops,NA,4,6/21/2017,Egner,D,6/14/2017,41,Single
6212017EGD4,OTU823,GS,100,BOLD:ACB1348,Animalia,Arthropoda,Insecta,Coleoptera,Mordellidae,Pseudotolida,Pseudotolida arida,172,6/21/2017,Egner,D,6/14/2017,41,Single
6212017EGD4,OTU899,SS,0.79,BOLD:ACE7334,Animalia,Arthropoda,Insecta,Diptera,Tabanidae,NA,NA,5,6/21/2017,Egner,D,6/14/2017,41,Single
6212017EGD4,OTU907,SS,0.01,BOLD:AAO3940,Animalia,Arthropoda,Insecta,Diptera,Limoniidae,Rhipidia,NA,4,6/21/2017,Egner,D,6/14/2017,41,Single
6212017EGD4,OTU935,SS,0.01,BOLD:AAO3940,Animalia,Arthropoda,Insecta,Diptera,Limoniidae,Rhipidia,NA,8,6/21/2017,Egner,D,6/14/2017,41,Single
6212017EGD4,OTU999,GS,99.4,BOLD:AAG6831,Animalia,Arthropoda,Insecta,Diptera,Ceratopogonidae,Sphaeromias,NA,87,6/21/2017,Egner,D,6/14/2017,41,Single
6212017EGD4,OTU1046,SS,0.46,BOLD:ACE7334,Animalia,Arthropoda,Insecta,Diptera,NA,NA,NA,2,6/21/2017,Egner,D,6/14/2017,41,Single
6212017EGD4,OTU1097,GS,97.2,BOLD:AAN5451,Animalia,Arthropoda,Arachnida,Araneae,Araneidae,Eustala,NA,540,6/21/2017,Egner,D,6/14/2017,41,Single
6212017EGD4,OTU1103,GS,99.4,BOLD:ABW4221,Animalia,Arthropoda,Insecta,Diptera,Chironomidae,NA,NA,1,6/21/2017,Egner,D,6/14/2017,41,Single
6212017EGD4,OTU1188,US,1,None,Animalia,Arthropoda,Insecta,Diptera,NA,NA,NA,1,6/21/2017,Egner,D,6/14/2017,41,Single
6212017EGD4,OTU1268,GS,97.8,BOLD:AAM6211,Animalia,Arthropoda,Insecta,Diptera,Chironomidae,Glyptotendipes,NA,49,6/21/2017,Egner,D,6/14/2017,41,Single
6212017EGD4,OTU1271,GS,100,BOLD:AAP3004,Animalia,Arthropoda,Insecta,Diptera,Chironomidae,Chironomus,Chironomus staegeri,2,6/21/2017,Egner,D,6/14/2017,41,Single
6212017EGD4,OTU1274,GS,98.9,BOLD:AAG6465,Animalia,Arthropoda,Insecta,Diptera,Ceratopogonidae,NA,NA,109,6/21/2017,Egner,D,6/14/2017,41,Single
6212017EGD4,OTU1296,GS,97.2,BOLD:AAD2334,Animalia,Arthropoda,Insecta,Lepidoptera,Tineidae,Acrolophus,Acrolophus hasbroucki,46,6/21/2017,Egner,D,6/14/2017,41,Single
6212017EGD4,OTU1298,GS,97.2,BOLD:ACG9897,Animalia,Arthropoda,Insecta,Diptera,Ceratopogonidae,NA,NA,4,6/21/2017,Egner,D,6/14/2017,41,Single
6212017EGD4,OTU1317,SS,0.01,BOLD:AAN5451,Animalia,Arthropoda,Arachnida,Araneae,Araneidae,Eustala,NA,28,6/21/2017,Egner,D,6/14/2017,41,Single
6212017EGD4,OTU1351,SS,0.94,BOLD:AAB7030,Animalia,Arthropoda,Insecta,Diptera,Chironomidae,Chironomus,Chironomus decorus,44,6/21/2017,Egner,D,6/14/2017,41,Single
6212017EGD4,OTU1404,GS,99.4,BOLD:ADH9777,Animalia,Arthropoda,Insecta,Diptera,Cecidomyiidae,NA,NA,41,6/21/2017,Egner,D,6/14/2017,41,Single
6212017EGD4,OTU1432,US,1,None,Animalia,Arthropoda,Arachnida,Araneae,NA,NA,NA,3,6/21/2017,Egner,D,6/14/2017,41,Single
6212017EGD4,OTU1448,SS,0.8,BOLD:AAC8291,Animalia,Arthropoda,Insecta,Diptera,Tabanidae,Chrysops,Chrysops caecutiens,4,6/21/2017,Egner,D,6/14/2017,41,Single
6212017EGD4,OTU1466,GS,100,BOLD:AAC6350,Animalia,Arthropoda,Arachnida,Araneae,Theridiidae,Theridion,Theridion murarium,19,6/21/2017,Egner,D,6/14/2017,41,Single
6212017EGD4,OTU1497,SS,0.97,BOLD:AAI1618,Animalia,Arthropoda,Insecta,Diptera,Culicidae,Coquillettidia,Coquillettidia perturbans,231,6/21/2017,Egner,D,6/14/2017,41,Single
6212017EGD4,OTU1740,SS,0.75,BOLD:ABV1771,Animalia,Arthropoda,Insecta,Diptera,NA,NA,NA,1,6/21/2017,Egner,D,6/14/2017,41,Single
6212017EGD4,OTU1756,SS,0.97,BOLD:AAG3848,Animalia,Arthropoda,Insecta,Diptera,Culicidae,Culex,Culex erraticus,32,6/21/2017,Egner,D,6/14/2017,41,Single
6212017EGD4,OTU1800,US,0.3913,None,Animalia,Arthropoda,Insecta,Diptera,NA,NA,NA,25,6/21/2017,Egner,D,6/14/2017,41,Single
6212017EGD4,OTU1871,SS,0.85,BOLD:AAG3848,Animalia,Arthropoda,Insecta,Diptera,Culicidae,Culex,Culex erraticus,26,6/21/2017,Egner,D,6/14/2017,41,Single
6212017EGD4,OTU1875,SS,0.92,BOLD:AAI1618,Animalia,Arthropoda,Insecta,Diptera,Culicidae,Coquillettidia,Coquillettidia perturbans,1,6/21/2017,Egner,D,6/14/2017,41,Single
6212017EGD4,OTU1878,SS,0.78,BOLD:ABW4215,Animalia,Arthropoda,Insecta,Diptera,NA,NA,NA,22,6/21/2017,Egner,D,6/14/2017,41,Single
6212017EGD5,OTU5,GS,99.4,BOLD:AAN5451,Animalia,Arthropoda,Arachnida,Araneae,Araneidae,Eustala,NA,3958,6/21/2017,Egner,D,6/14/2017,41,Single
6212017EGD5,OTU16,GS,100,BOLD:AAA7067,Animalia,Arthropoda,Insecta,Diptera,Culicidae,Aedes,Aedes vexans,326,6/21/2017,Egner,D,6/14/2017,41,Single
6212017EGD5,OTU18,GS,100,BOLD:ABY8739,Animalia,Arthropoda,Insecta,Diptera,Tabanidae,NA,NA,183,6/21/2017,Egner,D,6/14/2017,41,Single
6212017EGD5,OTU27,SS,0.18,BOLD:AAC6806,Animalia,Arthropoda,Insecta,Diptera,NA,NA,NA,38150,6/21/2017,Egner,D,6/14/2017,41,Single
6212017EGD5,OTU68,GS,100,BOLD:AAB7030,Animalia,Arthropoda,Insecta,Diptera,Chironomidae,Chironomus,Chironomus decorus,49,6/21/2017,Egner,D,6/14/2017,41,Single
6212017EGD5,OTU87,US,0,BOLD:ABY2339,Animalia,Arthropoda,Insecta,Diptera,NA,NA,NA,114,6/21/2017,Egner,D,6/14/2017,41,Single
6212017EGD5,OTU198,GS,99.4,BOLD:ABZ1242,Animalia,Arthropoda,Insecta,Diptera,Chironomidae,NA,NA,13,6/21/2017,Egner,D,6/14/2017,41,Single
6212017EGD5,OTU276,SS,0.44,BOLD:ACE7334,Animalia,Arthropoda,Insecta,Diptera,NA,NA,NA,3,6/21/2017,Egner,D,6/14/2017,41,Single
6212017EGD5,OTU287,GS,98.9,BOLD:AAG5457,Animalia,Arthropoda,Insecta,Diptera,Chironomidae,NA,NA,104,6/21/2017,Egner,D,6/14/2017,41,Single
6212017EGD5,OTU290,GS,100,BOLD:AAE4427,Animalia,Arthropoda,Insecta,Lepidoptera,Tineidae,Xylesthia,Xylesthia pruniramiella,4,6/21/2017,Egner,D,6/14/2017,41,Single
6212017EGD5,OTU391,GS,100,BOLD:AAI2836,Animalia,Arthropoda,Arachnida,Araneae,Philodromidae,Philodromus,Philodromus keyserlingi,21,6/21/2017,Egner,D,6/14/2017,41,Single
6212017EGD5,OTU549,GS,100,BOLD:AAM8604,Animalia,Arthropoda,Insecta,Lepidoptera,NA,NA,NA,23,6/21/2017,Egner,D,6/14/2017,41,Single
6212017EGD5,OTU557,GS,98.3,BOLD:AAO7609,Animalia,Arthropoda,Insecta,Diptera,NA,NA,NA,2,6/21/2017,Egner,D,6/14/2017,41,Single
6212017EGD5,OTU563,GS,100,BOLD:AAH7221,Animalia,Arthropoda,Insecta,Neuroptera,Mantispidae,Dicromantispa,Dicromantispa sayi,38,6/21/2017,Egner,D,6/14/2017,41,Single
6212017EGD5,OTU812,US,0.3913,None,Animalia,Arthropoda,Maxillopoda,Calanoida,NA,NA,NA,8,6/21/2017,Egner,D,6/14/2017,41,Single
6212017EGD5,OTU829,GS,99.4,BOLD:AAG6500,Animalia,Arthropoda,Insecta,Diptera,Ceratopogonidae,Atrichopogon,Atrichopogon fusculus,5,6/21/2017,Egner,D,6/14/2017,41,Single
6212017EGD5,OTU867,GS,100,BOLD:AAC8834,Animalia,Arthropoda,Arachnida,Araneae,Araneidae,Mecynogea,Mecynogea lemniscata,5,6/21/2017,Egner,D,6/14/2017,41,Single
6212017EGD5,OTU883,GS,100,BOLD:ACJ6858,Animalia,Arthropoda,Insecta,Hemiptera,Miridae,Deraeocoris,Deraeocoris nebulosus,1,6/21/2017,Egner,D,6/14/2017,41,Single
6212017EGD5,OTU952,US,0,BOLD:AAD4292,Animalia,Arthropoda,Insecta,Diptera,NA,NA,NA,19,6/21/2017,Egner,D,6/14/2017,41,Single
6212017EGD5,OTU956,SS,0.08,BOLD:ACN4095,Animalia,Arthropoda,Insecta,Diptera,NA,NA,NA,1,6/21/2017,Egner,D,6/14/2017,41,Single
6212017EGD5,OTU982,GS,98.3,BOLD:AAP9050,Animalia,Arthropoda,Insecta,Diptera,Ceratopogonidae,NA,NA,18,6/21/2017,Egner,D,6/14/2017,41,Single
6212017EGD5,OTU995,GS,100,BOLD:AAN6208,Animalia,Arthropoda,Insecta,Coleoptera,Aderidae,NA,NA,1,6/21/2017,Egner,D,6/14/2017,41,Single
6212017EGD5,OTU1049,US,0,BOLD:AAM3890,Animalia,Arthropoda,Arachnida,Sarcoptiformes,NA,NA,NA,3,6/21/2017,Egner,D,6/14/2017,41,Single
6212017EGD5,OTU1097,GS,97.2,BOLD:AAN5451,Animalia,Arthropoda,Arachnida,Araneae,Araneidae,Eustala,NA,227,6/21/2017,Egner,D,6/14/2017,41,Single
6212017EGD5,OTU1103,GS,99.4,BOLD:ABW4221,Animalia,Arthropoda,Insecta,Diptera,Chironomidae,NA,NA,1,6/21/2017,Egner,D,6/14/2017,41,Single
6212017EGD5,OTU1274,GS,98.9,BOLD:AAG6465,Animalia,Arthropoda,Insecta,Diptera,Ceratopogonidae,NA,NA,4,6/21/2017,Egner,D,6/14/2017,41,Single
6212017EGD5,OTU1311,GS,100,BOLD:ACB9392,Animalia,Arthropoda,Insecta,Diptera,Chironomidae,NA,NA,3,6/21/2017,Egner,D,6/14/2017,41,Single
6212017EGD5,OTU1317,SS,0.01,BOLD:AAN5451,Animalia,Arthropoda,Arachnida,Araneae,Araneidae,Eustala,NA,179,6/21/2017,Egner,D,6/14/2017,41,Single
6212017EGD5,OTU1330,US,0.9249,BOLD:ACP5792,Animalia,Arthropoda,Insecta,Diptera,NA,NA,NA,2,6/21/2017,Egner,D,6/14/2017,41,Single
6212017EGD5,OTU1350,GS,97.2,BOLD:AAA7067,Animalia,Arthropoda,Insecta,Diptera,Culicidae,Aedes,Aedes vexans,23,6/21/2017,Egner,D,6/14/2017,41,Single
6212017EGD5,OTU1351,SS,0.94,BOLD:AAB7030,Animalia,Arthropoda,Insecta,Diptera,Chironomidae,Chironomus,Chironomus decorus,36,6/21/2017,Egner,D,6/14/2017,41,Single
6212017EGD5,OTU1490,US,1,BOLD:AAK0197,Animalia,Arthropoda,Arachnida,Mesostigmata,NA,NA,NA,1,6/21/2017,Egner,D,6/14/2017,41,Single
6212017EGD5,OTU1564,US,0,None,Animalia,Arthropoda,Arachnida,Sarcoptiformes,NA,NA,NA,2,6/21/2017,Egner,D,6/14/2017,41,Single
6212017EGD5,OTU1719,GS,97.2,BOLD:AAG0149,Animalia,Arthropoda,Insecta,Lepidoptera,NA,NA,NA,1,6/21/2017,Egner,D,6/14/2017,41,Single
6212017EGD5,OTU1741,GS,98.3,BOLD:AAP9050,Animalia,Arthropoda,Insecta,Diptera,Ceratopogonidae,NA,NA,5,6/21/2017,Egner,D,6/14/2017,41,Single
6212017EGD5,OTU1800,US,0.3913,None,Animalia,Arthropoda,Insecta,Diptera,NA,NA,NA,3,6/21/2017,Egner,D,6/14/2017,41,Single
6212017EGD5,OTU1882,SS,0.18,BOLD:ACN0347,Animalia,Arthropoda,Insecta,Diptera,NA,NA,NA,3,6/21/2017,Egner,D,6/14/2017,41,Single
6212017EGD6,OTU1,US,0.0026,BOLD:AAD6798,Animalia,Arthropoda,Insecta,Diptera,NA,NA,NA,749,6/21/2017,Egner,D,6/14/2017,41,Single
6212017EGD6,OTU5,GS,99.4,BOLD:AAN5451,Animalia,Arthropoda,Arachnida,Araneae,Araneidae,Eustala,NA,2629,6/21/2017,Egner,D,6/14/2017,41,Single
6212017EGD6,OTU10,GS,100,BOLD:ACF3057,Animalia,Arthropoda,Insecta,Lepidoptera,Tineidae,Acrolophus,Acrolophus mortipennella,1898,6/21/2017,Egner,D,6/14/2017,41,Single
6212017EGD6,OTU34,GS,100,BOLD:AAM6211,Animalia,Arthropoda,Insecta,Diptera,Chironomidae,Glyptotendipes,NA,406,6/21/2017,Egner,D,6/14/2017,41,Single
6212017EGD6,OTU68,GS,100,BOLD:AAB7030,Animalia,Arthropoda,Insecta,Diptera,Chironomidae,Chironomus,Chironomus decorus,741,6/21/2017,Egner,D,6/14/2017,41,Single
6212017EGD6,OTU73,GS,100,BOLD:AAD6926,Animalia,Arthropoda,Arachnida,Araneae,Anyphaenidae,Anyphaena,Anyphaena pectorosa,105,6/21/2017,Egner,D,6/14/2017,41,Single
6212017EGD6,OTU87,US,0,BOLD:ABY2339,Animalia,Arthropoda,Insecta,Diptera,NA,NA,NA,18,6/21/2017,Egner,D,6/14/2017,41,Single
6212017EGD6,OTU117,GS,100,BOLD:AAH5449,Animalia,Arthropoda,Insecta,Lepidoptera,Tineidae,Acrolophus,Acrolophus propinqua,9839,6/21/2017,Egner,D,6/14/2017,41,Single
6212017EGD6,OTU144,GS,100,BOLD:AAN6304,Animalia,Arthropoda,Arachnida,Araneae,Araneidae,Araneus,Araneus guttulatus,91,6/21/2017,Egner,D,6/14/2017,41,Single
6212017EGD6,OTU174,GS,97.2,BOLD:AAD2010,Animalia,Arthropoda,Insecta,Lepidoptera,Tineidae,Acrolophus,Acrolophus propinqua,5165,6/21/2017,Egner,D,6/14/2017,41,Single
6212017EGD6,OTU198,GS,99.4,BOLD:ABZ1242,Animalia,Arthropoda,Insecta,Diptera,Chironomidae,NA,NA,75,6/21/2017,Egner,D,6/14/2017,41,Single
6212017EGD6,OTU258,GS,100,BOLD:ACA7555,Animalia,Arthropoda,Insecta,Diptera,Chironomidae,NA,NA,6,6/21/2017,Egner,D,6/14/2017,41,Single
6212017EGD6,OTU265,GS,100,BOLD:AAQ3192,Animalia,Arthropoda,Insecta,Lepidoptera,Dryadaulidae,Dryadaula,NA,14,6/21/2017,Egner,D,6/14/2017,41,Single
6212017EGD6,OTU399,GS,100,BOLD:ACF2428,Animalia,Arthropoda,Insecta,Lepidoptera,Tineidae,Acrolophus,Acrolophus texanella,14,6/21/2017,Egner,D,6/14/2017,41,Single
6212017EGD6,OTU549,GS,100,BOLD:AAM8604,Animalia,Arthropoda,Insecta,Lepidoptera,NA,NA,NA,9,6/21/2017,Egner,D,6/14/2017,41,Single
6212017EGD6,OTU674,US,0,BOLD:AAG4815,Animalia,Arthropoda,Arachnida,Mesostigmata,NA,NA,NA,1,6/21/2017,Egner,D,6/14/2017,41,Single
6212017EGD6,OTU737,GS,100,BOLD:AAG3822,Animalia,Arthropoda,Arachnida,Araneae,Anyphaenidae,Anyphaena,NA,1,6/21/2017,Egner,D,6/14/2017,41,Single
6212017EGD6,OTU741,GS,100,BOLD:AAA4123,Animalia,Arthropoda,Arachnida,Araneae,Araneidae,Neoscona,Neoscona arabesca,65,6/21/2017,Egner,D,6/14/2017,41,Single
6212017EGD6,OTU822,GS,97.8,BOLD:ACU1440,Animalia,Arthropoda,Insecta,Blattodea,Ectobiidae,Parcoblatta,Parcoblatta lata,17,6/21/2017,Egner,D,6/14/2017,41,Single
6212017EGD6,OTU949,GS,100,BOLD:AAP3003,Animalia,Arthropoda,Insecta,Diptera,Chironomidae,NA,NA,7,6/21/2017,Egner,D,6/14/2017,41,Single
6212017EGD6,OTU983,US,0.8732,BOLD:ACS8552,Animalia,Arthropoda,Insecta,Diptera,NA,NA,NA,6,6/21/2017,Egner,D,6/14/2017,41,Single
6212017EGD6,OTU988,GS,100,BOLD:AAP5113,Animalia,Arthropoda,Insecta,Diptera,Chironomidae,NA,NA,2,6/21/2017,Egner,D,6/14/2017,41,Single
6212017EGD6,OTU1097,GS,97.2,BOLD:AAN5451,Animalia,Arthropoda,Arachnida,Araneae,Araneidae,Eustala,NA,82,6/21/2017,Egner,D,6/14/2017,41,Single
6212017EGD6,OTU1100,GS,97,BOLD:AAF9064,Animalia,Arthropoda,Insecta,Diptera,Limoniidae,Elephantomyia,Elephantomyia westwoodi,7,6/21/2017,Egner,D,6/14/2017,41,Single
6212017EGD6,OTU1104,GS,100,BOLD:AAC8999,Animalia,Arthropoda,Insecta,Lepidoptera,Tortricidae,Aethes,Aethes angustana,65,6/21/2017,Egner,D,6/14/2017,41,Single
6212017EGD6,OTU1268,GS,97.8,BOLD:AAM6211,Animalia,Arthropoda,Insecta,Diptera,Chironomidae,Glyptotendipes,NA,120,6/21/2017,Egner,D,6/14/2017,41,Single
6212017EGD6,OTU1296,GS,97.2,BOLD:AAD2334,Animalia,Arthropoda,Insecta,Lepidoptera,Tineidae,Acrolophus,Acrolophus hasbroucki,30,6/21/2017,Egner,D,6/14/2017,41,Single
6212017EGD6,OTU1317,SS,0.01,BOLD:AAN5451,Animalia,Arthropoda,Arachnida,Araneae,Araneidae,Eustala,NA,3,6/21/2017,Egner,D,6/14/2017,41,Single
6212017EGD6,OTU1351,SS,0.94,BOLD:AAB7030,Animalia,Arthropoda,Insecta,Diptera,Chironomidae,Chironomus,Chironomus decorus,159,6/21/2017,Egner,D,6/14/2017,41,Single
6212017EGD6,OTU1800,US,0.3913,None,Animalia,Arthropoda,Insecta,Diptera,NA,NA,NA,2,6/21/2017,Egner,D,6/14/2017,41,Single
6212017EGD6,OTU1886,US,0,BOLD:ACO5953,Animalia,Arthropoda,Insecta,Psocodea,NA,NA,NA,8,6/21/2017,Egner,D,6/14/2017,41,Single
6212017EGD7,OTU1,US,0.0026,BOLD:AAD6798,Animalia,Arthropoda,Insecta,Diptera,NA,NA,NA,569,6/21/2017,Egner,D,6/14/2017,41,Single
6212017EGD7,OTU5,GS,99.4,BOLD:AAN5451,Animalia,Arthropoda,Arachnida,Araneae,Araneidae,Eustala,NA,6131,6/21/2017,Egner,D,6/14/2017,41,Single
6212017EGD7,OTU16,GS,100,BOLD:AAA7067,Animalia,Arthropoda,Insecta,Diptera,Culicidae,Aedes,Aedes vexans,933,6/21/2017,Egner,D,6/14/2017,41,Single
6212017EGD7,OTU18,GS,100,BOLD:ABY8739,Animalia,Arthropoda,Insecta,Diptera,Tabanidae,NA,NA,33767,6/21/2017,Egner,D,6/14/2017,41,Single
6212017EGD7,OTU23,GS,100,BOLD:AAF9008,Animalia,Arthropoda,Insecta,Diptera,Limoniidae,Helius,Helius flavipes,298,6/21/2017,Egner,D,6/14/2017,41,Single
6212017EGD7,OTU37,GS,100,BOLD:AAB0484,Animalia,Arthropoda,Insecta,Lepidoptera,Tortricidae,Gypsonoma,Gypsonoma salicicolana,292,6/21/2017,Egner,D,6/14/2017,41,Single
6212017EGD7,OTU68,GS,100,BOLD:AAB7030,Animalia,Arthropoda,Insecta,Diptera,Chironomidae,Chironomus,Chironomus decorus,617,6/21/2017,Egner,D,6/14/2017,41,Single
6212017EGD7,OTU73,GS,100,BOLD:AAD6926,Animalia,Arthropoda,Arachnida,Araneae,Anyphaenidae,Anyphaena,Anyphaena pectorosa,33,6/21/2017,Egner,D,6/14/2017,41,Single
6212017EGD7,OTU87,US,0,BOLD:ABY2339,Animalia,Arthropoda,Insecta,Diptera,NA,NA,NA,351,6/21/2017,Egner,D,6/14/2017,41,Single
6212017EGD7,OTU89,GS,98.3,BOLD:ABW2415,Animalia,Arthropoda,Insecta,Diptera,Tipulidae,Nephrotoma,Nephrotoma okefenoke,42,6/21/2017,Egner,D,6/14/2017,41,Single
6212017EGD7,OTU115,GS,100,BOLD:AAA4942,Animalia,Arthropoda,Arachnida,Araneae,Tetragnathidae,Tetragnatha,Tetragnatha elongata,56,6/21/2017,Egner,D,6/14/2017,41,Single
6212017EGD7,OTU120,GS,100,BOLD:AAV3042,Animalia,Arthropoda,Arachnida,Araneae,Theridiidae,Theridion,Theridion albidum,146,6/21/2017,Egner,D,6/14/2017,41,Single
6212017EGD7,OTU132,US,1,None,Animalia,Arthropoda,Hexanauplia,Harpacticoida,NA,NA,NA,29,6/21/2017,Egner,D,6/14/2017,41,Single
6212017EGD7,OTU197,GS,100,BOLD:AAN6380,Animalia,Arthropoda,Arachnida,Araneae,Araneidae,Neoscona,NA,26,6/21/2017,Egner,D,6/14/2017,41,Single
6212017EGD7,OTU198,GS,99.4,BOLD:ABZ1242,Animalia,Arthropoda,Insecta,Diptera,Chironomidae,NA,NA,31,6/21/2017,Egner,D,6/14/2017,41,Single
6212017EGD7,OTU214,GS,99.4,BOLD:AAW6795,Animalia,Arthropoda,Insecta,Diptera,NA,NA,NA,43,6/21/2017,Egner,D,6/14/2017,41,Single
6212017EGD7,OTU273,SS,0.29,BOLD:AAC8291,Animalia,Arthropoda,Insecta,Diptera,Tabanidae,Chrysops,NA,549,6/21/2017,Egner,D,6/14/2017,41,Single
6212017EGD7,OTU276,SS,0.44,BOLD:ACE7334,Animalia,Arthropoda,Insecta,Diptera,NA,NA,NA,480,6/21/2017,Egner,D,6/14/2017,41,Single
6212017EGD7,OTU282,SS,0.66,BOLD:AAG4564,Animalia,Arthropoda,Insecta,Diptera,NA,NA,NA,897,6/21/2017,Egner,D,6/14/2017,41,Single
6212017EGD7,OTU345,US,0.986,BOLD:ACE7334,Animalia,Arthropoda,Insecta,Diptera,NA,NA,NA,333,6/21/2017,Egner,D,6/14/2017,41,Single
6212017EGD7,OTU347,GS,100,BOLD:AAD2111,Animalia,Arthropoda,Arachnida,Araneae,Thomisidae,Tmarus,Tmarus angulatus,13,6/21/2017,Egner,D,6/14/2017,41,Single
6212017EGD7,OTU475,US,0.9249,BOLD:ACE7334,Animalia,Arthropoda,Insecta,Diptera,NA,NA,NA,95,6/21/2017,Egner,D,6/14/2017,41,Single
6212017EGD7,OTU523,US,0,BOLD:ACE7334,Animalia,Arthropoda,Insecta,Diptera,NA,NA,NA,60,6/21/2017,Egner,D,6/14/2017,41,Single
6212017EGD7,OTU538,SS,0.61,BOLD:AAG4564,Animalia,Arthropoda,Insecta,Diptera,NA,NA,NA,132,6/21/2017,Egner,D,6/14/2017,41,Single
6212017EGD7,OTU551,SS,0.63,BOLD:ACE7334,Animalia,Arthropoda,Insecta,Diptera,NA,NA,NA,106,6/21/2017,Egner,D,6/14/2017,41,Single
6212017EGD7,OTU553,SS,0.41,BOLD:AAC8291,Animalia,Arthropoda,Insecta,Diptera,Tabanidae,Chrysops,NA,290,6/21/2017,Egner,D,6/14/2017,41,Single
6212017EGD7,OTU578,US,0.986,BOLD:ACE7332,Animalia,Arthropoda,Insecta,Diptera,NA,NA,NA,102,6/21/2017,Egner,D,6/14/2017,41,Single
6212017EGD7,OTU594,SS,0.18,BOLD:ABY8739,Animalia,Arthropoda,Insecta,Diptera,Tabanidae,NA,NA,193,6/21/2017,Egner,D,6/14/2017,41,Single
6212017EGD7,OTU614,GS,97.9,BOLD:AAC8291,Animalia,Arthropoda,Insecta,Diptera,Tabanidae,Chrysops,Chrysops montanus,201,6/21/2017,Egner,D,6/14/2017,41,Single
6212017EGD7,OTU668,SS,0.25,BOLD:AAC8291,Animalia,Arthropoda,Insecta,Diptera,Tabanidae,Chrysops,NA,45,6/21/2017,Egner,D,6/14/2017,41,Single
6212017EGD7,OTU741,GS,100,BOLD:AAA4123,Animalia,Arthropoda,Arachnida,Araneae,Araneidae,Neoscona,Neoscona arabesca,33,6/21/2017,Egner,D,6/14/2017,41,Single
6212017EGD7,OTU837,SS,0.78,BOLD:AAC8291,Animalia,Arthropoda,Insecta,Diptera,NA,NA,NA,36,6/21/2017,Egner,D,6/14/2017,41,Single
6212017EGD7,OTU849,GS,100,BOLD:AAP2875,Animalia,Arthropoda,Insecta,Diptera,Dolichopodidae,NA,NA,154,6/21/2017,Egner,D,6/14/2017,41,Single
6212017EGD7,OTU899,SS,0.79,BOLD:ACE7334,Animalia,Arthropoda,Insecta,Diptera,Tabanidae,NA,NA,5,6/21/2017,Egner,D,6/14/2017,41,Single
6212017EGD7,OTU974,GSL,97.8,BOLD:AAI4070,Animalia,Arthropoda,Insecta,Diptera,Tabanidae,Chrysops,NA,50,6/21/2017,Egner,D,6/14/2017,41,Single
6212017EGD7,OTU1087,GS,97.2,BOLD:AAB5367,Animalia,Arthropoda,Insecta,Diptera,Tabanidae,Chrysops,Chrysops vittatus,51,6/21/2017,Egner,D,6/14/2017,41,Single
6212017EGD7,OTU1097,GS,97.2,BOLD:AAN5451,Animalia,Arthropoda,Arachnida,Araneae,Araneidae,Eustala,NA,120,6/21/2017,Egner,D,6/14/2017,41,Single
6212017EGD7,OTU1236,GS,99.4,BOLD:AAN5354,Animalia,Arthropoda,Insecta,Diptera,Chironomidae,NA,NA,1,6/21/2017,Egner,D,6/14/2017,41,Single
6212017EGD7,OTU1271,GS,100,BOLD:AAP3004,Animalia,Arthropoda,Insecta,Diptera,Chironomidae,Chironomus,Chironomus staegeri,15,6/21/2017,Egner,D,6/14/2017,41,Single
6212017EGD7,OTU1272,SS,0.22,BOLD:AAD8585,Animalia,Arthropoda,Insecta,Diptera,Tabanidae,Chrysops,NA,28,6/21/2017,Egner,D,6/14/2017,41,Single
6212017EGD7,OTU1317,SS,0.01,BOLD:AAN5451,Animalia,Arthropoda,Arachnida,Araneae,Araneidae,Eustala,NA,11,6/21/2017,Egner,D,6/14/2017,41,Single
6212017EGD7,OTU1351,SS,0.94,BOLD:AAB7030,Animalia,Arthropoda,Insecta,Diptera,Chironomidae,Chironomus,Chironomus decorus,22,6/21/2017,Egner,D,6/14/2017,41,Single
6212017EGD7,OTU1399,SS,0.28,BOLD:AAX9373,Animalia,Arthropoda,Insecta,Diptera,NA,NA,NA,24,6/21/2017,Egner,D,6/14/2017,41,Single
6212017EGD7,OTU1448,SS,0.8,BOLD:AAC8291,Animalia,Arthropoda,Insecta,Diptera,Tabanidae,Chrysops,Chrysops caecutiens,22,6/21/2017,Egner,D,6/14/2017,41,Single
6212017EGD7,OTU1656,US,0.9715,BOLD:AAD6798,Animalia,Arthropoda,Insecta,Diptera,NA,NA,NA,18,6/21/2017,Egner,D,6/14/2017,41,Single
6212017EGD7,OTU1750,US,1,None,Animalia,Arthropoda,Insecta,Hemiptera,NA,NA,NA,9,6/21/2017,Egner,D,6/14/2017,41,Single
6212017EGD7,OTU1800,US,0.3913,None,Animalia,Arthropoda,Insecta,Diptera,NA,NA,NA,13,6/21/2017,Egner,D,6/14/2017,41,Single
6212017EGD7,OTU1923,SS,0.64,BOLD:AAB5367,Animalia,Arthropoda,Insecta,Diptera,Tabanidae,NA,NA,101,6/21/2017,Egner,D,6/14/2017,41,Single
6212017EGD8,OTU5,GS,99.4,BOLD:AAN5451,Animalia,Arthropoda,Arachnida,Araneae,Araneidae,Eustala,NA,847,6/21/2017,Egner,D,6/14/2017,41,Single
6212017EGD8,OTU10,GS,100,BOLD:ACF3057,Animalia,Arthropoda,Insecta,Lepidoptera,Tineidae,Acrolophus,Acrolophus mortipennella,1239,6/21/2017,Egner,D,6/14/2017,41,Single
6212017EGD8,OTU49,GS,99.4,BOLD:AAG4526,Animalia,Arthropoda,Insecta,Diptera,Tipulidae,Tipula,NA,26288,6/21/2017,Egner,D,6/14/2017,41,Single
6212017EGD8,OTU97,GS,100,BOLD:AAB7935,Animalia,Arthropoda,Arachnida,Araneae,Araneidae,Eustala,Eustala cepina,62,6/21/2017,Egner,D,6/14/2017,41,Single
6212017EGD8,OTU187,GS,99.4,BOLD:ACK7939,Animalia,Arthropoda,Insecta,Hymenoptera,Braconidae,Hymenochaonia,NA,47,6/21/2017,Egner,D,6/14/2017,41,Single
6212017EGD8,OTU595,GS,97.2,BOLD:AAF9010,Animalia,Arthropoda,Insecta,Diptera,Tipulidae,Tipula,NA,457,6/21/2017,Egner,D,6/14/2017,41,Single
6212017EGD8,OTU685,SS,0.6,BOLD:ACR2991,Animalia,Arthropoda,Insecta,NA,NA,NA,NA,1,6/21/2017,Egner,D,6/14/2017,41,Single
6212017EGD8,OTU832,GS,97.8,BOLD:ABY4042,Animalia,Arthropoda,Insecta,Diptera,NA,NA,NA,340,6/21/2017,Egner,D,6/14/2017,41,Single
6212017EGD8,OTU856,GS,99.4,BOLD:AAD3799,Animalia,Arthropoda,Insecta,Lepidoptera,Tineidae,Hybroma,Hybroma servulella,1,6/21/2017,Egner,D,6/14/2017,41,Single
6212017EGD8,OTU867,GS,100,BOLD:AAC8834,Animalia,Arthropoda,Arachnida,Araneae,Araneidae,Mecynogea,Mecynogea lemniscata,5,6/21/2017,Egner,D,6/14/2017,41,Single
6212017EGD8,OTU890,GS,100,BOLD:ACE3004,Animalia,Arthropoda,Insecta,Lepidoptera,Erebidae,Hyperstrotia,Hyperstrotia nana,3,6/21/2017,Egner,D,6/14/2017,41,Single
6212017EGD8,OTU1007,GS,100,BOLD:AAB9820,Animalia,Arthropoda,Insecta,Lepidoptera,Autostichidae,Glyphidocera,Glyphidocera dimorphella,1,6/21/2017,Egner,D,6/14/2017,41,Single
6212017EGD8,OTU1409,GS,98.3,BOLD:AAE7788,Animalia,Arthropoda,Insecta,Diptera,Culicidae,Culex,Culex salinarius,52,6/21/2017,Egner,D,6/14/2017,41,Single
6212017EGD8,OTU1488,SS,0.76,BOLD:AAF8973,Animalia,Arthropoda,Insecta,Diptera,Tipulidae,NA,NA,119,6/21/2017,Egner,D,6/14/2017,41,Single
6212017EGD8,OTU1509,GS,97.2,BOLD:AAF9000,Animalia,Arthropoda,Insecta,Diptera,NA,NA,NA,86,6/21/2017,Egner,D,6/14/2017,41,Single
6212017EGD8,OTU1697,GS,99.4,BOLD:AAG8592,Animalia,Arthropoda,Insecta,Lepidoptera,Blastobasidae,Calosima,NA,6,6/21/2017,Egner,D,6/14/2017,41,Single
6212017EGD8,OTU1703,SS,0.06,BOLD:AAG4526,Animalia,Arthropoda,Insecta,Diptera,Tipulidae,Tipula,NA,72,6/21/2017,Egner,D,6/14/2017,41,Single
6212017EGD8,OTU1719,GS,97.2,BOLD:AAG0149,Animalia,Arthropoda,Insecta,Lepidoptera,NA,NA,NA,3,6/21/2017,Egner,D,6/14/2017,41,Single
6212017EGD8,OTU1788,SS,0.63,BOLD:AAF9010,Animalia,Arthropoda,Insecta,Diptera,NA,NA,NA,127,6/21/2017,Egner,D,6/14/2017,41,Single
6212017EGD9,OTU1,US,0.0026,BOLD:AAD6798,Animalia,Arthropoda,Insecta,Diptera,NA,NA,NA,325,6/21/2017,Egner,D,6/14/2017,41,Single
6212017EGD9,OTU4,GS,100,BOLD:AAN5882,Animalia,Arthropoda,Insecta,Diptera,Limoniidae,Erioptera,Erioptera caliptera,2633,6/21/2017,Egner,D,6/14/2017,41,Single
6212017EGD9,OTU5,GS,99.4,BOLD:AAN5451,Animalia,Arthropoda,Arachnida,Araneae,Araneidae,Eustala,NA,4717,6/21/2017,Egner,D,6/14/2017,41,Single
6212017EGD9,OTU18,GS,100,BOLD:ABY8739,Animalia,Arthropoda,Insecta,Diptera,Tabanidae,NA,NA,4753,6/21/2017,Egner,D,6/14/2017,41,Single
6212017EGD9,OTU32,GS,99.4,BOLD:AAD0637,Animalia,Arthropoda,Insecta,Trichoptera,Phryganeidae,Ptilostomis,Ptilostomis postica,401,6/21/2017,Egner,D,6/14/2017,41,Single
6212017EGD9,OTU68,GS,100,BOLD:AAB7030,Animalia,Arthropoda,Insecta,Diptera,Chironomidae,Chironomus,Chironomus decorus,101,6/21/2017,Egner,D,6/14/2017,41,Single
6212017EGD9,OTU69,GS,98.3,BOLD:ACH3633,Animalia,Arthropoda,Arachnida,Trombidiformes,Pionidae,NA,NA,1218,6/21/2017,Egner,D,6/14/2017,41,Single
6212017EGD9,OTU78,US,1,BOLD:AAY8864,Animalia,Arthropoda,Insecta,Diptera,NA,NA,NA,687,6/21/2017,Egner,D,6/14/2017,41,Single
6212017EGD9,OTU85,US,0.9919,BOLD:AAH1006,Animalia,Arthropoda,Insecta,Diptera,NA,NA,NA,42,6/21/2017,Egner,D,6/14/2017,41,Single
6212017EGD9,OTU88,GS,100,BOLD:AAE0434,Animalia,Arthropoda,Insecta,Diptera,Culicidae,Uranotaenia,Uranotaenia sapphirina,10,6/21/2017,Egner,D,6/14/2017,41,Single
6212017EGD9,OTU99,US,1,BOLD:ACF7919,Animalia,Arthropoda,Collembola,Poduromorpha,NA,NA,NA,59,6/21/2017,Egner,D,6/14/2017,41,Single
6212017EGD9,OTU108,GS,99.4,BOLD:AAC4525,Animalia,Arthropoda,Insecta,Diptera,Chironomidae,Tanytarsus,Tanytarsus guerlus,231,6/21/2017,Egner,D,6/14/2017,41,Single
6212017EGD9,OTU170,US,0.9963,BOLD:ABW9033,Animalia,Arthropoda,Insecta,Hymenoptera,NA,NA,NA,4251,6/21/2017,Egner,D,6/14/2017,41,Single
6212017EGD9,OTU197,GS,100,BOLD:AAN6380,Animalia,Arthropoda,Arachnida,Araneae,Araneidae,Neoscona,NA,21,6/21/2017,Egner,D,6/14/2017,41,Single
6212017EGD9,OTU231,GS,100,BOLD:AAD2590,Animalia,Arthropoda,Insecta,Lepidoptera,Gracillariidae,Caloptilia,Caloptilia packardella,29,6/21/2017,Egner,D,6/14/2017,41,Single
6212017EGD9,OTU258,GS,100,BOLD:ACA7555,Animalia,Arthropoda,Insecta,Diptera,Chironomidae,NA,NA,9,6/21/2017,Egner,D,6/14/2017,41,Single
6212017EGD9,OTU273,SS,0.29,BOLD:AAC8291,Animalia,Arthropoda,Insecta,Diptera,Tabanidae,Chrysops,NA,18,6/21/2017,Egner,D,6/14/2017,41,Single
6212017EGD9,OTU276,SS,0.44,BOLD:ACE7334,Animalia,Arthropoda,Insecta,Diptera,NA,NA,NA,22,6/21/2017,Egner,D,6/14/2017,41,Single
6212017EGD9,OTU319,US,0,None,Animalia,Arthropoda,Arachnida,Mesostigmata,NA,NA,NA,12,6/21/2017,Egner,D,6/14/2017,41,Single
6212017EGD9,OTU327,US,0.9919,BOLD:AAE3250,Animalia,Arthropoda,Arachnida,Trombidiformes,NA,NA,NA,89,6/21/2017,Egner,D,6/14/2017,41,Single
6212017EGD9,OTU388,GS,100,BOLD:AAN5315,Animalia,Arthropoda,Insecta,Diptera,Chironomidae,NA,NA,8,6/21/2017,Egner,D,6/14/2017,41,Single
6212017EGD9,OTU523,US,0,BOLD:ACE7334,Animalia,Arthropoda,Insecta,Diptera,NA,NA,NA,12,6/21/2017,Egner,D,6/14/2017,41,Single
6212017EGD9,OTU538,SS,0.61,BOLD:AAG4564,Animalia,Arthropoda,Insecta,Diptera,NA,NA,NA,20,6/21/2017,Egner,D,6/14/2017,41,Single
6212017EGD9,OTU551,SS,0.63,BOLD:ACE7334,Animalia,Arthropoda,Insecta,Diptera,NA,NA,NA,9,6/21/2017,Egner,D,6/14/2017,41,Single
6212017EGD9,OTU553,SS,0.41,BOLD:AAC8291,Animalia,Arthropoda,Insecta,Diptera,Tabanidae,Chrysops,NA,8,6/21/2017,Egner,D,6/14/2017,41,Single
6212017EGD9,OTU578,US,0.986,BOLD:ACE7332,Animalia,Arthropoda,Insecta,Diptera,NA,NA,NA,10,6/21/2017,Egner,D,6/14/2017,41,Single
6212017EGD9,OTU594,SS,0.18,BOLD:ABY8739,Animalia,Arthropoda,Insecta,Diptera,Tabanidae,NA,NA,9,6/21/2017,Egner,D,6/14/2017,41,Single
6212017EGD9,OTU614,GS,97.9,BOLD:AAC8291,Animalia,Arthropoda,Insecta,Diptera,Tabanidae,Chrysops,Chrysops montanus,2,6/21/2017,Egner,D,6/14/2017,41,Single
6212017EGD9,OTU636,GS,99.4,BOLD:AAM6230,Animalia,Arthropoda,Insecta,Diptera,Chironomidae,Chironomus,NA,4,6/21/2017,Egner,D,6/14/2017,41,Single
6212017EGD9,OTU799,US,0,None,Animalia,Arthropoda,Insecta,Hymenoptera,NA,NA,NA,150,6/21/2017,Egner,D,6/14/2017,41,Single
6212017EGD9,OTU812,US,0.3913,None,Animalia,Arthropoda,Maxillopoda,Calanoida,NA,NA,NA,3,6/21/2017,Egner,D,6/14/2017,41,Single
6212017EGD9,OTU828,US,1,None,Animalia,Arthropoda,Insecta,Orthoptera,NA,NA,NA,4,6/21/2017,Egner,D,6/14/2017,41,Single
6212017EGD9,OTU837,SS,0.78,BOLD:AAC8291,Animalia,Arthropoda,Insecta,Diptera,NA,NA,NA,2,6/21/2017,Egner,D,6/14/2017,41,Single
6212017EGD9,OTU888,GS,100,BOLD:AAG5541,Animalia,Arthropoda,Insecta,Diptera,Chironomidae,Polypedilum,NA,2,6/21/2017,Egner,D,6/14/2017,41,Single
6212017EGD9,OTU916,GS,100,BOLD:AAB2176,Animalia,Arthropoda,Insecta,Lepidoptera,Gelechiidae,Arogalea,Arogalea cristifasciella,2,6/21/2017,Egner,D,6/14/2017,41,Single
6212017EGD9,OTU934,GS,100,BOLD:AAK0004,Animalia,Arthropoda,Arachnida,Araneae,Araneidae,Verrucosa,Verrucosa arenata,3,6/21/2017,Egner,D,6/14/2017,41,Single
6212017EGD9,OTU974,GSL,97.8,BOLD:AAI4070,Animalia,Arthropoda,Insecta,Diptera,Tabanidae,Chrysops,NA,1,6/21/2017,Egner,D,6/14/2017,41,Single
6212017EGD9,OTU1087,GS,97.2,BOLD:AAB5367,Animalia,Arthropoda,Insecta,Diptera,Tabanidae,Chrysops,Chrysops vittatus,2,6/21/2017,Egner,D,6/14/2017,41,Single
6212017EGD9,OTU1097,GS,97.2,BOLD:AAN5451,Animalia,Arthropoda,Arachnida,Araneae,Araneidae,Eustala,NA,86,6/21/2017,Egner,D,6/14/2017,41,Single
6212017EGD9,OTU1244,SS,0.81,BOLD:AAN5882,Animalia,Arthropoda,Insecta,Diptera,Limoniidae,Erioptera,Erioptera caliptera,70,6/21/2017,Egner,D,6/14/2017,41,Single
6212017EGD9,OTU1317,SS,0.01,BOLD:AAN5451,Animalia,Arthropoda,Arachnida,Araneae,Araneidae,Eustala,NA,16,6/21/2017,Egner,D,6/14/2017,41,Single
6212017EGD9,OTU1351,SS,0.94,BOLD:AAB7030,Animalia,Arthropoda,Insecta,Diptera,Chironomidae,Chironomus,Chironomus decorus,14,6/21/2017,Egner,D,6/14/2017,41,Single
6212017EGD9,OTU1619,GS,100,BOLD:AAI3895,Animalia,Arthropoda,Insecta,Ephemeroptera,Palingeniidae,Pentagenia,Pentagenia vittigera,19,6/21/2017,Egner,D,6/14/2017,41,Single
6212017EGD9,OTU1656,US,0.9715,BOLD:AAD6798,Animalia,Arthropoda,Insecta,Diptera,NA,NA,NA,7,6/21/2017,Egner,D,6/14/2017,41,Single
6212017EGD9,OTU1665,GS,100,BOLD:AAG4933,Animalia,Arthropoda,Insecta,Diptera,Keroplatidae,NA,NA,2,6/21/2017,Egner,D,6/14/2017,41,Single
6212017EGD9,OTU1718,US,0.2259,BOLD:AAZ9784,Animalia,Arthropoda,Insecta,Lepidoptera,NA,NA,NA,9,6/21/2017,Egner,D,6/14/2017,41,Single
6212017EGD9,OTU1750,US,1,None,Animalia,Arthropoda,Insecta,Hemiptera,NA,NA,NA,3,6/21/2017,Egner,D,6/14/2017,41,Single
6212017EGD9,OTU1810,GS,98.9,BOLD:AAH7853,Animalia,Arthropoda,Insecta,Diptera,Muscidae,Potamia,Potamia littoralis,4,6/21/2017,Egner,D,6/14/2017,41,Single
6212017EgnerPoolC1,OTU1,US,0.0026,BOLD:AAD6798,Animalia,Arthropoda,Insecta,Diptera,NA,NA,NA,6030,6/21/2017,Egner,C,6/14/2017,37,Pool
6212017EgnerPoolC1,OTU10,GS,100,BOLD:ACF3057,Animalia,Arthropoda,Insecta,Lepidoptera,Tineidae,Acrolophus,Acrolophus mortipennella,137,6/21/2017,Egner,C,6/14/2017,37,Pool
6212017EgnerPoolC1,OTU16,GS,100,BOLD:AAA7067,Animalia,Arthropoda,Insecta,Diptera,Culicidae,Aedes,Aedes vexans,631,6/21/2017,Egner,C,6/14/2017,37,Pool
6212017EgnerPoolC1,OTU18,GS,100,BOLD:ABY8739,Animalia,Arthropoda,Insecta,Diptera,Tabanidae,NA,NA,3549,6/21/2017,Egner,C,6/14/2017,37,Pool
6212017EgnerPoolC1,OTU21,GS,100,BOLD:ACR3763,Animalia,Arthropoda,Insecta,Coleoptera,Ptilodactylidae,Ptilodactyla,Ptilodactyla serricollis,116,6/21/2017,Egner,C,6/14/2017,37,Pool
6212017EgnerPoolC1,OTU34,GS,100,BOLD:AAM6211,Animalia,Arthropoda,Insecta,Diptera,Chironomidae,Glyptotendipes,NA,197,6/21/2017,Egner,C,6/14/2017,37,Pool
6212017EgnerPoolC1,OTU36,GS,100,BOLD:ACA2315,Animalia,Arthropoda,Insecta,Coleoptera,Curculionidae,NA,NA,5278,6/21/2017,Egner,C,6/14/2017,37,Pool
6212017EgnerPoolC1,OTU51,GS,100,BOLD:AAG1040,Animalia,Arthropoda,Insecta,Lepidoptera,Cosmopterigidae,Perimede,Perimede circitor,353,6/21/2017,Egner,C,6/14/2017,37,Pool
6212017EgnerPoolC1,OTU61,GS,99.4,BOLD:ABV1681,Animalia,Arthropoda,Insecta,Diptera,Tachinidae,Lixophaga,NA,1669,6/21/2017,Egner,C,6/14/2017,37,Pool
6212017EgnerPoolC1,OTU64,US,0.9925,BOLD:AAL8170,Animalia,Arthropoda,Insecta,Hymenoptera,NA,NA,NA,137,6/21/2017,Egner,C,6/14/2017,37,Pool
6212017EgnerPoolC1,OTU65,GS,100,BOLD:AAA1517,Animalia,Arthropoda,Insecta,Lepidoptera,Tortricidae,Choristoneura,Choristoneura rosaceana,204,6/21/2017,Egner,C,6/14/2017,37,Pool
6212017EgnerPoolC1,OTU68,GS,100,BOLD:AAB7030,Animalia,Arthropoda,Insecta,Diptera,Chironomidae,Chironomus,Chironomus decorus,340,6/21/2017,Egner,C,6/14/2017,37,Pool
6212017EgnerPoolC1,OTU72,US,0.9963,BOLD:ACO3874,Animalia,Arthropoda,Insecta,Coleoptera,NA,NA,NA,2932,6/21/2017,Egner,C,6/14/2017,37,Pool
6212017EgnerPoolC1,OTU73,GS,100,BOLD:AAD6926,Animalia,Arthropoda,Arachnida,Araneae,Anyphaenidae,Anyphaena,Anyphaena pectorosa,843,6/21/2017,Egner,C,6/14/2017,37,Pool
6212017EgnerPoolC1,OTU79,US,0,BOLD:ABW8618,Animalia,Arthropoda,Insecta,Diptera,NA,NA,NA,2546,6/21/2017,Egner,C,6/14/2017,37,Pool
6212017EgnerPoolC1,OTU85,US,0.9919,BOLD:AAH1006,Animalia,Arthropoda,Insecta,Diptera,NA,NA,NA,594,6/21/2017,Egner,C,6/14/2017,37,Pool
6212017EgnerPoolC1,OTU93,GS,99.4,BOLD:AAM4329,Animalia,Arthropoda,Insecta,Hemiptera,Cimicidae,Cimex,Cimex adjunctus,232,6/21/2017,Egner,C,6/14/2017,37,Pool
6212017EgnerPoolC1,OTU100,US,0,BOLD:ACD6759,Animalia,Arthropoda,Insecta,Hymenoptera,NA,NA,NA,72,6/21/2017,Egner,C,6/14/2017,37,Pool
6212017EgnerPoolC1,OTU103,US,0.9936,BOLD:ACH3803,Animalia,Arthropoda,Insecta,Coleoptera,NA,NA,NA,1406,6/21/2017,Egner,C,6/14/2017,37,Pool
6212017EgnerPoolC1,OTU107,GS,98.9,BOLD:ACD3689,Animalia,Arthropoda,Insecta,Hymenoptera,Diapriidae,NA,NA,76,6/21/2017,Egner,C,6/14/2017,37,Pool
6212017EgnerPoolC1,OTU147,GS,100,BOLD:AAA4056,Animalia,Arthropoda,Insecta,Lepidoptera,Geometridae,Hypagyrtis,Hypagyrtis piniata,84,6/21/2017,Egner,C,6/14/2017,37,Pool
6212017EgnerPoolC1,OTU185,GS,100,BOLD:AAA7667,Animalia,Arthropoda,Insecta,Lepidoptera,Tortricidae,Acleris,Acleris chalybeana,85,6/21/2017,Egner,C,6/14/2017,37,Pool
6212017EgnerPoolC1,OTU189,GS,100,BOLD:ABV2225,Animalia,Arthropoda,Insecta,Lepidoptera,Gracillariidae,Caloptilia,NA,20,6/21/2017,Egner,C,6/14/2017,37,Pool
6212017EgnerPoolC1,OTU190,GS,100,BOLD:ABY7666,Animalia,Arthropoda,Insecta,Diptera,Culicidae,Culex,Culex territans,45,6/21/2017,Egner,C,6/14/2017,37,Pool
6212017EgnerPoolC1,OTU193,GS,98.9,BOLD:AAI4436,Animalia,Arthropoda,Insecta,Lepidoptera,Gelechiidae,Aristotelia,NA,18,6/21/2017,Egner,C,6/14/2017,37,Pool
6212017EgnerPoolC1,OTU208,GS,100,BOLD:AAY8540,Animalia,Arthropoda,Insecta,Coleoptera,Carabidae,Polyderis,Polyderis laeva,107,6/21/2017,Egner,C,6/14/2017,37,Pool
6212017EgnerPoolC1,OTU231,GS,100,BOLD:AAD2590,Animalia,Arthropoda,Insecta,Lepidoptera,Gracillariidae,Caloptilia,Caloptilia packardella,86,6/21/2017,Egner,C,6/14/2017,37,Pool
6212017EgnerPoolC1,OTU258,GS,100,BOLD:ACA7555,Animalia,Arthropoda,Insecta,Diptera,Chironomidae,NA,NA,6,6/21/2017,Egner,C,6/14/2017,37,Pool
6212017EgnerPoolC1,OTU269,GS,97.2,BOLD:AAP9050,Animalia,Arthropoda,Insecta,Diptera,Ceratopogonidae,NA,NA,23,6/21/2017,Egner,C,6/14/2017,37,Pool
6212017EgnerPoolC1,OTU276,SS,0.44,BOLD:ACE7334,Animalia,Arthropoda,Insecta,Diptera,NA,NA,NA,48,6/21/2017,Egner,C,6/14/2017,37,Pool
6212017EgnerPoolC1,OTU290,GS,100,BOLD:AAE4427,Animalia,Arthropoda,Insecta,Lepidoptera,Tineidae,Xylesthia,Xylesthia pruniramiella,30,6/21/2017,Egner,C,6/14/2017,37,Pool
6212017EgnerPoolC1,OTU300,GS,100,BOLD:AAA8310,Animalia,Arthropoda,Insecta,Lepidoptera,Crambidae,Anageshna,Anageshna primordialis,53,6/21/2017,Egner,C,6/14/2017,37,Pool
6212017EgnerPoolC1,OTU320,US,0,BOLD:ACQ9987,Animalia,Arthropoda,Insecta,Hemiptera,NA,NA,NA,3,6/21/2017,Egner,C,6/14/2017,37,Pool
6212017EgnerPoolC1,OTU357,GS,98.9,BOLD:ABX3356,Animalia,Arthropoda,Insecta,Diptera,Chironomidae,Chironomus,NA,48,6/21/2017,Egner,C,6/14/2017,37,Pool
6212017EgnerPoolC1,OTU409,US,0.9916,BOLD:ACS0084,Animalia,Arthropoda,Insecta,Hemiptera,NA,NA,NA,4,6/21/2017,Egner,C,6/14/2017,37,Pool
6212017EgnerPoolC1,OTU594,SS,0.18,BOLD:ABY8739,Animalia,Arthropoda,Insecta,Diptera,Tabanidae,NA,NA,9,6/21/2017,Egner,C,6/14/2017,37,Pool
6212017EgnerPoolC1,OTU614,GS,97.9,BOLD:AAC8291,Animalia,Arthropoda,Insecta,Diptera,Tabanidae,Chrysops,Chrysops montanus,6,6/21/2017,Egner,C,6/14/2017,37,Pool
6212017EgnerPoolC1,OTU702,SS,0.87,BOLD:AAN6304,Animalia,Arthropoda,Arachnida,Araneae,Araneidae,Araneus,Araneus guttulatus,4,6/21/2017,Egner,C,6/14/2017,37,Pool
6212017EgnerPoolC1,OTU728,GS,100,BOLD:ABA6114,Animalia,Arthropoda,Insecta,Hymenoptera,Diapriidae,NA,NA,30,6/21/2017,Egner,C,6/14/2017,37,Pool
6212017EgnerPoolC1,OTU729,GS,100,BOLD:AAA7282,Animalia,Arthropoda,Insecta,Lepidoptera,Tortricidae,Cydia,Cydia caryana,43,6/21/2017,Egner,C,6/14/2017,37,Pool
6212017EgnerPoolC1,OTU745,SS,0.11,BOLD:AAP0259,Animalia,Arthropoda,Insecta,Lepidoptera,NA,NA,NA,44,6/21/2017,Egner,C,6/14/2017,37,Pool
6212017EgnerPoolC1,OTU751,GS,99.4,BOLD:ACL5990,Animalia,Arthropoda,Arachnida,Trombidiformes,Oxidae,Oxus,NA,16,6/21/2017,Egner,C,6/14/2017,37,Pool
6212017EgnerPoolC1,OTU821,GS,99.4,BOLD:AAD9634,Animalia,Arthropoda,Insecta,Lepidoptera,Tineidae,Diachorisia,Diachorisia velatella,18,6/21/2017,Egner,C,6/14/2017,37,Pool
6212017EgnerPoolC1,OTU867,GS,100,BOLD:AAC8834,Animalia,Arthropoda,Arachnida,Araneae,Araneidae,Mecynogea,Mecynogea lemniscata,10,6/21/2017,Egner,C,6/14/2017,37,Pool
6212017EgnerPoolC1,OTU922,GS,100,BOLD:ACV8706,Animalia,Arthropoda,Insecta,Lepidoptera,Sphingidae,Amorpha,Amorpha juglandis,8,6/21/2017,Egner,C,6/14/2017,37,Pool
6212017EgnerPoolC1,OTU968,GS,99.4,BOLD:ACB9565,Animalia,Arthropoda,Arachnida,Araneae,Clubionidae,Clubiona,Clubiona pygmaea,138,6/21/2017,Egner,C,6/14/2017,37,Pool
6212017EgnerPoolC1,OTU974,GSL,97.8,BOLD:AAI4070,Animalia,Arthropoda,Insecta,Diptera,Tabanidae,Chrysops,NA,1,6/21/2017,Egner,C,6/14/2017,37,Pool
6212017EgnerPoolC1,OTU1023,US,0.0026,BOLD:ACC8134,Animalia,Arthropoda,Insecta,Coleoptera,NA,NA,NA,15,6/21/2017,Egner,C,6/14/2017,37,Pool
6212017EgnerPoolC1,OTU1100,GS,97,BOLD:AAF9064,Animalia,Arthropoda,Insecta,Diptera,Limoniidae,Elephantomyia,Elephantomyia westwoodi,14,6/21/2017,Egner,C,6/14/2017,37,Pool
6212017EgnerPoolC1,OTU1172,SS,0.83,BOLD:AAD6926,Animalia,Arthropoda,Arachnida,Araneae,Anyphaenidae,Anyphaena,Anyphaena pectorosa,13,6/21/2017,Egner,C,6/14/2017,37,Pool
6212017EgnerPoolC1,OTU1207,SS,0.68,BOLD:AAY8540,Animalia,Arthropoda,Insecta,Coleoptera,NA,NA,NA,9,6/21/2017,Egner,C,6/14/2017,37,Pool
6212017EgnerPoolC1,OTU1243,SS,0.79,BOLD:AAY5602,Animalia,Arthropoda,Insecta,NA,NA,NA,NA,3,6/21/2017,Egner,C,6/14/2017,37,Pool
6212017EgnerPoolC1,OTU1254,US,0.9934,BOLD:ACC8134,Animalia,Arthropoda,Insecta,Coleoptera,NA,NA,NA,23,6/21/2017,Egner,C,6/14/2017,37,Pool
6212017EgnerPoolC1,OTU1311,GS,100,BOLD:ACB9392,Animalia,Arthropoda,Insecta,Diptera,Chironomidae,NA,NA,7,6/21/2017,Egner,C,6/14/2017,37,Pool
6212017EgnerPoolC1,OTU1350,GS,97.2,BOLD:AAA7067,Animalia,Arthropoda,Insecta,Diptera,Culicidae,Aedes,Aedes vexans,26,6/21/2017,Egner,C,6/14/2017,37,Pool
6212017EgnerPoolC1,OTU1351,SS,0.94,BOLD:AAB7030,Animalia,Arthropoda,Insecta,Diptera,Chironomidae,Chironomus,Chironomus decorus,57,6/21/2017,Egner,C,6/14/2017,37,Pool
6212017EgnerPoolC1,OTU1371,GS,100,BOLD:ACB0854,Animalia,Arthropoda,Insecta,Coleoptera,Ptilodactylidae,NA,NA,20,6/21/2017,Egner,C,6/14/2017,37,Pool
6212017EgnerPoolC1,OTU1490,US,1,BOLD:AAK0197,Animalia,Arthropoda,Arachnida,Mesostigmata,NA,NA,NA,6,6/21/2017,Egner,C,6/14/2017,37,Pool
6212017EgnerPoolC1,OTU1656,US,0.9715,BOLD:AAD6798,Animalia,Arthropoda,Insecta,Diptera,NA,NA,NA,22,6/21/2017,Egner,C,6/14/2017,37,Pool
6212017EgnerPoolC1,OTU1764,US,0.9934,BOLD:ACQ7934,Animalia,Arthropoda,Insecta,Hymenoptera,NA,NA,NA,4,6/21/2017,Egner,C,6/14/2017,37,Pool
6212017EgnerPoolC1,OTU1796,GS,97.2,BOLD:AAB4915,Animalia,Arthropoda,Insecta,Lepidoptera,Tortricidae,Episimus,Episimus argutana,7,6/21/2017,Egner,C,6/14/2017,37,Pool
6212017EgnerPoolC1,OTU1853,US,0.9859,BOLD:AAG7032,Animalia,Arthropoda,Insecta,Coleoptera,NA,NA,NA,45,6/21/2017,Egner,C,6/14/2017,37,Pool
6212017EgnerPoolC1,OTU1874,GS,98.9,BOLD:ACC3231,Animalia,Arthropoda,Insecta,Coleoptera,Aderidae,NA,NA,37,6/21/2017,Egner,C,6/14/2017,37,Pool
6212017EgnerPoolC2,OTU1,US,0.0026,BOLD:AAD6798,Animalia,Arthropoda,Insecta,Diptera,NA,NA,NA,8352,6/21/2017,Egner,C,6/14/2017,37,Pool
6212017EgnerPoolC2,OTU5,GS,99.4,BOLD:AAN5451,Animalia,Arthropoda,Arachnida,Araneae,Araneidae,Eustala,NA,172,6/21/2017,Egner,C,6/14/2017,37,Pool
6212017EgnerPoolC2,OTU10,GS,100,BOLD:ACF3057,Animalia,Arthropoda,Insecta,Lepidoptera,Tineidae,Acrolophus,Acrolophus mortipennella,316,6/21/2017,Egner,C,6/14/2017,37,Pool
6212017EgnerPoolC2,OTU16,GS,100,BOLD:AAA7067,Animalia,Arthropoda,Insecta,Diptera,Culicidae,Aedes,Aedes vexans,599,6/21/2017,Egner,C,6/14/2017,37,Pool
6212017EgnerPoolC2,OTU18,GS,100,BOLD:ABY8739,Animalia,Arthropoda,Insecta,Diptera,Tabanidae,NA,NA,4315,6/21/2017,Egner,C,6/14/2017,37,Pool
6212017EgnerPoolC2,OTU26,GS,98.8,BOLD:ACM8443,Animalia,Arthropoda,Insecta,Diptera,Tabanidae,Hybomitra,Hybomitra epistates,79,6/21/2017,Egner,C,6/14/2017,37,Pool
6212017EgnerPoolC2,OTU34,GS,100,BOLD:AAM6211,Animalia,Arthropoda,Insecta,Diptera,Chironomidae,Glyptotendipes,NA,378,6/21/2017,Egner,C,6/14/2017,37,Pool
6212017EgnerPoolC2,OTU35,GS,100,BOLD:ABW4215,Animalia,Arthropoda,Insecta,Diptera,Chironomidae,Glyptotendipes,Glyptotendipes meridionalis,144,6/21/2017,Egner,C,6/14/2017,37,Pool
6212017EgnerPoolC2,OTU36,GS,100,BOLD:ACA2315,Animalia,Arthropoda,Insecta,Coleoptera,Curculionidae,NA,NA,9747,6/21/2017,Egner,C,6/14/2017,37,Pool
6212017EgnerPoolC2,OTU51,GS,100,BOLD:AAG1040,Animalia,Arthropoda,Insecta,Lepidoptera,Cosmopterigidae,Perimede,Perimede circitor,516,6/21/2017,Egner,C,6/14/2017,37,Pool
6212017EgnerPoolC2,OTU61,GS,99.4,BOLD:ABV1681,Animalia,Arthropoda,Insecta,Diptera,Tachinidae,Lixophaga,NA,1092,6/21/2017,Egner,C,6/14/2017,37,Pool
6212017EgnerPoolC2,OTU64,US,0.9925,BOLD:AAL8170,Animalia,Arthropoda,Insecta,Hymenoptera,NA,NA,NA,403,6/21/2017,Egner,C,6/14/2017,37,Pool
6212017EgnerPoolC2,OTU68,GS,100,BOLD:AAB7030,Animalia,Arthropoda,Insecta,Diptera,Chironomidae,Chironomus,Chironomus decorus,615,6/21/2017,Egner,C,6/14/2017,37,Pool
6212017EgnerPoolC2,OTU70,GS,100,BOLD:ABY9168,Animalia,Arthropoda,Insecta,Lepidoptera,Tortricidae,Clepsis,Clepsis peritana,117,6/21/2017,Egner,C,6/14/2017,37,Pool
6212017EgnerPoolC2,OTU72,US,0.9963,BOLD:ACO3874,Animalia,Arthropoda,Insecta,Coleoptera,NA,NA,NA,4993,6/21/2017,Egner,C,6/14/2017,37,Pool
6212017EgnerPoolC2,OTU73,GS,100,BOLD:AAD6926,Animalia,Arthropoda,Arachnida,Araneae,Anyphaenidae,Anyphaena,Anyphaena pectorosa,1433,6/21/2017,Egner,C,6/14/2017,37,Pool
6212017EgnerPoolC2,OTU79,US,0,BOLD:ABW8618,Animalia,Arthropoda,Insecta,Diptera,NA,NA,NA,3396,6/21/2017,Egner,C,6/14/2017,37,Pool
6212017EgnerPoolC2,OTU85,US,0.9919,BOLD:AAH1006,Animalia,Arthropoda,Insecta,Diptera,NA,NA,NA,2201,6/21/2017,Egner,C,6/14/2017,37,Pool
6212017EgnerPoolC2,OTU93,GS,99.4,BOLD:AAM4329,Animalia,Arthropoda,Insecta,Hemiptera,Cimicidae,Cimex,Cimex adjunctus,159,6/21/2017,Egner,C,6/14/2017,37,Pool
6212017EgnerPoolC2,OTU100,US,0,BOLD:ACD6759,Animalia,Arthropoda,Insecta,Hymenoptera,NA,NA,NA,122,6/21/2017,Egner,C,6/14/2017,37,Pool
6212017EgnerPoolC2,OTU103,US,0.9936,BOLD:ACH3803,Animalia,Arthropoda,Insecta,Coleoptera,NA,NA,NA,3930,6/21/2017,Egner,C,6/14/2017,37,Pool
6212017EgnerPoolC2,OTU107,GS,98.9,BOLD:ACD3689,Animalia,Arthropoda,Insecta,Hymenoptera,Diapriidae,NA,NA,280,6/21/2017,Egner,C,6/14/2017,37,Pool
6212017EgnerPoolC2,OTU133,US,0,BOLD:AAH1180,Animalia,Arthropoda,Insecta,Hemiptera,NA,NA,NA,51,6/21/2017,Egner,C,6/14/2017,37,Pool
6212017EgnerPoolC2,OTU147,GS,100,BOLD:AAA4056,Animalia,Arthropoda,Insecta,Lepidoptera,Geometridae,Hypagyrtis,Hypagyrtis piniata,160,6/21/2017,Egner,C,6/14/2017,37,Pool
6212017EgnerPoolC2,OTU185,GS,100,BOLD:AAA7667,Animalia,Arthropoda,Insecta,Lepidoptera,Tortricidae,Acleris,Acleris chalybeana,96,6/21/2017,Egner,C,6/14/2017,37,Pool
6212017EgnerPoolC2,OTU189,GS,100,BOLD:ABV2225,Animalia,Arthropoda,Insecta,Lepidoptera,Gracillariidae,Caloptilia,NA,35,6/21/2017,Egner,C,6/14/2017,37,Pool
6212017EgnerPoolC2,OTU190,GS,100,BOLD:ABY7666,Animalia,Arthropoda,Insecta,Diptera,Culicidae,Culex,Culex territans,11,6/21/2017,Egner,C,6/14/2017,37,Pool
6212017EgnerPoolC2,OTU208,GS,100,BOLD:AAY8540,Animalia,Arthropoda,Insecta,Coleoptera,Carabidae,Polyderis,Polyderis laeva,191,6/21/2017,Egner,C,6/14/2017,37,Pool
6212017EgnerPoolC2,OTU215,GS,100,BOLD:AAA2490,Animalia,Arthropoda,Insecta,Lepidoptera,Crambidae,Palpita,Palpita magniferalis,36,6/21/2017,Egner,C,6/14/2017,37,Pool
6212017EgnerPoolC2,OTU230,GS,100,BOLD:AAG3850,Animalia,Arthropoda,Insecta,Diptera,Culicidae,Psorophora,Psorophora columbiae,45,6/21/2017,Egner,C,6/14/2017,37,Pool
6212017EgnerPoolC2,OTU231,GS,100,BOLD:AAD2590,Animalia,Arthropoda,Insecta,Lepidoptera,Gracillariidae,Caloptilia,Caloptilia packardella,59,6/21/2017,Egner,C,6/14/2017,37,Pool
6212017EgnerPoolC2,OTU258,GS,100,BOLD:ACA7555,Animalia,Arthropoda,Insecta,Diptera,Chironomidae,NA,NA,26,6/21/2017,Egner,C,6/14/2017,37,Pool
6212017EgnerPoolC2,OTU269,GS,97.2,BOLD:AAP9050,Animalia,Arthropoda,Insecta,Diptera,Ceratopogonidae,NA,NA,68,6/21/2017,Egner,C,6/14/2017,37,Pool
6212017EgnerPoolC2,OTU310,GS,100,BOLD:ABX7479,Animalia,Arthropoda,Insecta,Diptera,Chironomidae,Parachironomus,NA,65,6/21/2017,Egner,C,6/14/2017,37,Pool
6212017EgnerPoolC2,OTU320,US,0,BOLD:ACQ9987,Animalia,Arthropoda,Insecta,Hemiptera,NA,NA,NA,71,6/21/2017,Egner,C,6/14/2017,37,Pool
6212017EgnerPoolC2,OTU434,GS,100,BOLD:AAU7127,Animalia,Arthropoda,Insecta,Coleoptera,Carabidae,Bembidion,Bembidion affine,21,6/21/2017,Egner,C,6/14/2017,37,Pool
6212017EgnerPoolC2,OTU442,GS,97.2,BOLD:ABU6554,Animalia,Arthropoda,Insecta,Diptera,NA,NA,NA,47,6/21/2017,Egner,C,6/14/2017,37,Pool
6212017EgnerPoolC2,OTU569,GS,99.4,BOLD:AAE5644,Animalia,Arthropoda,Arachnida,Trombidiformes,NA,NA,NA,85,6/21/2017,Egner,C,6/14/2017,37,Pool
6212017EgnerPoolC2,OTU657,GS,98.9,BOLD:AAH2909,Animalia,Arthropoda,Insecta,Coleoptera,Hydrophilidae,Helocombus,Helocombus bifidus,32,6/21/2017,Egner,C,6/14/2017,37,Pool
6212017EgnerPoolC2,OTU728,GS,100,BOLD:ABA6114,Animalia,Arthropoda,Insecta,Hymenoptera,Diapriidae,NA,NA,13,6/21/2017,Egner,C,6/14/2017,37,Pool
6212017EgnerPoolC2,OTU827,US,0,BOLD:ACQ9987,Animalia,Arthropoda,Insecta,Hemiptera,NA,NA,NA,45,6/21/2017,Egner,C,6/14/2017,37,Pool
6212017EgnerPoolC2,OTU856,GS,99.4,BOLD:AAD3799,Animalia,Arthropoda,Insecta,Lepidoptera,Tineidae,Hybroma,Hybroma servulella,65,6/21/2017,Egner,C,6/14/2017,37,Pool
6212017EgnerPoolC2,OTU1023,US,0.0026,BOLD:ACC8134,Animalia,Arthropoda,Insecta,Coleoptera,NA,NA,NA,34,6/21/2017,Egner,C,6/14/2017,37,Pool
6212017EgnerPoolC2,OTU1092,US,0.9967,BOLD:ACO6848,Animalia,Arthropoda,Insecta,Hymenoptera,NA,NA,NA,6,6/21/2017,Egner,C,6/14/2017,37,Pool
6212017EgnerPoolC2,OTU1136,SS,0.4,BOLD:ACD9388,Animalia,Arthropoda,Collembola,Entomobryomorpha,NA,NA,NA,51,6/21/2017,Egner,C,6/14/2017,37,Pool
6212017EgnerPoolC2,OTU1172,SS,0.83,BOLD:AAD6926,Animalia,Arthropoda,Arachnida,Araneae,Anyphaenidae,Anyphaena,Anyphaena pectorosa,12,6/21/2017,Egner,C,6/14/2017,37,Pool
6212017EgnerPoolC2,OTU1207,SS,0.68,BOLD:AAY8540,Animalia,Arthropoda,Insecta,Coleoptera,NA,NA,NA,38,6/21/2017,Egner,C,6/14/2017,37,Pool
6212017EgnerPoolC2,OTU1243,SS,0.79,BOLD:AAY5602,Animalia,Arthropoda,Insecta,NA,NA,NA,NA,7,6/21/2017,Egner,C,6/14/2017,37,Pool
6212017EgnerPoolC2,OTU1254,US,0.9934,BOLD:ACC8134,Animalia,Arthropoda,Insecta,Coleoptera,NA,NA,NA,22,6/21/2017,Egner,C,6/14/2017,37,Pool
6212017EgnerPoolC2,OTU1268,GS,97.8,BOLD:AAM6211,Animalia,Arthropoda,Insecta,Diptera,Chironomidae,Glyptotendipes,NA,26,6/21/2017,Egner,C,6/14/2017,37,Pool
6212017EgnerPoolC2,OTU1296,GS,97.2,BOLD:AAD2334,Animalia,Arthropoda,Insecta,Lepidoptera,Tineidae,Acrolophus,Acrolophus hasbroucki,4,6/21/2017,Egner,C,6/14/2017,37,Pool
6212017EgnerPoolC2,OTU1300,SS,0.02,BOLD:ACY1909,Animalia,Arthropoda,Arachnida,Trombidiformes,Tydeidae,NA,NA,47,6/21/2017,Egner,C,6/14/2017,37,Pool
6212017EgnerPoolC2,OTU1350,GS,97.2,BOLD:AAA7067,Animalia,Arthropoda,Insecta,Diptera,Culicidae,Aedes,Aedes vexans,21,6/21/2017,Egner,C,6/14/2017,37,Pool
6212017EgnerPoolC2,OTU1351,SS,0.94,BOLD:AAB7030,Animalia,Arthropoda,Insecta,Diptera,Chironomidae,Chironomus,Chironomus decorus,102,6/21/2017,Egner,C,6/14/2017,37,Pool
6212017EgnerPoolC2,OTU1388,GS,99.4,BOLD:ACD3710,Animalia,Arthropoda,Insecta,Coleoptera,Elateridae,Melanotus,NA,51,6/21/2017,Egner,C,6/14/2017,37,Pool
6212017EgnerPoolC2,OTU1608,US,0.1136,BOLD:ABV5820,Animalia,Arthropoda,Malacostraca,Decapoda,NA,NA,NA,30,6/21/2017,Egner,C,6/14/2017,37,Pool
6212017EgnerPoolC2,OTU1656,US,0.9715,BOLD:AAD6798,Animalia,Arthropoda,Insecta,Diptera,NA,NA,NA,29,6/21/2017,Egner,C,6/14/2017,37,Pool
6212017EgnerPoolC2,OTU1741,GS,98.3,BOLD:AAP9050,Animalia,Arthropoda,Insecta,Diptera,Ceratopogonidae,NA,NA,1,6/21/2017,Egner,C,6/14/2017,37,Pool
6212017EgnerPoolC2,OTU1764,US,0.9934,BOLD:ACQ7934,Animalia,Arthropoda,Insecta,Hymenoptera,NA,NA,NA,12,6/21/2017,Egner,C,6/14/2017,37,Pool
6212017EgnerPoolC2,OTU1796,GS,97.2,BOLD:AAB4915,Animalia,Arthropoda,Insecta,Lepidoptera,Tortricidae,Episimus,Episimus argutana,6,6/21/2017,Egner,C,6/14/2017,37,Pool
6212017EgnerPoolC2,OTU1853,US,0.9859,BOLD:AAG7032,Animalia,Arthropoda,Insecta,Coleoptera,NA,NA,NA,79,6/21/2017,Egner,C,6/14/2017,37,Pool
6212017EgnerPoolC3,OTU1,US,0.0026,BOLD:AAD6798,Animalia,Arthropoda,Insecta,Diptera,NA,NA,NA,19422,6/21/2017,Egner,C,6/14/2017,37,Pool
6212017EgnerPoolC3,OTU5,GS,99.4,BOLD:AAN5451,Animalia,Arthropoda,Arachnida,Araneae,Araneidae,Eustala,NA,769,6/21/2017,Egner,C,6/14/2017,37,Pool
6212017EgnerPoolC3,OTU9,US,0.7924,BOLD:AAG8502,Animalia,Arthropoda,Insecta,NA,NA,NA,NA,405,6/21/2017,Egner,C,6/14/2017,37,Pool
6212017EgnerPoolC3,OTU10,GS,100,BOLD:ACF3057,Animalia,Arthropoda,Insecta,Lepidoptera,Tineidae,Acrolophus,Acrolophus mortipennella,601,6/21/2017,Egner,C,6/14/2017,37,Pool
6212017EgnerPoolC3,OTU16,GS,100,BOLD:AAA7067,Animalia,Arthropoda,Insecta,Diptera,Culicidae,Aedes,Aedes vexans,2266,6/21/2017,Egner,C,6/14/2017,37,Pool
6212017EgnerPoolC3,OTU18,GS,100,BOLD:ABY8739,Animalia,Arthropoda,Insecta,Diptera,Tabanidae,NA,NA,15627,6/21/2017,Egner,C,6/14/2017,37,Pool
6212017EgnerPoolC3,OTU26,GS,98.8,BOLD:ACM8443,Animalia,Arthropoda,Insecta,Diptera,Tabanidae,Hybomitra,Hybomitra epistates,297,6/21/2017,Egner,C,6/14/2017,37,Pool
6212017EgnerPoolC3,OTU34,GS,100,BOLD:AAM6211,Animalia,Arthropoda,Insecta,Diptera,Chironomidae,Glyptotendipes,NA,1143,6/21/2017,Egner,C,6/14/2017,37,Pool
6212017EgnerPoolC3,OTU35,GS,100,BOLD:ABW4215,Animalia,Arthropoda,Insecta,Diptera,Chironomidae,Glyptotendipes,Glyptotendipes meridionalis,167,6/21/2017,Egner,C,6/14/2017,37,Pool
6212017EgnerPoolC3,OTU36,GS,100,BOLD:ACA2315,Animalia,Arthropoda,Insecta,Coleoptera,Curculionidae,NA,NA,23891,6/21/2017,Egner,C,6/14/2017,37,Pool
6212017EgnerPoolC3,OTU51,GS,100,BOLD:AAG1040,Animalia,Arthropoda,Insecta,Lepidoptera,Cosmopterigidae,Perimede,Perimede circitor,783,6/21/2017,Egner,C,6/14/2017,37,Pool
6212017EgnerPoolC3,OTU61,GS,99.4,BOLD:ABV1681,Animalia,Arthropoda,Insecta,Diptera,Tachinidae,Lixophaga,NA,4650,6/21/2017,Egner,C,6/14/2017,37,Pool
6212017EgnerPoolC3,OTU64,US,0.9925,BOLD:AAL8170,Animalia,Arthropoda,Insecta,Hymenoptera,NA,NA,NA,708,6/21/2017,Egner,C,6/14/2017,37,Pool
6212017EgnerPoolC3,OTU65,GS,100,BOLD:AAA1517,Animalia,Arthropoda,Insecta,Lepidoptera,Tortricidae,Choristoneura,Choristoneura rosaceana,526,6/21/2017,Egner,C,6/14/2017,37,Pool
6212017EgnerPoolC3,OTU68,GS,100,BOLD:AAB7030,Animalia,Arthropoda,Insecta,Diptera,Chironomidae,Chironomus,Chironomus decorus,1422,6/21/2017,Egner,C,6/14/2017,37,Pool
6212017EgnerPoolC3,OTU72,US,0.9963,BOLD:ACO3874,Animalia,Arthropoda,Insecta,Coleoptera,NA,NA,NA,11183,6/21/2017,Egner,C,6/14/2017,37,Pool
6212017EgnerPoolC3,OTU73,GS,100,BOLD:AAD6926,Animalia,Arthropoda,Arachnida,Araneae,Anyphaenidae,Anyphaena,Anyphaena pectorosa,3660,6/21/2017,Egner,C,6/14/2017,37,Pool
6212017EgnerPoolC3,OTU79,US,0,BOLD:ABW8618,Animalia,Arthropoda,Insecta,Diptera,NA,NA,NA,9544,6/21/2017,Egner,C,6/14/2017,37,Pool
6212017EgnerPoolC3,OTU85,US,0.9919,BOLD:AAH1006,Animalia,Arthropoda,Insecta,Diptera,NA,NA,NA,2176,6/21/2017,Egner,C,6/14/2017,37,Pool
6212017EgnerPoolC3,OTU93,GS,99.4,BOLD:AAM4329,Animalia,Arthropoda,Insecta,Hemiptera,Cimicidae,Cimex,Cimex adjunctus,701,6/21/2017,Egner,C,6/14/2017,37,Pool
6212017EgnerPoolC3,OTU100,US,0,BOLD:ACD6759,Animalia,Arthropoda,Insecta,Hymenoptera,NA,NA,NA,327,6/21/2017,Egner,C,6/14/2017,37,Pool
6212017EgnerPoolC3,OTU103,US,0.9936,BOLD:ACH3803,Animalia,Arthropoda,Insecta,Coleoptera,NA,NA,NA,5874,6/21/2017,Egner,C,6/14/2017,37,Pool
6212017EgnerPoolC3,OTU107,GS,98.9,BOLD:ACD3689,Animalia,Arthropoda,Insecta,Hymenoptera,Diapriidae,NA,NA,106,6/21/2017,Egner,C,6/14/2017,37,Pool
6212017EgnerPoolC3,OTU133,US,0,BOLD:AAH1180,Animalia,Arthropoda,Insecta,Hemiptera,NA,NA,NA,168,6/21/2017,Egner,C,6/14/2017,37,Pool
6212017EgnerPoolC3,OTU174,GS,97.2,BOLD:AAD2010,Animalia,Arthropoda,Insecta,Lepidoptera,Tineidae,Acrolophus,Acrolophus propinqua,103,6/21/2017,Egner,C,6/14/2017,37,Pool
6212017EgnerPoolC3,OTU189,GS,100,BOLD:ABV2225,Animalia,Arthropoda,Insecta,Lepidoptera,Gracillariidae,Caloptilia,NA,52,6/21/2017,Egner,C,6/14/2017,37,Pool
6212017EgnerPoolC3,OTU190,GS,100,BOLD:ABY7666,Animalia,Arthropoda,Insecta,Diptera,Culicidae,Culex,Culex territans,12,6/21/2017,Egner,C,6/14/2017,37,Pool
6212017EgnerPoolC3,OTU193,GS,98.9,BOLD:AAI4436,Animalia,Arthropoda,Insecta,Lepidoptera,Gelechiidae,Aristotelia,NA,33,6/21/2017,Egner,C,6/14/2017,37,Pool
6212017EgnerPoolC3,OTU198,GS,99.4,BOLD:ABZ1242,Animalia,Arthropoda,Insecta,Diptera,Chironomidae,NA,NA,55,6/21/2017,Egner,C,6/14/2017,37,Pool
6212017EgnerPoolC3,OTU202,US,0.9967,BOLD:ACF8271,Animalia,Arthropoda,Insecta,Hymenoptera,NA,NA,NA,60,6/21/2017,Egner,C,6/14/2017,37,Pool
6212017EgnerPoolC3,OTU208,GS,100,BOLD:AAY8540,Animalia,Arthropoda,Insecta,Coleoptera,Carabidae,Polyderis,Polyderis laeva,445,6/21/2017,Egner,C,6/14/2017,37,Pool
6212017EgnerPoolC3,OTU231,GS,100,BOLD:AAD2590,Animalia,Arthropoda,Insecta,Lepidoptera,Gracillariidae,Caloptilia,Caloptilia packardella,106,6/21/2017,Egner,C,6/14/2017,37,Pool
6212017EgnerPoolC3,OTU258,GS,100,BOLD:ACA7555,Animalia,Arthropoda,Insecta,Diptera,Chironomidae,NA,NA,141,6/21/2017,Egner,C,6/14/2017,37,Pool
6212017EgnerPoolC3,OTU290,GS,100,BOLD:AAE4427,Animalia,Arthropoda,Insecta,Lepidoptera,Tineidae,Xylesthia,Xylesthia pruniramiella,133,6/21/2017,Egner,C,6/14/2017,37,Pool
6212017EgnerPoolC3,OTU304,GS,100,BOLD:AAD6122,Animalia,Arthropoda,Insecta,Diptera,NA,NA,NA,39,6/21/2017,Egner,C,6/14/2017,37,Pool
6212017EgnerPoolC3,OTU310,GS,100,BOLD:ABX7479,Animalia,Arthropoda,Insecta,Diptera,Chironomidae,Parachironomus,NA,66,6/21/2017,Egner,C,6/14/2017,37,Pool
6212017EgnerPoolC3,OTU320,US,0,BOLD:ACQ9987,Animalia,Arthropoda,Insecta,Hemiptera,NA,NA,NA,182,6/21/2017,Egner,C,6/14/2017,37,Pool
6212017EgnerPoolC3,OTU341,GS,98.3,BOLD:AAB4915,Animalia,Arthropoda,Insecta,Lepidoptera,Tortricidae,Episimus,Episimus argutana,157,6/21/2017,Egner,C,6/14/2017,37,Pool
6212017EgnerPoolC3,OTU446,GS,100,BOLD:AAD1537,Animalia,Arthropoda,Insecta,Lepidoptera,Tortricidae,Gretchena,Gretchena bolliana,239,6/21/2017,Egner,C,6/14/2017,37,Pool
6212017EgnerPoolC3,OTU549,GS,100,BOLD:AAM8604,Animalia,Arthropoda,Insecta,Lepidoptera,NA,NA,NA,142,6/21/2017,Egner,C,6/14/2017,37,Pool
6212017EgnerPoolC3,OTU569,GS,99.4,BOLD:AAE5644,Animalia,Arthropoda,Arachnida,Trombidiformes,NA,NA,NA,308,6/21/2017,Egner,C,6/14/2017,37,Pool
6212017EgnerPoolC3,OTU636,GS,99.4,BOLD:AAM6230,Animalia,Arthropoda,Insecta,Diptera,Chironomidae,Chironomus,NA,19,6/21/2017,Egner,C,6/14/2017,37,Pool
6212017EgnerPoolC3,OTU692,GS,100,BOLD:ABW5646,Animalia,Arthropoda,Insecta,Psocodea,Psocidae,Cerastipsocus,NA,8,6/21/2017,Egner,C,6/14/2017,37,Pool
6212017EgnerPoolC3,OTU702,SS,0.87,BOLD:AAN6304,Animalia,Arthropoda,Arachnida,Araneae,Araneidae,Araneus,Araneus guttulatus,78,6/21/2017,Egner,C,6/14/2017,37,Pool
6212017EgnerPoolC3,OTU728,GS,100,BOLD:ABA6114,Animalia,Arthropoda,Insecta,Hymenoptera,Diapriidae,NA,NA,9,6/21/2017,Egner,C,6/14/2017,37,Pool
6212017EgnerPoolC3,OTU737,GS,100,BOLD:AAG3822,Animalia,Arthropoda,Arachnida,Araneae,Anyphaenidae,Anyphaena,NA,2,6/21/2017,Egner,C,6/14/2017,37,Pool
6212017EgnerPoolC3,OTU745,SS,0.11,BOLD:AAP0259,Animalia,Arthropoda,Insecta,Lepidoptera,NA,NA,NA,23,6/21/2017,Egner,C,6/14/2017,37,Pool
6212017EgnerPoolC3,OTU751,GS,99.4,BOLD:ACL5990,Animalia,Arthropoda,Arachnida,Trombidiformes,Oxidae,Oxus,NA,185,6/21/2017,Egner,C,6/14/2017,37,Pool
6212017EgnerPoolC3,OTU816,GS,100,BOLD:AAA3328,Animalia,Arthropoda,Insecta,Lepidoptera,Erebidae,Idia,NA,135,6/21/2017,Egner,C,6/14/2017,37,Pool
6212017EgnerPoolC3,OTU827,US,0,BOLD:ACQ9987,Animalia,Arthropoda,Insecta,Hemiptera,NA,NA,NA,142,6/21/2017,Egner,C,6/14/2017,37,Pool
6212017EgnerPoolC3,OTU856,GS,99.4,BOLD:AAD3799,Animalia,Arthropoda,Insecta,Lepidoptera,Tineidae,Hybroma,Hybroma servulella,110,6/21/2017,Egner,C,6/14/2017,37,Pool
6212017EgnerPoolC3,OTU891,GSL,100,BOLD:AAB3762,Animalia,Arthropoda,Insecta,Lepidoptera,Notodontidae,Lochmaeus,Lochmaeus manteo,124,6/21/2017,Egner,C,6/14/2017,37,Pool
6212017EgnerPoolC3,OTU922,GS,100,BOLD:ACV8706,Animalia,Arthropoda,Insecta,Lepidoptera,Sphingidae,Amorpha,Amorpha juglandis,122,6/21/2017,Egner,C,6/14/2017,37,Pool
6212017EgnerPoolC3,OTU982,GS,98.3,BOLD:AAP9050,Animalia,Arthropoda,Insecta,Diptera,Ceratopogonidae,NA,NA,68,6/21/2017,Egner,C,6/14/2017,37,Pool
6212017EgnerPoolC3,OTU1023,US,0.0026,BOLD:ACC8134,Animalia,Arthropoda,Insecta,Coleoptera,NA,NA,NA,11,6/21/2017,Egner,C,6/14/2017,37,Pool
6212017EgnerPoolC3,OTU1061,US,0.9967,BOLD:AAG1951,Animalia,Arthropoda,Insecta,Coleoptera,NA,NA,NA,3,6/21/2017,Egner,C,6/14/2017,37,Pool
6212017EgnerPoolC3,OTU1092,US,0.9967,BOLD:ACO6848,Animalia,Arthropoda,Insecta,Hymenoptera,NA,NA,NA,14,6/21/2017,Egner,C,6/14/2017,37,Pool
6212017EgnerPoolC3,OTU1097,GS,97.2,BOLD:AAN5451,Animalia,Arthropoda,Arachnida,Araneae,Araneidae,Eustala,NA,28,6/21/2017,Egner,C,6/14/2017,37,Pool
6212017EgnerPoolC3,OTU1100,GS,97,BOLD:AAF9064,Animalia,Arthropoda,Insecta,Diptera,Limoniidae,Elephantomyia,Elephantomyia westwoodi,14,6/21/2017,Egner,C,6/14/2017,37,Pool
6212017EgnerPoolC3,OTU1103,GS,99.4,BOLD:ABW4221,Animalia,Arthropoda,Insecta,Diptera,Chironomidae,NA,NA,127,6/21/2017,Egner,C,6/14/2017,37,Pool
6212017EgnerPoolC3,OTU1134,GS,99.4,BOLD:AAB3667,Animalia,Arthropoda,Insecta,Lepidoptera,Crambidae,Conchylodes,Conchylodes ovulalis,1,6/21/2017,Egner,C,6/14/2017,37,Pool
6212017EgnerPoolC3,OTU1136,SS,0.4,BOLD:ACD9388,Animalia,Arthropoda,Collembola,Entomobryomorpha,NA,NA,NA,41,6/21/2017,Egner,C,6/14/2017,37,Pool
6212017EgnerPoolC3,OTU1172,SS,0.83,BOLD:AAD6926,Animalia,Arthropoda,Arachnida,Araneae,Anyphaenidae,Anyphaena,Anyphaena pectorosa,53,6/21/2017,Egner,C,6/14/2017,37,Pool
6212017EgnerPoolC3,OTU1207,SS,0.68,BOLD:AAY8540,Animalia,Arthropoda,Insecta,Coleoptera,NA,NA,NA,71,6/21/2017,Egner,C,6/14/2017,37,Pool
6212017EgnerPoolC3,OTU1243,SS,0.79,BOLD:AAY5602,Animalia,Arthropoda,Insecta,NA,NA,NA,NA,23,6/21/2017,Egner,C,6/14/2017,37,Pool
6212017EgnerPoolC3,OTU1268,GS,97.8,BOLD:AAM6211,Animalia,Arthropoda,Insecta,Diptera,Chironomidae,Glyptotendipes,NA,39,6/21/2017,Egner,C,6/14/2017,37,Pool
6212017EgnerPoolC3,OTU1296,GS,97.2,BOLD:AAD2334,Animalia,Arthropoda,Insecta,Lepidoptera,Tineidae,Acrolophus,Acrolophus hasbroucki,3,6/21/2017,Egner,C,6/14/2017,37,Pool
6212017EgnerPoolC3,OTU1345,GS,100,BOLD:AAL7329,Animalia,Arthropoda,Insecta,Diptera,Chironomidae,Dicrotendipes,Dicrotendipes modestus,13,6/21/2017,Egner,C,6/14/2017,37,Pool
6212017EgnerPoolC3,OTU1350,GS,97.2,BOLD:AAA7067,Animalia,Arthropoda,Insecta,Diptera,Culicidae,Aedes,Aedes vexans,217,6/21/2017,Egner,C,6/14/2017,37,Pool
6212017EgnerPoolC3,OTU1351,SS,0.94,BOLD:AAB7030,Animalia,Arthropoda,Insecta,Diptera,Chironomidae,Chironomus,Chironomus decorus,237,6/21/2017,Egner,C,6/14/2017,37,Pool
6212017EgnerPoolC3,OTU1441,GS,98.3,BOLD:AAG7739,Animalia,Arthropoda,Insecta,Hymenoptera,Braconidae,Meteorus,NA,32,6/21/2017,Egner,C,6/14/2017,37,Pool
6212017EgnerPoolC3,OTU1656,US,0.9715,BOLD:AAD6798,Animalia,Arthropoda,Insecta,Diptera,NA,NA,NA,94,6/21/2017,Egner,C,6/14/2017,37,Pool
6212017EgnerPoolC3,OTU1719,GS,97.2,BOLD:AAG0149,Animalia,Arthropoda,Insecta,Lepidoptera,NA,NA,NA,4,6/21/2017,Egner,C,6/14/2017,37,Pool
6212017EgnerPoolC3,OTU1764,US,0.9934,BOLD:ACQ7934,Animalia,Arthropoda,Insecta,Hymenoptera,NA,NA,NA,18,6/21/2017,Egner,C,6/14/2017,37,Pool
6212017EgnerPoolC3,OTU1796,GS,97.2,BOLD:AAB4915,Animalia,Arthropoda,Insecta,Lepidoptera,Tortricidae,Episimus,Episimus argutana,31,6/21/2017,Egner,C,6/14/2017,37,Pool
6212017EgnerPoolC3,OTU1853,US,0.9859,BOLD:AAG7032,Animalia,Arthropoda,Insecta,Coleoptera,NA,NA,NA,217,6/21/2017,Egner,C,6/14/2017,37,Pool
6212017EgnerPoolC4,OTU1,US,0.0026,BOLD:AAD6798,Animalia,Arthropoda,Insecta,Diptera,NA,NA,NA,7054,6/21/2017,Egner,C,6/14/2017,37,Pool
6212017EgnerPoolC4,OTU5,GS,99.4,BOLD:AAN5451,Animalia,Arthropoda,Arachnida,Araneae,Araneidae,Eustala,NA,504,6/21/2017,Egner,C,6/14/2017,37,Pool
6212017EgnerPoolC4,OTU9,US,0.7924,BOLD:AAG8502,Animalia,Arthropoda,Insecta,NA,NA,NA,NA,204,6/21/2017,Egner,C,6/14/2017,37,Pool
6212017EgnerPoolC4,OTU10,GS,100,BOLD:ACF3057,Animalia,Arthropoda,Insecta,Lepidoptera,Tineidae,Acrolophus,Acrolophus mortipennella,273,6/21/2017,Egner,C,6/14/2017,37,Pool
6212017EgnerPoolC4,OTU16,GS,100,BOLD:AAA7067,Animalia,Arthropoda,Insecta,Diptera,Culicidae,Aedes,Aedes vexans,310,6/21/2017,Egner,C,6/14/2017,37,Pool
6212017EgnerPoolC4,OTU18,GS,100,BOLD:ABY8739,Animalia,Arthropoda,Insecta,Diptera,Tabanidae,NA,NA,4575,6/21/2017,Egner,C,6/14/2017,37,Pool
6212017EgnerPoolC4,OTU21,GS,100,BOLD:ACR3763,Animalia,Arthropoda,Insecta,Coleoptera,Ptilodactylidae,Ptilodactyla,Ptilodactyla serricollis,80,6/21/2017,Egner,C,6/14/2017,37,Pool
6212017EgnerPoolC4,OTU34,GS,100,BOLD:AAM6211,Animalia,Arthropoda,Insecta,Diptera,Chironomidae,Glyptotendipes,NA,234,6/21/2017,Egner,C,6/14/2017,37,Pool
6212017EgnerPoolC4,OTU35,GS,100,BOLD:ABW4215,Animalia,Arthropoda,Insecta,Diptera,Chironomidae,Glyptotendipes,Glyptotendipes meridionalis,320,6/21/2017,Egner,C,6/14/2017,37,Pool
6212017EgnerPoolC4,OTU36,GS,100,BOLD:ACA2315,Animalia,Arthropoda,Insecta,Coleoptera,Curculionidae,NA,NA,8910,6/21/2017,Egner,C,6/14/2017,37,Pool
6212017EgnerPoolC4,OTU51,GS,100,BOLD:AAG1040,Animalia,Arthropoda,Insecta,Lepidoptera,Cosmopterigidae,Perimede,Perimede circitor,469,6/21/2017,Egner,C,6/14/2017,37,Pool
6212017EgnerPoolC4,OTU61,GS,99.4,BOLD:ABV1681,Animalia,Arthropoda,Insecta,Diptera,Tachinidae,Lixophaga,NA,1826,6/21/2017,Egner,C,6/14/2017,37,Pool
6212017EgnerPoolC4,OTU64,US,0.9925,BOLD:AAL8170,Animalia,Arthropoda,Insecta,Hymenoptera,NA,NA,NA,261,6/21/2017,Egner,C,6/14/2017,37,Pool
6212017EgnerPoolC4,OTU65,GS,100,BOLD:AAA1517,Animalia,Arthropoda,Insecta,Lepidoptera,Tortricidae,Choristoneura,Choristoneura rosaceana,49,6/21/2017,Egner,C,6/14/2017,37,Pool
6212017EgnerPoolC4,OTU68,GS,100,BOLD:AAB7030,Animalia,Arthropoda,Insecta,Diptera,Chironomidae,Chironomus,Chironomus decorus,557,6/21/2017,Egner,C,6/14/2017,37,Pool
6212017EgnerPoolC4,OTU72,US,0.9963,BOLD:ACO3874,Animalia,Arthropoda,Insecta,Coleoptera,NA,NA,NA,4045,6/21/2017,Egner,C,6/14/2017,37,Pool
6212017EgnerPoolC4,OTU73,GS,100,BOLD:AAD6926,Animalia,Arthropoda,Arachnida,Araneae,Anyphaenidae,Anyphaena,Anyphaena pectorosa,1292,6/21/2017,Egner,C,6/14/2017,37,Pool
6212017EgnerPoolC4,OTU79,US,0,BOLD:ABW8618,Animalia,Arthropoda,Insecta,Diptera,NA,NA,NA,4380,6/21/2017,Egner,C,6/14/2017,37,Pool
6212017EgnerPoolC4,OTU85,US,0.9919,BOLD:AAH1006,Animalia,Arthropoda,Insecta,Diptera,NA,NA,NA,2256,6/21/2017,Egner,C,6/14/2017,37,Pool
6212017EgnerPoolC4,OTU93,GS,99.4,BOLD:AAM4329,Animalia,Arthropoda,Insecta,Hemiptera,Cimicidae,Cimex,Cimex adjunctus,267,6/21/2017,Egner,C,6/14/2017,37,Pool
6212017EgnerPoolC4,OTU100,US,0,BOLD:ACD6759,Animalia,Arthropoda,Insecta,Hymenoptera,NA,NA,NA,379,6/21/2017,Egner,C,6/14/2017,37,Pool
6212017EgnerPoolC4,OTU103,US,0.9936,BOLD:ACH3803,Animalia,Arthropoda,Insecta,Coleoptera,NA,NA,NA,1452,6/21/2017,Egner,C,6/14/2017,37,Pool
6212017EgnerPoolC4,OTU107,GS,98.9,BOLD:ACD3689,Animalia,Arthropoda,Insecta,Hymenoptera,Diapriidae,NA,NA,448,6/21/2017,Egner,C,6/14/2017,37,Pool
6212017EgnerPoolC4,OTU114,US,0.9963,BOLD:AAG1452,Animalia,Arthropoda,Insecta,Diptera,NA,NA,NA,207,6/21/2017,Egner,C,6/14/2017,37,Pool
6212017EgnerPoolC4,OTU117,GS,100,BOLD:AAH5449,Animalia,Arthropoda,Insecta,Lepidoptera,Tineidae,Acrolophus,Acrolophus propinqua,62,6/21/2017,Egner,C,6/14/2017,37,Pool
6212017EgnerPoolC4,OTU133,US,0,BOLD:AAH1180,Animalia,Arthropoda,Insecta,Hemiptera,NA,NA,NA,164,6/21/2017,Egner,C,6/14/2017,37,Pool
6212017EgnerPoolC4,OTU180,GS,100,BOLD:AAM8933,Animalia,Arthropoda,Insecta,Psocodea,Amphipsocidae,Polypsocus,Polypsocus corruptus,22,6/21/2017,Egner,C,6/14/2017,37,Pool
6212017EgnerPoolC4,OTU185,GS,100,BOLD:AAA7667,Animalia,Arthropoda,Insecta,Lepidoptera,Tortricidae,Acleris,Acleris chalybeana,141,6/21/2017,Egner,C,6/14/2017,37,Pool
6212017EgnerPoolC4,OTU193,GS,98.9,BOLD:AAI4436,Animalia,Arthropoda,Insecta,Lepidoptera,Gelechiidae,Aristotelia,NA,33,6/21/2017,Egner,C,6/14/2017,37,Pool
6212017EgnerPoolC4,OTU208,GS,100,BOLD:AAY8540,Animalia,Arthropoda,Insecta,Coleoptera,Carabidae,Polyderis,Polyderis laeva,183,6/21/2017,Egner,C,6/14/2017,37,Pool
6212017EgnerPoolC4,OTU290,GS,100,BOLD:AAE4427,Animalia,Arthropoda,Insecta,Lepidoptera,Tineidae,Xylesthia,Xylesthia pruniramiella,38,6/21/2017,Egner,C,6/14/2017,37,Pool
6212017EgnerPoolC4,OTU299,SS,0.18,BOLD:ACJ2126,Animalia,Arthropoda,Insecta,Diptera,NA,NA,NA,82,6/21/2017,Egner,C,6/14/2017,37,Pool
6212017EgnerPoolC4,OTU320,US,0,BOLD:ACQ9987,Animalia,Arthropoda,Insecta,Hemiptera,NA,NA,NA,99,6/21/2017,Egner,C,6/14/2017,37,Pool
6212017EgnerPoolC4,OTU446,GS,100,BOLD:AAD1537,Animalia,Arthropoda,Insecta,Lepidoptera,Tortricidae,Gretchena,Gretchena bolliana,87,6/21/2017,Egner,C,6/14/2017,37,Pool
6212017EgnerPoolC4,OTU469,GS,100,BOLD:AAR7014,Animalia,Arthropoda,Insecta,Lepidoptera,Gracillariidae,Neurobathra,Neurobathra strigifinitella,3,6/21/2017,Egner,C,6/14/2017,37,Pool
6212017EgnerPoolC4,OTU604,GS,100,BOLD:AAA8109,Animalia,Arthropoda,Insecta,Lepidoptera,Gelechiidae,Dichomeris,Dichomeris ligulella,37,6/21/2017,Egner,C,6/14/2017,37,Pool
6212017EgnerPoolC4,OTU702,SS,0.87,BOLD:AAN6304,Animalia,Arthropoda,Arachnida,Araneae,Araneidae,Araneus,Araneus guttulatus,25,6/21/2017,Egner,C,6/14/2017,37,Pool
6212017EgnerPoolC4,OTU746,GS,100,BOLD:AAB7995,Animalia,Arthropoda,Arachnida,Araneae,Tetragnathidae,Tetragnatha,Tetragnatha shoshone,5,6/21/2017,Egner,C,6/14/2017,37,Pool
6212017EgnerPoolC4,OTU751,GS,99.4,BOLD:ACL5990,Animalia,Arthropoda,Arachnida,Trombidiformes,Oxidae,Oxus,NA,50,6/21/2017,Egner,C,6/14/2017,37,Pool
6212017EgnerPoolC4,OTU816,GS,100,BOLD:AAA3328,Animalia,Arthropoda,Insecta,Lepidoptera,Erebidae,Idia,NA,80,6/21/2017,Egner,C,6/14/2017,37,Pool
6212017EgnerPoolC4,OTU827,US,0,BOLD:ACQ9987,Animalia,Arthropoda,Insecta,Hemiptera,NA,NA,NA,54,6/21/2017,Egner,C,6/14/2017,37,Pool
6212017EgnerPoolC4,OTU922,GS,100,BOLD:ACV8706,Animalia,Arthropoda,Insecta,Lepidoptera,Sphingidae,Amorpha,Amorpha juglandis,23,6/21/2017,Egner,C,6/14/2017,37,Pool
6212017EgnerPoolC4,OTU1023,US,0.0026,BOLD:ACC8134,Animalia,Arthropoda,Insecta,Coleoptera,NA,NA,NA,53,6/21/2017,Egner,C,6/14/2017,37,Pool
6212017EgnerPoolC4,OTU1083,US,0,BOLD:ACL0120,Animalia,Arthropoda,Insecta,Diptera,NA,NA,NA,68,6/21/2017,Egner,C,6/14/2017,37,Pool
6212017EgnerPoolC4,OTU1091,GS,100,BOLD:AAI4088,Animalia,Arthropoda,Arachnida,Araneae,Clubionidae,Elaver,Elaver excepta,34,6/21/2017,Egner,C,6/14/2017,37,Pool
6212017EgnerPoolC4,OTU1092,US,0.9967,BOLD:ACO6848,Animalia,Arthropoda,Insecta,Hymenoptera,NA,NA,NA,3,6/21/2017,Egner,C,6/14/2017,37,Pool
6212017EgnerPoolC4,OTU1097,GS,97.2,BOLD:AAN5451,Animalia,Arthropoda,Arachnida,Araneae,Araneidae,Eustala,NA,26,6/21/2017,Egner,C,6/14/2017,37,Pool
6212017EgnerPoolC4,OTU1133,US,1,None,Animalia,Arthropoda,Insecta,Diptera,NA,NA,NA,76,6/21/2017,Egner,C,6/14/2017,37,Pool
6212017EgnerPoolC4,OTU1172,SS,0.83,BOLD:AAD6926,Animalia,Arthropoda,Arachnida,Araneae,Anyphaenidae,Anyphaena,Anyphaena pectorosa,7,6/21/2017,Egner,C,6/14/2017,37,Pool
6212017EgnerPoolC4,OTU1207,SS,0.68,BOLD:AAY8540,Animalia,Arthropoda,Insecta,Coleoptera,NA,NA,NA,24,6/21/2017,Egner,C,6/14/2017,37,Pool
6212017EgnerPoolC4,OTU1243,SS,0.79,BOLD:AAY5602,Animalia,Arthropoda,Insecta,NA,NA,NA,NA,5,6/21/2017,Egner,C,6/14/2017,37,Pool
6212017EgnerPoolC4,OTU1267,GS,97.2,BOLD:AAP2550,Animalia,Arthropoda,Insecta,Neuroptera,Sisyridae,Sisyra,NA,31,6/21/2017,Egner,C,6/14/2017,37,Pool
6212017EgnerPoolC4,OTU1268,GS,97.8,BOLD:AAM6211,Animalia,Arthropoda,Insecta,Diptera,Chironomidae,Glyptotendipes,NA,14,6/21/2017,Egner,C,6/14/2017,37,Pool
6212017EgnerPoolC4,OTU1296,GS,97.2,BOLD:AAD2334,Animalia,Arthropoda,Insecta,Lepidoptera,Tineidae,Acrolophus,Acrolophus hasbroucki,2,6/21/2017,Egner,C,6/14/2017,37,Pool
6212017EgnerPoolC4,OTU1317,SS,0.01,BOLD:AAN5451,Animalia,Arthropoda,Arachnida,Araneae,Araneidae,Eustala,NA,3,6/21/2017,Egner,C,6/14/2017,37,Pool
6212017EgnerPoolC4,OTU1351,SS,0.94,BOLD:AAB7030,Animalia,Arthropoda,Insecta,Diptera,Chironomidae,Chironomus,Chironomus decorus,107,6/21/2017,Egner,C,6/14/2017,37,Pool
6212017EgnerPoolC4,OTU1515,US,0.8732,BOLD:ACS8536,Animalia,Arthropoda,Insecta,Diptera,NA,NA,NA,37,6/21/2017,Egner,C,6/14/2017,37,Pool
6212017EgnerPoolC4,OTU1582,GS,98.9,BOLD:AAF9984,Animalia,Arthropoda,Insecta,Lepidoptera,Gelechiidae,Glauce,NA,31,6/21/2017,Egner,C,6/14/2017,37,Pool
6212017EgnerPoolC4,OTU1656,US,0.9715,BOLD:AAD6798,Animalia,Arthropoda,Insecta,Diptera,NA,NA,NA,23,6/21/2017,Egner,C,6/14/2017,37,Pool
6212017EgnerPoolC4,OTU1764,US,0.9934,BOLD:ACQ7934,Animalia,Arthropoda,Insecta,Hymenoptera,NA,NA,NA,11,6/21/2017,Egner,C,6/14/2017,37,Pool
6212017EgnerPoolC4,OTU1769,US,0.986,BOLD:AAU6705,Animalia,Arthropoda,Insecta,Lepidoptera,NA,NA,NA,2,6/21/2017,Egner,C,6/14/2017,37,Pool
6212017EgnerPoolC4,OTU1796,GS,97.2,BOLD:AAB4915,Animalia,Arthropoda,Insecta,Lepidoptera,Tortricidae,Episimus,Episimus argutana,5,6/21/2017,Egner,C,6/14/2017,37,Pool
6212017EgnerPoolC4,OTU1853,US,0.9859,BOLD:AAG7032,Animalia,Arthropoda,Insecta,Coleoptera,NA,NA,NA,63,6/21/2017,Egner,C,6/14/2017,37,Pool
6212017EgnerPoolD1,OTU1,US,0.0026,BOLD:AAD6798,Animalia,Arthropoda,Insecta,Diptera,NA,NA,NA,1850,6/21/2017,Egner,D,6/14/2017,41,Pool
6212017EgnerPoolD1,OTU5,GS,99.4,BOLD:AAN5451,Animalia,Arthropoda,Arachnida,Araneae,Araneidae,Eustala,NA,989,6/21/2017,Egner,D,6/14/2017,41,Pool
6212017EgnerPoolD1,OTU10,GS,100,BOLD:ACF3057,Animalia,Arthropoda,Insecta,Lepidoptera,Tineidae,Acrolophus,Acrolophus mortipennella,6928,6/21/2017,Egner,D,6/14/2017,41,Pool
6212017EgnerPoolD1,OTU14,GS,99.4,BOLD:AAO3940,Animalia,Arthropoda,Insecta,Diptera,Limoniidae,Rhipidia,NA,340,6/21/2017,Egner,D,6/14/2017,41,Pool
6212017EgnerPoolD1,OTU16,GS,100,BOLD:AAA7067,Animalia,Arthropoda,Insecta,Diptera,Culicidae,Aedes,Aedes vexans,1355,6/21/2017,Egner,D,6/14/2017,41,Pool
6212017EgnerPoolD1,OTU17,GS,100,BOLD:AAB3702,Animalia,Arthropoda,Insecta,Trichoptera,Hydropsychidae,Potamyia,Potamyia flava,108,6/21/2017,Egner,D,6/14/2017,41,Pool
6212017EgnerPoolD1,OTU18,GS,100,BOLD:ABY8739,Animalia,Arthropoda,Insecta,Diptera,Tabanidae,NA,NA,766,6/21/2017,Egner,D,6/14/2017,41,Pool
6212017EgnerPoolD1,OTU21,GS,100,BOLD:ACR3763,Animalia,Arthropoda,Insecta,Coleoptera,Ptilodactylidae,Ptilodactyla,Ptilodactyla serricollis,355,6/21/2017,Egner,D,6/14/2017,41,Pool
6212017EgnerPoolD1,OTU34,GS,100,BOLD:AAM6211,Animalia,Arthropoda,Insecta,Diptera,Chironomidae,Glyptotendipes,NA,204,6/21/2017,Egner,D,6/14/2017,41,Pool
6212017EgnerPoolD1,OTU35,GS,100,BOLD:ABW4215,Animalia,Arthropoda,Insecta,Diptera,Chironomidae,Glyptotendipes,Glyptotendipes meridionalis,980,6/21/2017,Egner,D,6/14/2017,41,Pool
6212017EgnerPoolD1,OTU65,GS,100,BOLD:AAA1517,Animalia,Arthropoda,Insecta,Lepidoptera,Tortricidae,Choristoneura,Choristoneura rosaceana,902,6/21/2017,Egner,D,6/14/2017,41,Pool
6212017EgnerPoolD1,OTU68,GS,100,BOLD:AAB7030,Animalia,Arthropoda,Insecta,Diptera,Chironomidae,Chironomus,Chironomus decorus,793,6/21/2017,Egner,D,6/14/2017,41,Pool
6212017EgnerPoolD1,OTU70,GS,100,BOLD:ABY9168,Animalia,Arthropoda,Insecta,Lepidoptera,Tortricidae,Clepsis,Clepsis peritana,93,6/21/2017,Egner,D,6/14/2017,41,Pool
6212017EgnerPoolD1,OTU73,GS,100,BOLD:AAD6926,Animalia,Arthropoda,Arachnida,Araneae,Anyphaenidae,Anyphaena,Anyphaena pectorosa,75,6/21/2017,Egner,D,6/14/2017,41,Pool
6212017EgnerPoolD1,OTU76,US,1,BOLD:ACY1454,Animalia,Arthropoda,Insecta,Hemiptera,NA,NA,NA,93,6/21/2017,Egner,D,6/14/2017,41,Pool
6212017EgnerPoolD1,OTU93,GS,99.4,BOLD:AAM4329,Animalia,Arthropoda,Insecta,Hemiptera,Cimicidae,Cimex,Cimex adjunctus,373,6/21/2017,Egner,D,6/14/2017,41,Pool
6212017EgnerPoolD1,OTU100,US,0,BOLD:ACD6759,Animalia,Arthropoda,Insecta,Hymenoptera,NA,NA,NA,106,6/21/2017,Egner,D,6/14/2017,41,Pool
6212017EgnerPoolD1,OTU115,GS,100,BOLD:AAA4942,Animalia,Arthropoda,Arachnida,Araneae,Tetragnathidae,Tetragnatha,Tetragnatha elongata,162,6/21/2017,Egner,D,6/14/2017,41,Pool
6212017EgnerPoolD1,OTU122,GS,99.4,BOLD:AAC5568,Animalia,Arthropoda,Insecta,Lepidoptera,Tortricidae,Gypsonoma,Gypsonoma salicicolana,2493,6/21/2017,Egner,D,6/14/2017,41,Pool
6212017EgnerPoolD1,OTU137,US,1,BOLD:ACS9559,Animalia,Arthropoda,Insecta,Diptera,NA,NA,NA,40,6/21/2017,Egner,D,6/14/2017,41,Pool
6212017EgnerPoolD1,OTU152,GS,100,BOLD:AAA3950,Animalia,Arthropoda,Insecta,Lepidoptera,Tineidae,Acrolophus,Acrolophus plumifrontella,146,6/21/2017,Egner,D,6/14/2017,41,Pool
6212017EgnerPoolD1,OTU182,GS,100,BOLD:ACF4855,Animalia,Arthropoda,Insecta,Lepidoptera,Gelechiidae,Dichomeris,Dichomeris kimballi,104,6/21/2017,Egner,D,6/14/2017,41,Pool
6212017EgnerPoolD1,OTU218,GS,100,BOLD:AAA4274,Animalia,Arthropoda,Insecta,Lepidoptera,Tineidae,Acrolophus,Acrolophus texanella,224,6/21/2017,Egner,D,6/14/2017,41,Pool
6212017EgnerPoolD1,OTU231,GS,100,BOLD:AAD2590,Animalia,Arthropoda,Insecta,Lepidoptera,Gracillariidae,Caloptilia,Caloptilia packardella,421,6/21/2017,Egner,D,6/14/2017,41,Pool
6212017EgnerPoolD1,OTU235,GS,100,BOLD:AAG3918,Animalia,Arthropoda,Insecta,Diptera,Chironomidae,Procladius,NA,115,6/21/2017,Egner,D,6/14/2017,41,Pool
6212017EgnerPoolD1,OTU239,GS,100,BOLD:ABW2526,Animalia,Arthropoda,Insecta,Diptera,Tabanidae,Tabanus,NA,290,6/21/2017,Egner,D,6/14/2017,41,Pool
6212017EgnerPoolD1,OTU258,GS,100,BOLD:ACA7555,Animalia,Arthropoda,Insecta,Diptera,Chironomidae,NA,NA,46,6/21/2017,Egner,D,6/14/2017,41,Pool
6212017EgnerPoolD1,OTU262,GS,100,BOLD:AAD0306,Animalia,Arthropoda,Insecta,Lepidoptera,Crambidae,Elophila,Elophila tinealis,167,6/21/2017,Egner,D,6/14/2017,41,Pool
6212017EgnerPoolD1,OTU270,GS,100,BOLD:AAB6541,Animalia,Arthropoda,Insecta,Lepidoptera,Gelechiidae,Coleotechnites,Coleotechnites florae,96,6/21/2017,Egner,D,6/14/2017,41,Pool
6212017EgnerPoolD1,OTU271,GS,98.9,BOLD:ABX3627,Animalia,Arthropoda,Insecta,Diptera,Limoniidae,NA,NA,86,6/21/2017,Egner,D,6/14/2017,41,Pool
6212017EgnerPoolD1,OTU277,GS,99.4,BOLD:ABX3358,Animalia,Arthropoda,Insecta,Diptera,Chironomidae,NA,NA,224,6/21/2017,Egner,D,6/14/2017,41,Pool
6212017EgnerPoolD1,OTU278,GS,100,BOLD:AAB3590,Animalia,Arthropoda,Insecta,Lepidoptera,Gelechiidae,Chionodes,Chionodes discoocellella,221,6/21/2017,Egner,D,6/14/2017,41,Pool
6212017EgnerPoolD1,OTU283,GS,100,BOLD:AAZ5968,Animalia,Arthropoda,Insecta,Diptera,Limoniidae,NA,NA,122,6/21/2017,Egner,D,6/14/2017,41,Pool
6212017EgnerPoolD1,OTU287,GS,98.9,BOLD:AAG5457,Animalia,Arthropoda,Insecta,Diptera,Chironomidae,NA,NA,263,6/21/2017,Egner,D,6/14/2017,41,Pool
6212017EgnerPoolD1,OTU298,GS,100,BOLD:ACB8970,Animalia,Arthropoda,Insecta,Lepidoptera,Cosmopterigidae,NA,NA,135,6/21/2017,Egner,D,6/14/2017,41,Pool
6212017EgnerPoolD1,OTU300,GS,100,BOLD:AAA8310,Animalia,Arthropoda,Insecta,Lepidoptera,Crambidae,Anageshna,Anageshna primordialis,444,6/21/2017,Egner,D,6/14/2017,41,Pool
6212017EgnerPoolD1,OTU304,GS,100,BOLD:AAD6122,Animalia,Arthropoda,Insecta,Diptera,NA,NA,NA,219,6/21/2017,Egner,D,6/14/2017,41,Pool
6212017EgnerPoolD1,OTU362,GS,100,BOLD:ABZ2935,Animalia,Arthropoda,Insecta,Lepidoptera,Erebidae,Zanclognatha,Zanclognatha pedipilalis,9,6/21/2017,Egner,D,6/14/2017,41,Pool
6212017EgnerPoolD1,OTU373,GS,98.9,BOLD:AAG8953,Animalia,Arthropoda,Insecta,Hemiptera,Cicadellidae,Gyponana,Gyponana amara,419,6/21/2017,Egner,D,6/14/2017,41,Pool
6212017EgnerPoolD1,OTU406,US,0.9916,BOLD:ACL2991,Animalia,Arthropoda,Insecta,Coleoptera,NA,NA,NA,617,6/21/2017,Egner,D,6/14/2017,41,Pool
6212017EgnerPoolD1,OTU442,GS,97.2,BOLD:ABU6554,Animalia,Arthropoda,Insecta,Diptera,NA,NA,NA,34,6/21/2017,Egner,D,6/14/2017,41,Pool
6212017EgnerPoolD1,OTU464,GS,99.4,BOLD:AAA8103,Animalia,Arthropoda,Insecta,Lepidoptera,Depressariidae,Antaeotricha,Antaeotricha leucillana,374,6/21/2017,Egner,D,6/14/2017,41,Pool
6212017EgnerPoolD1,OTU549,GS,100,BOLD:AAM8604,Animalia,Arthropoda,Insecta,Lepidoptera,NA,NA,NA,75,6/21/2017,Egner,D,6/14/2017,41,Pool
6212017EgnerPoolD1,OTU560,GS,99.4,BOLD:AAB4627,Animalia,Arthropoda,Insecta,Ephemeroptera,Caenidae,Caenis,Caenis latipennis,456,6/21/2017,Egner,D,6/14/2017,41,Pool
6212017EgnerPoolD1,OTU622,US,0.2887,BOLD:ABW5483,Animalia,Arthropoda,Maxillopoda,Calanoida,NA,NA,NA,274,6/21/2017,Egner,D,6/14/2017,41,Pool
6212017EgnerPoolD1,OTU734,GS,99.4,BOLD:ACL2659,Animalia,Arthropoda,Arachnida,Trombidiformes,Arrenuridae,Arrenurus,NA,196,6/21/2017,Egner,D,6/14/2017,41,Pool
6212017EgnerPoolD1,OTU758,GS,99.4,BOLD:AAF3087,Animalia,Arthropoda,Insecta,Lepidoptera,Momphidae,Mompha,Mompha murtfeldtella,164,6/21/2017,Egner,D,6/14/2017,41,Pool
6212017EgnerPoolD1,OTU784,GS,98.9,BOLD:AAG7562,Animalia,Arthropoda,Insecta,Hymenoptera,Braconidae,Phanerotoma,NA,171,6/21/2017,Egner,D,6/14/2017,41,Pool
6212017EgnerPoolD1,OTU801,GS,100,BOLD:AAC0580,Animalia,Arthropoda,Insecta,Lepidoptera,Pterophoridae,Hellinsia,Hellinsia pan,239,6/21/2017,Egner,D,6/14/2017,41,Pool
6212017EgnerPoolD1,OTU816,GS,100,BOLD:AAA3328,Animalia,Arthropoda,Insecta,Lepidoptera,Erebidae,Idia,NA,1,6/21/2017,Egner,D,6/14/2017,41,Pool
6212017EgnerPoolD1,OTU841,US,0.9803,BOLD:ACS5726,Animalia,Arthropoda,Insecta,Lepidoptera,NA,NA,NA,28,6/21/2017,Egner,D,6/14/2017,41,Pool
6212017EgnerPoolD1,OTU852,US,0,BOLD:ACJ9021,Animalia,Arthropoda,Insecta,Coleoptera,NA,NA,NA,208,6/21/2017,Egner,D,6/14/2017,41,Pool
6212017EgnerPoolD1,OTU859,GS,100,BOLD:AAB6961,Animalia,Arthropoda,Insecta,Lepidoptera,Tortricidae,Larisa,Larisa subsolana,1,6/21/2017,Egner,D,6/14/2017,41,Pool
6212017EgnerPoolD1,OTU873,SS,0.57,BOLD:ACL6802,Animalia,Arthropoda,Insecta,Diptera,NA,NA,NA,175,6/21/2017,Egner,D,6/14/2017,41,Pool
6212017EgnerPoolD1,OTU900,GS,100,BOLD:AAN6333,Animalia,Arthropoda,Arachnida,Araneae,Theridiidae,Theridion,Theridion albidum,1,6/21/2017,Egner,D,6/14/2017,41,Pool
6212017EgnerPoolD1,OTU956,SS,0.08,BOLD:ACN4095,Animalia,Arthropoda,Insecta,Diptera,NA,NA,NA,170,6/21/2017,Egner,D,6/14/2017,41,Pool
6212017EgnerPoolD1,OTU1097,GS,97.2,BOLD:AAN5451,Animalia,Arthropoda,Arachnida,Araneae,Araneidae,Eustala,NA,16,6/21/2017,Egner,D,6/14/2017,41,Pool
6212017EgnerPoolD1,OTU1177,GS,99.4,BOLD:AAY6112,Animalia,Arthropoda,Insecta,Diptera,Cecidomyiidae,NA,NA,73,6/21/2017,Egner,D,6/14/2017,41,Pool
6212017EgnerPoolD1,OTU1230,US,3e-04,BOLD:ACK8186,Animalia,Arthropoda,Insecta,Lepidoptera,NA,NA,NA,70,6/21/2017,Egner,D,6/14/2017,41,Pool
6212017EgnerPoolD1,OTU1296,GS,97.2,BOLD:AAD2334,Animalia,Arthropoda,Insecta,Lepidoptera,Tineidae,Acrolophus,Acrolophus hasbroucki,79,6/21/2017,Egner,D,6/14/2017,41,Pool
6212017EgnerPoolD1,OTU1298,GS,97.2,BOLD:ACG9897,Animalia,Arthropoda,Insecta,Diptera,Ceratopogonidae,NA,NA,67,6/21/2017,Egner,D,6/14/2017,41,Pool
6212017EgnerPoolD1,OTU1306,GS,97.2,BOLD:ABX5600,Animalia,Arthropoda,Insecta,Hemiptera,Cicadellidae,Gyponana,Gyponana cana,95,6/21/2017,Egner,D,6/14/2017,41,Pool
6212017EgnerPoolD1,OTU1317,SS,0.01,BOLD:AAN5451,Animalia,Arthropoda,Arachnida,Araneae,Araneidae,Eustala,NA,2,6/21/2017,Egner,D,6/14/2017,41,Pool
6212017EgnerPoolD1,OTU1350,GS,97.2,BOLD:AAA7067,Animalia,Arthropoda,Insecta,Diptera,Culicidae,Aedes,Aedes vexans,51,6/21/2017,Egner,D,6/14/2017,41,Pool
6212017EgnerPoolD1,OTU1351,SS,0.94,BOLD:AAB7030,Animalia,Arthropoda,Insecta,Diptera,Chironomidae,Chironomus,Chironomus decorus,149,6/21/2017,Egner,D,6/14/2017,41,Pool
6212017EgnerPoolD1,OTU1430,GS,99.4,BOLD:AAF9890,Animalia,Arthropoda,Insecta,Orthoptera,Gryllidae,Oecanthus,Oecanthus niveus,18,6/21/2017,Egner,D,6/14/2017,41,Pool
6212017EgnerPoolD1,OTU1434,GS,97.6,BOLD:AAA7067,Animalia,Arthropoda,Insecta,Diptera,Culicidae,Aedes,Aedes vexans,4,6/21/2017,Egner,D,6/14/2017,41,Pool
6212017EgnerPoolD1,OTU1538,GS,100,BOLD:AAG1143,Animalia,Arthropoda,Insecta,Lepidoptera,Gracillariidae,Caloptilia,Caloptilia belfragella,1,6/21/2017,Egner,D,6/14/2017,41,Pool
6212017EgnerPoolD1,OTU1554,SS,0.92,BOLD:AAP2734,Animalia,Arthropoda,Insecta,Diptera,Limoniidae,Erioptera,Erioptera parva,15,6/21/2017,Egner,D,6/14/2017,41,Pool
6212017EgnerPoolD1,OTU1581,SS,0.94,BOLD:ACF4855,Animalia,Arthropoda,Insecta,Lepidoptera,Gelechiidae,Dichomeris,Dichomeris kimballi,7,6/21/2017,Egner,D,6/14/2017,41,Pool
6212017EgnerPoolD1,OTU1642,GS,99.4,BOLD:AAB5246,Animalia,Arthropoda,Insecta,Lepidoptera,Erebidae,Ledaea,Ledaea perditalis,4,6/21/2017,Egner,D,6/14/2017,41,Pool
6212017EgnerPoolD1,OTU1656,US,0.9715,BOLD:AAD6798,Animalia,Arthropoda,Insecta,Diptera,NA,NA,NA,2,6/21/2017,Egner,D,6/14/2017,41,Pool
6212017EgnerPoolD1,OTU1701,GS,97.8,BOLD:AAB7622,Animalia,Arthropoda,Insecta,Lepidoptera,Depressariidae,Antaeotricha,Antaeotricha schlaegeri,52,6/21/2017,Egner,D,6/14/2017,41,Pool
6212017EgnerPoolD1,OTU1748,SS,0.6,BOLD:ACF8409,Animalia,Arthropoda,Insecta,Diptera,NA,NA,NA,2,6/21/2017,Egner,D,6/14/2017,41,Pool
6212017EgnerPoolD1,OTU1811,GS,100,BOLD:AAY2279,Animalia,Arthropoda,Insecta,Lepidoptera,Tortricidae,Grapholita,Grapholita delineana,17,6/21/2017,Egner,D,6/14/2017,41,Pool
6212017EgnerPoolD1,OTU1878,SS,0.78,BOLD:ABW4215,Animalia,Arthropoda,Insecta,Diptera,NA,NA,NA,3,6/21/2017,Egner,D,6/14/2017,41,Pool
6212017EgnerPoolD1,OTU1896,US,0.9201,BOLD:AAA0693,Animalia,Arthropoda,Insecta,Lepidoptera,NA,NA,NA,1,6/21/2017,Egner,D,6/14/2017,41,Pool
6212017EgnerPoolD2,OTU1,US,0.0026,BOLD:AAD6798,Animalia,Arthropoda,Insecta,Diptera,NA,NA,NA,937,6/21/2017,Egner,D,6/14/2017,41,Pool
6212017EgnerPoolD2,OTU5,GS,99.4,BOLD:AAN5451,Animalia,Arthropoda,Arachnida,Araneae,Araneidae,Eustala,NA,2812,6/21/2017,Egner,D,6/14/2017,41,Pool
6212017EgnerPoolD2,OTU10,GS,100,BOLD:ACF3057,Animalia,Arthropoda,Insecta,Lepidoptera,Tineidae,Acrolophus,Acrolophus mortipennella,12543,6/21/2017,Egner,D,6/14/2017,41,Pool
6212017EgnerPoolD2,OTU16,GS,100,BOLD:AAA7067,Animalia,Arthropoda,Insecta,Diptera,Culicidae,Aedes,Aedes vexans,818,6/21/2017,Egner,D,6/14/2017,41,Pool
6212017EgnerPoolD2,OTU18,GS,100,BOLD:ABY8739,Animalia,Arthropoda,Insecta,Diptera,Tabanidae,NA,NA,1037,6/21/2017,Egner,D,6/14/2017,41,Pool
6212017EgnerPoolD2,OTU25,GS,100,BOLD:ACF0083,Animalia,Arthropoda,Insecta,Diptera,Tabanidae,Tabanus,Tabanus similis,142,6/21/2017,Egner,D,6/14/2017,41,Pool
6212017EgnerPoolD2,OTU34,GS,100,BOLD:AAM6211,Animalia,Arthropoda,Insecta,Diptera,Chironomidae,Glyptotendipes,NA,130,6/21/2017,Egner,D,6/14/2017,41,Pool
6212017EgnerPoolD2,OTU35,GS,100,BOLD:ABW4215,Animalia,Arthropoda,Insecta,Diptera,Chironomidae,Glyptotendipes,Glyptotendipes meridionalis,612,6/21/2017,Egner,D,6/14/2017,41,Pool
6212017EgnerPoolD2,OTU65,GS,100,BOLD:AAA1517,Animalia,Arthropoda,Insecta,Lepidoptera,Tortricidae,Choristoneura,Choristoneura rosaceana,403,6/21/2017,Egner,D,6/14/2017,41,Pool
6212017EgnerPoolD2,OTU68,GS,100,BOLD:AAB7030,Animalia,Arthropoda,Insecta,Diptera,Chironomidae,Chironomus,Chironomus decorus,348,6/21/2017,Egner,D,6/14/2017,41,Pool
6212017EgnerPoolD2,OTU73,GS,100,BOLD:AAD6926,Animalia,Arthropoda,Arachnida,Araneae,Anyphaenidae,Anyphaena,Anyphaena pectorosa,359,6/21/2017,Egner,D,6/14/2017,41,Pool
6212017EgnerPoolD2,OTU89,GS,98.3,BOLD:ABW2415,Animalia,Arthropoda,Insecta,Diptera,Tipulidae,Nephrotoma,Nephrotoma okefenoke,260,6/21/2017,Egner,D,6/14/2017,41,Pool
6212017EgnerPoolD2,OTU117,GS,100,BOLD:AAH5449,Animalia,Arthropoda,Insecta,Lepidoptera,Tineidae,Acrolophus,Acrolophus propinqua,146,6/21/2017,Egner,D,6/14/2017,41,Pool
6212017EgnerPoolD2,OTU122,GS,99.4,BOLD:AAC5568,Animalia,Arthropoda,Insecta,Lepidoptera,Tortricidae,Gypsonoma,Gypsonoma salicicolana,970,6/21/2017,Egner,D,6/14/2017,41,Pool
6212017EgnerPoolD2,OTU142,GS,100,BOLD:AAH3914,Animalia,Arthropoda,Insecta,Diptera,Sciaridae,Sciara,Sciara humeralis,98,6/21/2017,Egner,D,6/14/2017,41,Pool
6212017EgnerPoolD2,OTU152,GS,100,BOLD:AAA3950,Animalia,Arthropoda,Insecta,Lepidoptera,Tineidae,Acrolophus,Acrolophus plumifrontella,105,6/21/2017,Egner,D,6/14/2017,41,Pool
6212017EgnerPoolD2,OTU153,GS,100,BOLD:AAN8186,Animalia,Arthropoda,Insecta,Hymenoptera,NA,NA,NA,87,6/21/2017,Egner,D,6/14/2017,41,Pool
6212017EgnerPoolD2,OTU157,US,0,BOLD:ACJ3184,Animalia,Arthropoda,Insecta,Hymenoptera,NA,NA,NA,15,6/21/2017,Egner,D,6/14/2017,41,Pool
6212017EgnerPoolD2,OTU168,GS,100,BOLD:AAC3609,Animalia,Arthropoda,Insecta,Lepidoptera,Euteliidae,Paectes,Paectes abrostoloides,189,6/21/2017,Egner,D,6/14/2017,41,Pool
6212017EgnerPoolD2,OTU174,GS,97.2,BOLD:AAD2010,Animalia,Arthropoda,Insecta,Lepidoptera,Tineidae,Acrolophus,Acrolophus propinqua,56,6/21/2017,Egner,D,6/14/2017,41,Pool
6212017EgnerPoolD2,OTU214,GS,99.4,BOLD:AAW6795,Animalia,Arthropoda,Insecta,Diptera,NA,NA,NA,210,6/21/2017,Egner,D,6/14/2017,41,Pool
6212017EgnerPoolD2,OTU254,GS,100,BOLD:AAG8977,Animalia,Arthropoda,Insecta,Hemiptera,Derbidae,Apache,Apache degeerii,44,6/21/2017,Egner,D,6/14/2017,41,Pool
6212017EgnerPoolD2,OTU262,GS,100,BOLD:AAD0306,Animalia,Arthropoda,Insecta,Lepidoptera,Crambidae,Elophila,Elophila tinealis,46,6/21/2017,Egner,D,6/14/2017,41,Pool
6212017EgnerPoolD2,OTU270,GS,100,BOLD:AAB6541,Animalia,Arthropoda,Insecta,Lepidoptera,Gelechiidae,Coleotechnites,Coleotechnites florae,162,6/21/2017,Egner,D,6/14/2017,41,Pool
6212017EgnerPoolD2,OTU287,GS,98.9,BOLD:AAG5457,Animalia,Arthropoda,Insecta,Diptera,Chironomidae,NA,NA,214,6/21/2017,Egner,D,6/14/2017,41,Pool
6212017EgnerPoolD2,OTU290,GS,100,BOLD:AAE4427,Animalia,Arthropoda,Insecta,Lepidoptera,Tineidae,Xylesthia,Xylesthia pruniramiella,165,6/21/2017,Egner,D,6/14/2017,41,Pool
6212017EgnerPoolD2,OTU304,GS,100,BOLD:AAD6122,Animalia,Arthropoda,Insecta,Diptera,NA,NA,NA,190,6/21/2017,Egner,D,6/14/2017,41,Pool
6212017EgnerPoolD2,OTU355,GS,99.4,BOLD:AAB3917,Animalia,Arthropoda,Insecta,Lepidoptera,Depressariidae,Psilocorsis,Psilocorsis quercicella,289,6/21/2017,Egner,D,6/14/2017,41,Pool
6212017EgnerPoolD2,OTU373,GS,98.9,BOLD:AAG8953,Animalia,Arthropoda,Insecta,Hemiptera,Cicadellidae,Gyponana,Gyponana amara,411,6/21/2017,Egner,D,6/14/2017,41,Pool
6212017EgnerPoolD2,OTU399,GS,100,BOLD:ACF2428,Animalia,Arthropoda,Insecta,Lepidoptera,Tineidae,Acrolophus,Acrolophus texanella,241,6/21/2017,Egner,D,6/14/2017,41,Pool
6212017EgnerPoolD2,OTU426,GS,98.9,BOLD:ABX4602,Animalia,Arthropoda,Insecta,Blattodea,Ectobiidae,NA,NA,384,6/21/2017,Egner,D,6/14/2017,41,Pool
6212017EgnerPoolD2,OTU442,GS,97.2,BOLD:ABU6554,Animalia,Arthropoda,Insecta,Diptera,NA,NA,NA,77,6/21/2017,Egner,D,6/14/2017,41,Pool
6212017EgnerPoolD2,OTU457,GS,100,BOLD:ABY9153,Animalia,Arthropoda,Insecta,Lepidoptera,Oecophoridae,Epicallima,Epicallima argenticinctella,169,6/21/2017,Egner,D,6/14/2017,41,Pool
6212017EgnerPoolD2,OTU464,GS,99.4,BOLD:AAA8103,Animalia,Arthropoda,Insecta,Lepidoptera,Depressariidae,Antaeotricha,Antaeotricha leucillana,162,6/21/2017,Egner,D,6/14/2017,41,Pool
6212017EgnerPoolD2,OTU549,GS,100,BOLD:AAM8604,Animalia,Arthropoda,Insecta,Lepidoptera,NA,NA,NA,126,6/21/2017,Egner,D,6/14/2017,41,Pool
6212017EgnerPoolD2,OTU568,GS,100,BOLD:AAG9675,Animalia,Arthropoda,Insecta,Diptera,Dolichopodidae,NA,NA,229,6/21/2017,Egner,D,6/14/2017,41,Pool
6212017EgnerPoolD2,OTU621,US,0.9885,BOLD:ACR5140,Animalia,Arthropoda,Insecta,Coleoptera,NA,NA,NA,311,6/21/2017,Egner,D,6/14/2017,41,Pool
6212017EgnerPoolD2,OTU636,GS,99.4,BOLD:AAM6230,Animalia,Arthropoda,Insecta,Diptera,Chironomidae,Chironomus,NA,15,6/21/2017,Egner,D,6/14/2017,41,Pool
6212017EgnerPoolD2,OTU705,GS,100,BOLD:ACB0526,Animalia,Arthropoda,Insecta,Coleoptera,Tenebrionidae,Isomira,Isomira valida,217,6/21/2017,Egner,D,6/14/2017,41,Pool
6212017EgnerPoolD2,OTU746,GS,100,BOLD:AAB7995,Animalia,Arthropoda,Arachnida,Araneae,Tetragnathidae,Tetragnatha,Tetragnatha shoshone,33,6/21/2017,Egner,D,6/14/2017,41,Pool
6212017EgnerPoolD2,OTU1097,GS,97.2,BOLD:AAN5451,Animalia,Arthropoda,Arachnida,Araneae,Araneidae,Eustala,NA,24,6/21/2017,Egner,D,6/14/2017,41,Pool
6212017EgnerPoolD2,OTU1172,SS,0.83,BOLD:AAD6926,Animalia,Arthropoda,Arachnida,Araneae,Anyphaenidae,Anyphaena,Anyphaena pectorosa,4,6/21/2017,Egner,D,6/14/2017,41,Pool
6212017EgnerPoolD2,OTU1274,GS,98.9,BOLD:AAG6465,Animalia,Arthropoda,Insecta,Diptera,Ceratopogonidae,NA,NA,57,6/21/2017,Egner,D,6/14/2017,41,Pool
6212017EgnerPoolD2,OTU1296,GS,97.2,BOLD:AAD2334,Animalia,Arthropoda,Insecta,Lepidoptera,Tineidae,Acrolophus,Acrolophus hasbroucki,54,6/21/2017,Egner,D,6/14/2017,41,Pool
6212017EgnerPoolD2,OTU1317,SS,0.01,BOLD:AAN5451,Animalia,Arthropoda,Arachnida,Araneae,Araneidae,Eustala,NA,4,6/21/2017,Egner,D,6/14/2017,41,Pool
6212017EgnerPoolD2,OTU1351,SS,0.94,BOLD:AAB7030,Animalia,Arthropoda,Insecta,Diptera,Chironomidae,Chironomus,Chironomus decorus,50,6/21/2017,Egner,D,6/14/2017,41,Pool
6212017EgnerPoolD2,OTU1642,GS,99.4,BOLD:AAB5246,Animalia,Arthropoda,Insecta,Lepidoptera,Erebidae,Ledaea,Ledaea perditalis,3,6/21/2017,Egner,D,6/14/2017,41,Pool
6212017EgnerPoolD2,OTU1656,US,0.9715,BOLD:AAD6798,Animalia,Arthropoda,Insecta,Diptera,NA,NA,NA,1,6/21/2017,Egner,D,6/14/2017,41,Pool
6212017EgnerPoolD2,OTU1701,GS,97.8,BOLD:AAB7622,Animalia,Arthropoda,Insecta,Lepidoptera,Depressariidae,Antaeotricha,Antaeotricha schlaegeri,20,6/21/2017,Egner,D,6/14/2017,41,Pool
6212017EgnerPoolD2,OTU1878,SS,0.78,BOLD:ABW4215,Animalia,Arthropoda,Insecta,Diptera,NA,NA,NA,3,6/21/2017,Egner,D,6/14/2017,41,Pool
6212017EgnerPoolD3,OTU1,US,0.0026,BOLD:AAD6798,Animalia,Arthropoda,Insecta,Diptera,NA,NA,NA,1334,6/21/2017,Egner,D,6/14/2017,41,Pool
6212017EgnerPoolD3,OTU5,GS,99.4,BOLD:AAN5451,Animalia,Arthropoda,Arachnida,Araneae,Araneidae,Eustala,NA,4156,6/21/2017,Egner,D,6/14/2017,41,Pool
6212017EgnerPoolD3,OTU10,GS,100,BOLD:ACF3057,Animalia,Arthropoda,Insecta,Lepidoptera,Tineidae,Acrolophus,Acrolophus mortipennella,8412,6/21/2017,Egner,D,6/14/2017,41,Pool
6212017EgnerPoolD3,OTU15,GS,100,BOLD:ABZ0908,Animalia,Arthropoda,Insecta,Diptera,Tipulidae,Nephrotoma,Nephrotoma ferruginea,262,6/21/2017,Egner,D,6/14/2017,41,Pool
6212017EgnerPoolD3,OTU16,GS,100,BOLD:AAA7067,Animalia,Arthropoda,Insecta,Diptera,Culicidae,Aedes,Aedes vexans,293,6/21/2017,Egner,D,6/14/2017,41,Pool
6212017EgnerPoolD3,OTU18,GS,100,BOLD:ABY8739,Animalia,Arthropoda,Insecta,Diptera,Tabanidae,NA,NA,1820,6/21/2017,Egner,D,6/14/2017,41,Pool
6212017EgnerPoolD3,OTU21,GS,100,BOLD:ACR3763,Animalia,Arthropoda,Insecta,Coleoptera,Ptilodactylidae,Ptilodactyla,Ptilodactyla serricollis,511,6/21/2017,Egner,D,6/14/2017,41,Pool
6212017EgnerPoolD3,OTU25,GS,100,BOLD:ACF0083,Animalia,Arthropoda,Insecta,Diptera,Tabanidae,Tabanus,Tabanus similis,360,6/21/2017,Egner,D,6/14/2017,41,Pool
6212017EgnerPoolD3,OTU35,GS,100,BOLD:ABW4215,Animalia,Arthropoda,Insecta,Diptera,Chironomidae,Glyptotendipes,Glyptotendipes meridionalis,814,6/21/2017,Egner,D,6/14/2017,41,Pool
6212017EgnerPoolD3,OTU65,GS,100,BOLD:AAA1517,Animalia,Arthropoda,Insecta,Lepidoptera,Tortricidae,Choristoneura,Choristoneura rosaceana,582,6/21/2017,Egner,D,6/14/2017,41,Pool
6212017EgnerPoolD3,OTU68,GS,100,BOLD:AAB7030,Animalia,Arthropoda,Insecta,Diptera,Chironomidae,Chironomus,Chironomus decorus,456,6/21/2017,Egner,D,6/14/2017,41,Pool
6212017EgnerPoolD3,OTU70,GS,100,BOLD:ABY9168,Animalia,Arthropoda,Insecta,Lepidoptera,Tortricidae,Clepsis,Clepsis peritana,298,6/21/2017,Egner,D,6/14/2017,41,Pool
6212017EgnerPoolD3,OTU76,US,1,BOLD:ACY1454,Animalia,Arthropoda,Insecta,Hemiptera,NA,NA,NA,194,6/21/2017,Egner,D,6/14/2017,41,Pool
6212017EgnerPoolD3,OTU93,GS,99.4,BOLD:AAM4329,Animalia,Arthropoda,Insecta,Hemiptera,Cimicidae,Cimex,Cimex adjunctus,89,6/21/2017,Egner,D,6/14/2017,41,Pool
6212017EgnerPoolD3,OTU115,GS,100,BOLD:AAA4942,Animalia,Arthropoda,Arachnida,Araneae,Tetragnathidae,Tetragnatha,Tetragnatha elongata,185,6/21/2017,Egner,D,6/14/2017,41,Pool
6212017EgnerPoolD3,OTU119,GS,100,BOLD:ABZ2971,Animalia,Arthropoda,Insecta,Lepidoptera,Tortricidae,Platynota,Platynota exasperatana,515,6/21/2017,Egner,D,6/14/2017,41,Pool
6212017EgnerPoolD3,OTU122,GS,99.4,BOLD:AAC5568,Animalia,Arthropoda,Insecta,Lepidoptera,Tortricidae,Gypsonoma,Gypsonoma salicicolana,1282,6/21/2017,Egner,D,6/14/2017,41,Pool
6212017EgnerPoolD3,OTU157,US,0,BOLD:ACJ3184,Animalia,Arthropoda,Insecta,Hymenoptera,NA,NA,NA,159,6/21/2017,Egner,D,6/14/2017,41,Pool
6212017EgnerPoolD3,OTU174,GS,97.2,BOLD:AAD2010,Animalia,Arthropoda,Insecta,Lepidoptera,Tineidae,Acrolophus,Acrolophus propinqua,45,6/21/2017,Egner,D,6/14/2017,41,Pool
6212017EgnerPoolD3,OTU182,GS,100,BOLD:ACF4855,Animalia,Arthropoda,Insecta,Lepidoptera,Gelechiidae,Dichomeris,Dichomeris kimballi,33,6/21/2017,Egner,D,6/14/2017,41,Pool
6212017EgnerPoolD3,OTU189,GS,100,BOLD:ABV2225,Animalia,Arthropoda,Insecta,Lepidoptera,Gracillariidae,Caloptilia,NA,79,6/21/2017,Egner,D,6/14/2017,41,Pool
6212017EgnerPoolD3,OTU198,GS,99.4,BOLD:ABZ1242,Animalia,Arthropoda,Insecta,Diptera,Chironomidae,NA,NA,355,6/21/2017,Egner,D,6/14/2017,41,Pool
6212017EgnerPoolD3,OTU216,GS,100,BOLD:AAG5659,Animalia,Arthropoda,Arachnida,Araneae,Tetragnathidae,Tetragnatha,Tetragnatha viridis,418,6/21/2017,Egner,D,6/14/2017,41,Pool
6212017EgnerPoolD3,OTU218,GS,100,BOLD:AAA4274,Animalia,Arthropoda,Insecta,Lepidoptera,Tineidae,Acrolophus,Acrolophus texanella,102,6/21/2017,Egner,D,6/14/2017,41,Pool
6212017EgnerPoolD3,OTU235,GS,100,BOLD:AAG3918,Animalia,Arthropoda,Insecta,Diptera,Chironomidae,Procladius,NA,226,6/21/2017,Egner,D,6/14/2017,41,Pool
6212017EgnerPoolD3,OTU239,GS,100,BOLD:ABW2526,Animalia,Arthropoda,Insecta,Diptera,Tabanidae,Tabanus,NA,1657,6/21/2017,Egner,D,6/14/2017,41,Pool
6212017EgnerPoolD3,OTU262,GS,100,BOLD:AAD0306,Animalia,Arthropoda,Insecta,Lepidoptera,Crambidae,Elophila,Elophila tinealis,161,6/21/2017,Egner,D,6/14/2017,41,Pool
6212017EgnerPoolD3,OTU270,GS,100,BOLD:AAB6541,Animalia,Arthropoda,Insecta,Lepidoptera,Gelechiidae,Coleotechnites,Coleotechnites florae,679,6/21/2017,Egner,D,6/14/2017,41,Pool
6212017EgnerPoolD3,OTU287,GS,98.9,BOLD:AAG5457,Animalia,Arthropoda,Insecta,Diptera,Chironomidae,NA,NA,490,6/21/2017,Egner,D,6/14/2017,41,Pool
6212017EgnerPoolD3,OTU298,GS,100,BOLD:ACB8970,Animalia,Arthropoda,Insecta,Lepidoptera,Cosmopterigidae,NA,NA,586,6/21/2017,Egner,D,6/14/2017,41,Pool
6212017EgnerPoolD3,OTU304,GS,100,BOLD:AAD6122,Animalia,Arthropoda,Insecta,Diptera,NA,NA,NA,506,6/21/2017,Egner,D,6/14/2017,41,Pool
6212017EgnerPoolD3,OTU310,GS,100,BOLD:ABX7479,Animalia,Arthropoda,Insecta,Diptera,Chironomidae,Parachironomus,NA,464,6/21/2017,Egner,D,6/14/2017,41,Pool
6212017EgnerPoolD3,OTU323,GS,98.9,BOLD:AAA5103,Animalia,Arthropoda,Insecta,Diptera,Culicidae,Anopheles,Anopheles crucians,153,6/21/2017,Egner,D,6/14/2017,41,Pool
6212017EgnerPoolD3,OTU338,GS,100,BOLD:AAH4681,Animalia,Arthropoda,Insecta,Lepidoptera,Autostichidae,Oegoconia,Oegoconia novimundi,327,6/21/2017,Egner,D,6/14/2017,41,Pool
6212017EgnerPoolD3,OTU379,GS,99.4,BOLD:AAG2878,Animalia,Arthropoda,Insecta,Hemiptera,Cicadellidae,Gyponana,Gyponana extenda,115,6/21/2017,Egner,D,6/14/2017,41,Pool
6212017EgnerPoolD3,OTU391,GS,100,BOLD:AAI2836,Animalia,Arthropoda,Arachnida,Araneae,Philodromidae,Philodromus,Philodromus keyserlingi,591,6/21/2017,Egner,D,6/14/2017,41,Pool
6212017EgnerPoolD3,OTU426,GS,98.9,BOLD:ABX4602,Animalia,Arthropoda,Insecta,Blattodea,Ectobiidae,NA,NA,374,6/21/2017,Egner,D,6/14/2017,41,Pool
6212017EgnerPoolD3,OTU435,US,0,BOLD:ACY3198,Animalia,Arthropoda,Arachnida,Trombidiformes,NA,NA,NA,777,6/21/2017,Egner,D,6/14/2017,41,Pool
6212017EgnerPoolD3,OTU529,GS,100,BOLD:AAG3825,Animalia,Arthropoda,Arachnida,Araneae,Anyphaenidae,Wulfila,NA,59,6/21/2017,Egner,D,6/14/2017,41,Pool
6212017EgnerPoolD3,OTU597,GS,99.4,BOLD:AAA7515,Animalia,Arthropoda,Insecta,Ephemeroptera,Caenidae,Caenis,Caenis punctata,524,6/21/2017,Egner,D,6/14/2017,41,Pool
6212017EgnerPoolD3,OTU657,GS,98.9,BOLD:AAH2909,Animalia,Arthropoda,Insecta,Coleoptera,Hydrophilidae,Helocombus,Helocombus bifidus,210,6/21/2017,Egner,D,6/14/2017,41,Pool
6212017EgnerPoolD3,OTU670,US,0.9546,BOLD:AAG0758,Animalia,Arthropoda,Insecta,Diptera,NA,NA,NA,147,6/21/2017,Egner,D,6/14/2017,41,Pool
6212017EgnerPoolD3,OTU687,SS,0.63,BOLD:ACA1450,Animalia,Arthropoda,Insecta,Diptera,NA,NA,NA,265,6/21/2017,Egner,D,6/14/2017,41,Pool
6212017EgnerPoolD3,OTU745,SS,0.11,BOLD:AAP0259,Animalia,Arthropoda,Insecta,Lepidoptera,NA,NA,NA,142,6/21/2017,Egner,D,6/14/2017,41,Pool
6212017EgnerPoolD3,OTU758,GS,99.4,BOLD:AAF3087,Animalia,Arthropoda,Insecta,Lepidoptera,Momphidae,Mompha,Mompha murtfeldtella,114,6/21/2017,Egner,D,6/14/2017,41,Pool
6212017EgnerPoolD3,OTU779,GS,99.4,BOLD:ABW9743,Animalia,Arthropoda,Insecta,Hemiptera,Cicadellidae,Scaphoideus,NA,2,6/21/2017,Egner,D,6/14/2017,41,Pool
6212017EgnerPoolD3,OTU831,US,7e-04,BOLD:AAG4538,Animalia,Arthropoda,Insecta,Coleoptera,NA,NA,NA,188,6/21/2017,Egner,D,6/14/2017,41,Pool
6212017EgnerPoolD3,OTU859,GS,100,BOLD:AAB6961,Animalia,Arthropoda,Insecta,Lepidoptera,Tortricidae,Larisa,Larisa subsolana,1,6/21/2017,Egner,D,6/14/2017,41,Pool
6212017EgnerPoolD3,OTU916,GS,100,BOLD:AAB2176,Animalia,Arthropoda,Insecta,Lepidoptera,Gelechiidae,Arogalea,Arogalea cristifasciella,6,6/21/2017,Egner,D,6/14/2017,41,Pool
6212017EgnerPoolD3,OTU974,GSL,97.8,BOLD:AAI4070,Animalia,Arthropoda,Insecta,Diptera,Tabanidae,Chrysops,NA,2,6/21/2017,Egner,D,6/14/2017,41,Pool
6212017EgnerPoolD3,OTU983,US,0.8732,BOLD:ACS8552,Animalia,Arthropoda,Insecta,Diptera,NA,NA,NA,95,6/21/2017,Egner,D,6/14/2017,41,Pool
6212017EgnerPoolD3,OTU1003,GS,100,BOLD:AAA5651,Animalia,Arthropoda,Insecta,Trichoptera,Leptoceridae,Oecetis,Oecetis cinerascens,91,6/21/2017,Egner,D,6/14/2017,41,Pool
6212017EgnerPoolD3,OTU1097,GS,97.2,BOLD:AAN5451,Animalia,Arthropoda,Arachnida,Araneae,Araneidae,Eustala,NA,60,6/21/2017,Egner,D,6/14/2017,41,Pool
6212017EgnerPoolD3,OTU1274,GS,98.9,BOLD:AAG6465,Animalia,Arthropoda,Insecta,Diptera,Ceratopogonidae,NA,NA,18,6/21/2017,Egner,D,6/14/2017,41,Pool
6212017EgnerPoolD3,OTU1291,GS,98.9,BOLD:AAB8467,Animalia,Arthropoda,Insecta,Lepidoptera,Erebidae,Phalaenostola,Phalaenostola eumelusalis,1,6/21/2017,Egner,D,6/14/2017,41,Pool
6212017EgnerPoolD3,OTU1296,GS,97.2,BOLD:AAD2334,Animalia,Arthropoda,Insecta,Lepidoptera,Tineidae,Acrolophus,Acrolophus hasbroucki,38,6/21/2017,Egner,D,6/14/2017,41,Pool
6212017EgnerPoolD3,OTU1317,SS,0.01,BOLD:AAN5451,Animalia,Arthropoda,Arachnida,Araneae,Araneidae,Eustala,NA,2,6/21/2017,Egner,D,6/14/2017,41,Pool
6212017EgnerPoolD3,OTU1351,SS,0.94,BOLD:AAB7030,Animalia,Arthropoda,Insecta,Diptera,Chironomidae,Chironomus,Chironomus decorus,53,6/21/2017,Egner,D,6/14/2017,41,Pool
6212017EgnerPoolD3,OTU1656,US,0.9715,BOLD:AAD6798,Animalia,Arthropoda,Insecta,Diptera,NA,NA,NA,3,6/21/2017,Egner,D,6/14/2017,41,Pool
6212017EgnerPoolD4,OTU1,US,0.0026,BOLD:AAD6798,Animalia,Arthropoda,Insecta,Diptera,NA,NA,NA,879,6/21/2017,Egner,D,6/14/2017,41,Pool
6212017EgnerPoolD4,OTU5,GS,99.4,BOLD:AAN5451,Animalia,Arthropoda,Arachnida,Araneae,Araneidae,Eustala,NA,4391,6/21/2017,Egner,D,6/14/2017,41,Pool
6212017EgnerPoolD4,OTU10,GS,100,BOLD:ACF3057,Animalia,Arthropoda,Insecta,Lepidoptera,Tineidae,Acrolophus,Acrolophus mortipennella,7670,6/21/2017,Egner,D,6/14/2017,41,Pool
6212017EgnerPoolD4,OTU16,GS,100,BOLD:AAA7067,Animalia,Arthropoda,Insecta,Diptera,Culicidae,Aedes,Aedes vexans,2021,6/21/2017,Egner,D,6/14/2017,41,Pool
6212017EgnerPoolD4,OTU18,GS,100,BOLD:ABY8739,Animalia,Arthropoda,Insecta,Diptera,Tabanidae,NA,NA,2074,6/21/2017,Egner,D,6/14/2017,41,Pool
6212017EgnerPoolD4,OTU21,GS,100,BOLD:ACR3763,Animalia,Arthropoda,Insecta,Coleoptera,Ptilodactylidae,Ptilodactyla,Ptilodactyla serricollis,760,6/21/2017,Egner,D,6/14/2017,41,Pool
6212017EgnerPoolD4,OTU34,GS,100,BOLD:AAM6211,Animalia,Arthropoda,Insecta,Diptera,Chironomidae,Glyptotendipes,NA,215,6/21/2017,Egner,D,6/14/2017,41,Pool
6212017EgnerPoolD4,OTU35,GS,100,BOLD:ABW4215,Animalia,Arthropoda,Insecta,Diptera,Chironomidae,Glyptotendipes,Glyptotendipes meridionalis,288,6/21/2017,Egner,D,6/14/2017,41,Pool
6212017EgnerPoolD4,OTU62,GS,100,BOLD:ACX8671,Animalia,Arthropoda,Insecta,Coleoptera,Elateridae,Melanotus,Melanotus miscellus,254,6/21/2017,Egner,D,6/14/2017,41,Pool
6212017EgnerPoolD4,OTU64,US,0.9925,BOLD:AAL8170,Animalia,Arthropoda,Insecta,Hymenoptera,NA,NA,NA,114,6/21/2017,Egner,D,6/14/2017,41,Pool
6212017EgnerPoolD4,OTU65,GS,100,BOLD:AAA1517,Animalia,Arthropoda,Insecta,Lepidoptera,Tortricidae,Choristoneura,Choristoneura rosaceana,265,6/21/2017,Egner,D,6/14/2017,41,Pool
6212017EgnerPoolD4,OTU68,GS,100,BOLD:AAB7030,Animalia,Arthropoda,Insecta,Diptera,Chironomidae,Chironomus,Chironomus decorus,739,6/21/2017,Egner,D,6/14/2017,41,Pool
6212017EgnerPoolD4,OTU70,GS,100,BOLD:ABY9168,Animalia,Arthropoda,Insecta,Lepidoptera,Tortricidae,Clepsis,Clepsis peritana,323,6/21/2017,Egner,D,6/14/2017,41,Pool
6212017EgnerPoolD4,OTU73,GS,100,BOLD:AAD6926,Animalia,Arthropoda,Arachnida,Araneae,Anyphaenidae,Anyphaena,Anyphaena pectorosa,295,6/21/2017,Egner,D,6/14/2017,41,Pool
6212017EgnerPoolD4,OTU85,US,0.9919,BOLD:AAH1006,Animalia,Arthropoda,Insecta,Diptera,NA,NA,NA,201,6/21/2017,Egner,D,6/14/2017,41,Pool
6212017EgnerPoolD4,OTU94,US,0,BOLD:ACO4929,Animalia,Arthropoda,Insecta,Hymenoptera,NA,NA,NA,262,6/21/2017,Egner,D,6/14/2017,41,Pool
6212017EgnerPoolD4,OTU105,GS,100,BOLD:AAB7936,Animalia,Arthropoda,Insecta,Lepidoptera,Oecophoridae,Inga,Inga sparsiciliella,154,6/21/2017,Egner,D,6/14/2017,41,Pool
6212017EgnerPoolD4,OTU122,GS,99.4,BOLD:AAC5568,Animalia,Arthropoda,Insecta,Lepidoptera,Tortricidae,Gypsonoma,Gypsonoma salicicolana,1289,6/21/2017,Egner,D,6/14/2017,41,Pool
6212017EgnerPoolD4,OTU123,GS,99.4,BOLD:AAM8787,Animalia,Arthropoda,Insecta,Lepidoptera,Gelechiidae,Dichomeris,Dichomeris laetitia,82,6/21/2017,Egner,D,6/14/2017,41,Pool
6212017EgnerPoolD4,OTU125,GS,100,BOLD:ACX4440,Animalia,Arthropoda,Insecta,Coleoptera,NA,NA,NA,279,6/21/2017,Egner,D,6/14/2017,41,Pool
6212017EgnerPoolD4,OTU152,GS,100,BOLD:AAA3950,Animalia,Arthropoda,Insecta,Lepidoptera,Tineidae,Acrolophus,Acrolophus plumifrontella,280,6/21/2017,Egner,D,6/14/2017,41,Pool
6212017EgnerPoolD4,OTU157,US,0,BOLD:ACJ3184,Animalia,Arthropoda,Insecta,Hymenoptera,NA,NA,NA,103,6/21/2017,Egner,D,6/14/2017,41,Pool
6212017EgnerPoolD4,OTU169,GS,97.2,BOLD:AAO2061,Animalia,Arthropoda,Insecta,Blattodea,Ectobiidae,Parcoblatta,NA,269,6/21/2017,Egner,D,6/14/2017,41,Pool
6212017EgnerPoolD4,OTU174,GS,97.2,BOLD:AAD2010,Animalia,Arthropoda,Insecta,Lepidoptera,Tineidae,Acrolophus,Acrolophus propinqua,28,6/21/2017,Egner,D,6/14/2017,41,Pool
6212017EgnerPoolD4,OTU176,SS,0.35,BOLD:ACL6093,Animalia,Arthropoda,Arachnida,Trombidiformes,NA,NA,NA,271,6/21/2017,Egner,D,6/14/2017,41,Pool
6212017EgnerPoolD4,OTU180,GS,100,BOLD:AAM8933,Animalia,Arthropoda,Insecta,Psocodea,Amphipsocidae,Polypsocus,Polypsocus corruptus,12,6/21/2017,Egner,D,6/14/2017,41,Pool
6212017EgnerPoolD4,OTU189,GS,100,BOLD:ABV2225,Animalia,Arthropoda,Insecta,Lepidoptera,Gracillariidae,Caloptilia,NA,73,6/21/2017,Egner,D,6/14/2017,41,Pool
6212017EgnerPoolD4,OTU198,GS,99.4,BOLD:ABZ1242,Animalia,Arthropoda,Insecta,Diptera,Chironomidae,NA,NA,154,6/21/2017,Egner,D,6/14/2017,41,Pool
6212017EgnerPoolD4,OTU219,GS,100,BOLD:AAD1855,Animalia,Arthropoda,Insecta,Lepidoptera,Tortricidae,Episimus,Episimus tyrius,84,6/21/2017,Egner,D,6/14/2017,41,Pool
6212017EgnerPoolD4,OTU231,GS,100,BOLD:AAD2590,Animalia,Arthropoda,Insecta,Lepidoptera,Gracillariidae,Caloptilia,Caloptilia packardella,239,6/21/2017,Egner,D,6/14/2017,41,Pool
6212017EgnerPoolD4,OTU239,GS,100,BOLD:ABW2526,Animalia,Arthropoda,Insecta,Diptera,Tabanidae,Tabanus,NA,199,6/21/2017,Egner,D,6/14/2017,41,Pool
6212017EgnerPoolD4,OTU244,GS,100,BOLD:AAB1096,Animalia,Arthropoda,Insecta,Lepidoptera,Blastobasidae,Blastobasis,Blastobasis glandulella,192,6/21/2017,Egner,D,6/14/2017,41,Pool
6212017EgnerPoolD4,OTU270,GS,100,BOLD:AAB6541,Animalia,Arthropoda,Insecta,Lepidoptera,Gelechiidae,Coleotechnites,Coleotechnites florae,75,6/21/2017,Egner,D,6/14/2017,41,Pool
6212017EgnerPoolD4,OTU278,GS,100,BOLD:AAB3590,Animalia,Arthropoda,Insecta,Lepidoptera,Gelechiidae,Chionodes,Chionodes discoocellella,134,6/21/2017,Egner,D,6/14/2017,41,Pool
6212017EgnerPoolD4,OTU287,GS,98.9,BOLD:AAG5457,Animalia,Arthropoda,Insecta,Diptera,Chironomidae,NA,NA,243,6/21/2017,Egner,D,6/14/2017,41,Pool
6212017EgnerPoolD4,OTU290,GS,100,BOLD:AAE4427,Animalia,Arthropoda,Insecta,Lepidoptera,Tineidae,Xylesthia,Xylesthia pruniramiella,92,6/21/2017,Egner,D,6/14/2017,41,Pool
6212017EgnerPoolD4,OTU304,GS,100,BOLD:AAD6122,Animalia,Arthropoda,Insecta,Diptera,NA,NA,NA,275,6/21/2017,Egner,D,6/14/2017,41,Pool
6212017EgnerPoolD4,OTU373,GS,98.9,BOLD:AAG8953,Animalia,Arthropoda,Insecta,Hemiptera,Cicadellidae,Gyponana,Gyponana amara,1186,6/21/2017,Egner,D,6/14/2017,41,Pool
6212017EgnerPoolD4,OTU406,US,0.9916,BOLD:ACL2991,Animalia,Arthropoda,Insecta,Coleoptera,NA,NA,NA,159,6/21/2017,Egner,D,6/14/2017,41,Pool
6212017EgnerPoolD4,OTU409,US,0.9916,BOLD:ACS0084,Animalia,Arthropoda,Insecta,Hemiptera,NA,NA,NA,24,6/21/2017,Egner,D,6/14/2017,41,Pool
6212017EgnerPoolD4,OTU446,GS,100,BOLD:AAD1537,Animalia,Arthropoda,Insecta,Lepidoptera,Tortricidae,Gretchena,Gretchena bolliana,125,6/21/2017,Egner,D,6/14/2017,41,Pool
6212017EgnerPoolD4,OTU464,GS,99.4,BOLD:AAA8103,Animalia,Arthropoda,Insecta,Lepidoptera,Depressariidae,Antaeotricha,Antaeotricha leucillana,215,6/21/2017,Egner,D,6/14/2017,41,Pool
6212017EgnerPoolD4,OTU560,GS,99.4,BOLD:AAB4627,Animalia,Arthropoda,Insecta,Ephemeroptera,Caenidae,Caenis,Caenis latipennis,291,6/21/2017,Egner,D,6/14/2017,41,Pool
6212017EgnerPoolD4,OTU563,GS,100,BOLD:AAH7221,Animalia,Arthropoda,Insecta,Neuroptera,Mantispidae,Dicromantispa,Dicromantispa sayi,109,6/21/2017,Egner,D,6/14/2017,41,Pool
6212017EgnerPoolD4,OTU597,GS,99.4,BOLD:AAA7515,Animalia,Arthropoda,Insecta,Ephemeroptera,Caenidae,Caenis,Caenis punctata,32,6/21/2017,Egner,D,6/14/2017,41,Pool
6212017EgnerPoolD4,OTU632,GS,97.8,BOLD:AAG6465,Animalia,Arthropoda,Insecta,Diptera,Ceratopogonidae,NA,NA,17,6/21/2017,Egner,D,6/14/2017,41,Pool
6212017EgnerPoolD4,OTU645,GS,100,BOLD:AAG8824,Animalia,Arthropoda,Insecta,Hemiptera,Miridae,Hyaliodes,Hyaliodes harti,108,6/21/2017,Egner,D,6/14/2017,41,Pool
6212017EgnerPoolD4,OTU702,SS,0.87,BOLD:AAN6304,Animalia,Arthropoda,Arachnida,Araneae,Araneidae,Araneus,Araneus guttulatus,18,6/21/2017,Egner,D,6/14/2017,41,Pool
6212017EgnerPoolD4,OTU736,GS,100,BOLD:AAD7279,Animalia,Arthropoda,Insecta,Lepidoptera,Geometridae,Mellilla,Mellilla xanthometata,1,6/21/2017,Egner,D,6/14/2017,41,Pool
6212017EgnerPoolD4,OTU971,GS,100,BOLD:AAD4044,Animalia,Arthropoda,Insecta,Trichoptera,Hydropsychidae,Hydropsyche,Hydropsyche rossi,108,6/21/2017,Egner,D,6/14/2017,41,Pool
6212017EgnerPoolD4,OTU1047,GS,99.4,BOLD:ACC8989,Animalia,Arthropoda,Insecta,Lepidoptera,Batrachedridae,Batrachedra,NA,2,6/21/2017,Egner,D,6/14/2017,41,Pool
6212017EgnerPoolD4,OTU1097,GS,97.2,BOLD:AAN5451,Animalia,Arthropoda,Arachnida,Araneae,Araneidae,Eustala,NA,36,6/21/2017,Egner,D,6/14/2017,41,Pool
6212017EgnerPoolD4,OTU1172,SS,0.83,BOLD:AAD6926,Animalia,Arthropoda,Arachnida,Araneae,Anyphaenidae,Anyphaena,Anyphaena pectorosa,1,6/21/2017,Egner,D,6/14/2017,41,Pool
6212017EgnerPoolD4,OTU1267,GS,97.2,BOLD:AAP2550,Animalia,Arthropoda,Insecta,Neuroptera,Sisyridae,Sisyra,NA,6,6/21/2017,Egner,D,6/14/2017,41,Pool
6212017EgnerPoolD4,OTU1295,US,0.9919,BOLD:ACA7815,Animalia,Arthropoda,Insecta,Diptera,NA,NA,NA,49,6/21/2017,Egner,D,6/14/2017,41,Pool
6212017EgnerPoolD4,OTU1296,GS,97.2,BOLD:AAD2334,Animalia,Arthropoda,Insecta,Lepidoptera,Tineidae,Acrolophus,Acrolophus hasbroucki,69,6/21/2017,Egner,D,6/14/2017,41,Pool
6212017EgnerPoolD4,OTU1314,SS,0.17,BOLD:ACC1191,Animalia,Arthropoda,Insecta,Lepidoptera,NA,NA,NA,101,6/21/2017,Egner,D,6/14/2017,41,Pool
6212017EgnerPoolD4,OTU1317,SS,0.01,BOLD:AAN5451,Animalia,Arthropoda,Arachnida,Araneae,Araneidae,Eustala,NA,5,6/21/2017,Egner,D,6/14/2017,41,Pool
6212017EgnerPoolD4,OTU1350,GS,97.2,BOLD:AAA7067,Animalia,Arthropoda,Insecta,Diptera,Culicidae,Aedes,Aedes vexans,61,6/21/2017,Egner,D,6/14/2017,41,Pool
6212017EgnerPoolD4,OTU1351,SS,0.94,BOLD:AAB7030,Animalia,Arthropoda,Insecta,Diptera,Chironomidae,Chironomus,Chironomus decorus,71,6/21/2017,Egner,D,6/14/2017,41,Pool
6212017EgnerPoolD4,OTU1446,GS,100,BOLD:AAC6891,Animalia,Arthropoda,Arachnida,Araneae,Salticidae,Phidippus,Phidippus audax,40,6/21/2017,Egner,D,6/14/2017,41,Pool
6212017EgnerPoolD4,OTU1621,GS,99.4,BOLD:ABW4218,Animalia,Arthropoda,Insecta,Diptera,Chironomidae,NA,NA,16,6/21/2017,Egner,D,6/14/2017,41,Pool
6212017EgnerPoolD4,OTU1642,GS,99.4,BOLD:AAB5246,Animalia,Arthropoda,Insecta,Lepidoptera,Erebidae,Ledaea,Ledaea perditalis,1,6/21/2017,Egner,D,6/14/2017,41,Pool
6212017EgnerPoolD4,OTU1656,US,0.9715,BOLD:AAD6798,Animalia,Arthropoda,Insecta,Diptera,NA,NA,NA,1,6/21/2017,Egner,D,6/14/2017,41,Pool
6212017EgnerPoolD4,OTU1701,GS,97.8,BOLD:AAB7622,Animalia,Arthropoda,Insecta,Lepidoptera,Depressariidae,Antaeotricha,Antaeotricha schlaegeri,162,6/21/2017,Egner,D,6/14/2017,41,Pool
6212017EgnerPoolD4,OTU1719,GS,97.2,BOLD:AAG0149,Animalia,Arthropoda,Insecta,Lepidoptera,NA,NA,NA,4,6/21/2017,Egner,D,6/14/2017,41,Pool
6212017EgnerPoolD4,OTU1740,SS,0.75,BOLD:ABV1771,Animalia,Arthropoda,Insecta,Diptera,NA,NA,NA,1,6/21/2017,Egner,D,6/14/2017,41,Pool
6212017HBA1,OTU4,GS,100,BOLD:AAN5882,Animalia,Arthropoda,Insecta,Diptera,Limoniidae,Erioptera,Erioptera caliptera,4536,6/21/2017,HickoryBottoms,A,6/7/2017,79,Single
6212017HBA1,OTU5,GS,99.4,BOLD:AAN5451,Animalia,Arthropoda,Arachnida,Araneae,Araneidae,Eustala,NA,717,6/21/2017,HickoryBottoms,A,6/7/2017,79,Single
6212017HBA1,OTU16,GS,100,BOLD:AAA7067,Animalia,Arthropoda,Insecta,Diptera,Culicidae,Aedes,Aedes vexans,207,6/21/2017,HickoryBottoms,A,6/7/2017,79,Single
6212017HBA1,OTU28,GS,100,BOLD:AAM6784,Animalia,Arthropoda,Insecta,Diptera,Dolichopodidae,NA,NA,305,6/21/2017,HickoryBottoms,A,6/7/2017,79,Single
6212017HBA1,OTU57,GS,100,BOLD:AAI1618,Animalia,Arthropoda,Insecta,Diptera,Culicidae,Coquillettidia,Coquillettidia perturbans,271,6/21/2017,HickoryBottoms,A,6/7/2017,79,Single
6212017HBA1,OTU68,GS,100,BOLD:AAB7030,Animalia,Arthropoda,Insecta,Diptera,Chironomidae,Chironomus,Chironomus decorus,257,6/21/2017,HickoryBottoms,A,6/7/2017,79,Single
6212017HBA1,OTU97,GS,100,BOLD:AAB7935,Animalia,Arthropoda,Arachnida,Araneae,Araneidae,Eustala,Eustala cepina,109,6/21/2017,HickoryBottoms,A,6/7/2017,79,Single
6212017HBA1,OTU101,US,0.2887,None,Animalia,Arthropoda,Insecta,Hemiptera,NA,NA,NA,59,6/21/2017,HickoryBottoms,A,6/7/2017,79,Single
6212017HBA1,OTU144,GS,100,BOLD:AAN6304,Animalia,Arthropoda,Arachnida,Araneae,Araneidae,Araneus,Araneus guttulatus,52,6/21/2017,HickoryBottoms,A,6/7/2017,79,Single
6212017HBA1,OTU197,GS,100,BOLD:AAN6380,Animalia,Arthropoda,Arachnida,Araneae,Araneidae,Neoscona,NA,52,6/21/2017,HickoryBottoms,A,6/7/2017,79,Single
6212017HBA1,OTU198,GS,99.4,BOLD:ABZ1242,Animalia,Arthropoda,Insecta,Diptera,Chironomidae,NA,NA,27,6/21/2017,HickoryBottoms,A,6/7/2017,79,Single
6212017HBA1,OTU211,GS,99.4,BOLD:ACA5630,Animalia,Arthropoda,Insecta,Coleoptera,Ptinidae,NA,NA,47,6/21/2017,HickoryBottoms,A,6/7/2017,79,Single
6212017HBA1,OTU214,GS,99.4,BOLD:AAW6795,Animalia,Arthropoda,Insecta,Diptera,NA,NA,NA,110,6/21/2017,HickoryBottoms,A,6/7/2017,79,Single
6212017HBA1,OTU231,GS,100,BOLD:AAD2590,Animalia,Arthropoda,Insecta,Lepidoptera,Gracillariidae,Caloptilia,Caloptilia packardella,9,6/21/2017,HickoryBottoms,A,6/7/2017,79,Single
6212017HBA1,OTU270,GS,100,BOLD:AAB6541,Animalia,Arthropoda,Insecta,Lepidoptera,Gelechiidae,Coleotechnites,Coleotechnites florae,5,6/21/2017,HickoryBottoms,A,6/7/2017,79,Single
6212017HBA1,OTU300,GS,100,BOLD:AAA8310,Animalia,Arthropoda,Insecta,Lepidoptera,Crambidae,Anageshna,Anageshna primordialis,10,6/21/2017,HickoryBottoms,A,6/7/2017,79,Single
6212017HBA1,OTU369,SS,0.79,BOLD:ACS7984,Animalia,Arthropoda,Insecta,Hemiptera,NA,NA,NA,37,6/21/2017,HickoryBottoms,A,6/7/2017,79,Single
6212017HBA1,OTU371,GS,100,BOLD:ABX9756,Animalia,Arthropoda,Insecta,Diptera,NA,NA,NA,14,6/21/2017,HickoryBottoms,A,6/7/2017,79,Single
6212017HBA1,OTU407,GS,99.4,BOLD:AAK8831,Animalia,Arthropoda,Insecta,Diptera,Limoniidae,Metalimnobia,Metalimnobia cinctipes,3,6/21/2017,HickoryBottoms,A,6/7/2017,79,Single
6212017HBA1,OTU443,US,0.4,None,Animalia,Arthropoda,Insecta,Hymenoptera,NA,NA,NA,5,6/21/2017,HickoryBottoms,A,6/7/2017,79,Single
6212017HBA1,OTU550,SS,0.63,BOLD:AAZ2096,Animalia,Arthropoda,Insecta,Hemiptera,NA,NA,NA,9,6/21/2017,HickoryBottoms,A,6/7/2017,79,Single
6212017HBA1,OTU635,GS,97.2,BOLD:AAN5882,Animalia,Arthropoda,Insecta,Diptera,Limoniidae,Erioptera,Erioptera caliptera,18,6/21/2017,HickoryBottoms,A,6/7/2017,79,Single
6212017HBA1,OTU674,US,0,BOLD:AAG4815,Animalia,Arthropoda,Arachnida,Mesostigmata,NA,NA,NA,2,6/21/2017,HickoryBottoms,A,6/7/2017,79,Single
6212017HBA1,OTU689,SS,0.68,BOLD:ACR6277,Animalia,Arthropoda,Insecta,Hemiptera,NA,NA,NA,8,6/21/2017,HickoryBottoms,A,6/7/2017,79,Single
6212017HBA1,OTU754,US,1,BOLD:AAV1202,Animalia,Arthropoda,Insecta,Coleoptera,NA,NA,NA,2,6/21/2017,HickoryBottoms,A,6/7/2017,79,Single
6212017HBA1,OTU857,GS,100,BOLD:AAC9885,Animalia,Arthropoda,Insecta,Lepidoptera,Tortricidae,Acleris,Acleris negundana,11,6/21/2017,HickoryBottoms,A,6/7/2017,79,Single
6212017HBA1,OTU1165,US,0,BOLD:ABY6472,Animalia,Arthropoda,Insecta,Neuroptera,NA,NA,NA,103,6/21/2017,HickoryBottoms,A,6/7/2017,79,Single
6212017HBA1,OTU1212,SS,0.52,BOLD:ABX7282,Animalia,Arthropoda,Insecta,Hemiptera,NA,NA,NA,3,6/21/2017,HickoryBottoms,A,6/7/2017,79,Single
6212017HBA1,OTU1244,SS,0.81,BOLD:AAN5882,Animalia,Arthropoda,Insecta,Diptera,Limoniidae,Erioptera,Erioptera caliptera,2120,6/21/2017,HickoryBottoms,A,6/7/2017,79,Single
6212017HBA1,OTU1265,SS,0.83,BOLD:AAF4632,Animalia,Arthropoda,Insecta,Diptera,Limoniidae,Epiphragma,Epiphragma solatrix,12,6/21/2017,HickoryBottoms,A,6/7/2017,79,Single
6212017HBA1,OTU1292,GS,97.8,BOLD:AAN5882,Animalia,Arthropoda,Insecta,Diptera,Limoniidae,Erioptera,Erioptera caliptera,6,6/21/2017,HickoryBottoms,A,6/7/2017,79,Single
6212017HBA1,OTU1317,SS,0.01,BOLD:AAN5451,Animalia,Arthropoda,Arachnida,Araneae,Araneidae,Eustala,NA,27,6/21/2017,HickoryBottoms,A,6/7/2017,79,Single
6212017HBA1,OTU1351,SS,0.94,BOLD:AAB7030,Animalia,Arthropoda,Insecta,Diptera,Chironomidae,Chironomus,Chironomus decorus,53,6/21/2017,HickoryBottoms,A,6/7/2017,79,Single
6212017HBA1,OTU1399,SS,0.28,BOLD:AAX9373,Animalia,Arthropoda,Insecta,Diptera,NA,NA,NA,28,6/21/2017,HickoryBottoms,A,6/7/2017,79,Single
6212017HBA1,OTU1417,SS,0.74,BOLD:AAJ2923,Animalia,Arthropoda,Insecta,Hemiptera,NA,NA,NA,25,6/21/2017,HickoryBottoms,A,6/7/2017,79,Single
6212017HBA1,OTU1478,US,1,None,Animalia,Arthropoda,Insecta,Mantodea,NA,NA,NA,5,6/21/2017,HickoryBottoms,A,6/7/2017,79,Single
6212017HBA1,OTU1497,SS,0.97,BOLD:AAI1618,Animalia,Arthropoda,Insecta,Diptera,Culicidae,Coquillettidia,Coquillettidia perturbans,6,6/21/2017,HickoryBottoms,A,6/7/2017,79,Single
6212017HBA1,OTU1611,GS,100,BOLD:ACJ0138,Animalia,Arthropoda,Arachnida,Araneae,NA,NA,NA,22,6/21/2017,HickoryBottoms,A,6/7/2017,79,Single
6212017HBA1,OTU1748,SS,0.6,BOLD:ACF8409,Animalia,Arthropoda,Insecta,Diptera,NA,NA,NA,24,6/21/2017,HickoryBottoms,A,6/7/2017,79,Single
6212017HBA1,OTU1875,SS,0.92,BOLD:AAI1618,Animalia,Arthropoda,Insecta,Diptera,Culicidae,Coquillettidia,Coquillettidia perturbans,17,6/21/2017,HickoryBottoms,A,6/7/2017,79,Single
6212017HBA10,OTU4,GS,100,BOLD:AAN5882,Animalia,Arthropoda,Insecta,Diptera,Limoniidae,Erioptera,Erioptera caliptera,2566,6/21/2017,HickoryBottoms,A,6/7/2017,79,Single
6212017HBA10,OTU68,GS,100,BOLD:AAB7030,Animalia,Arthropoda,Insecta,Diptera,Chironomidae,Chironomus,Chironomus decorus,1013,6/21/2017,HickoryBottoms,A,6/7/2017,79,Single
6212017HBA10,OTU69,GS,98.3,BOLD:ACH3633,Animalia,Arthropoda,Arachnida,Trombidiformes,Pionidae,NA,NA,15248,6/21/2017,HickoryBottoms,A,6/7/2017,79,Single
6212017HBA10,OTU108,GS,99.4,BOLD:AAC4525,Animalia,Arthropoda,Insecta,Diptera,Chironomidae,Tanytarsus,Tanytarsus guerlus,9450,6/21/2017,HickoryBottoms,A,6/7/2017,79,Single
6212017HBA10,OTU273,SS,0.29,BOLD:AAC8291,Animalia,Arthropoda,Insecta,Diptera,Tabanidae,Chrysops,NA,17,6/21/2017,HickoryBottoms,A,6/7/2017,79,Single
6212017HBA10,OTU327,US,0.9919,BOLD:AAE3250,Animalia,Arthropoda,Arachnida,Trombidiformes,NA,NA,NA,1402,6/21/2017,HickoryBottoms,A,6/7/2017,79,Single
6212017HBA10,OTU388,GS,100,BOLD:AAN5315,Animalia,Arthropoda,Insecta,Diptera,Chironomidae,NA,NA,52,6/21/2017,HickoryBottoms,A,6/7/2017,79,Single
6212017HBA10,OTU392,US,1,None,Animalia,Arthropoda,Insecta,Diptera,NA,NA,NA,4,6/21/2017,HickoryBottoms,A,6/7/2017,79,Single
6212017HBA10,OTU812,US,0.3913,None,Animalia,Arthropoda,Maxillopoda,Calanoida,NA,NA,NA,1,6/21/2017,HickoryBottoms,A,6/7/2017,79,Single
6212017HBA10,OTU839,GS,100,BOLD:AAC0706,Animalia,Arthropoda,Insecta,Diptera,Chironomidae,Dicrotendipes,Dicrotendipes tritomus,7,6/21/2017,HickoryBottoms,A,6/7/2017,79,Single
6212017HBA10,OTU861,SS,0.32,BOLD:AAG8269,Animalia,Arthropoda,Insecta,Diptera,NA,NA,NA,55,6/21/2017,HickoryBottoms,A,6/7/2017,79,Single
6212017HBA10,OTU952,US,0,BOLD:AAD4292,Animalia,Arthropoda,Insecta,Diptera,NA,NA,NA,21,6/21/2017,HickoryBottoms,A,6/7/2017,79,Single
6212017HBA10,OTU988,GS,100,BOLD:AAP5113,Animalia,Arthropoda,Insecta,Diptera,Chironomidae,NA,NA,13,6/21/2017,HickoryBottoms,A,6/7/2017,79,Single
6212017HBA10,OTU1065,GS,100,BOLD:AAL7359,Animalia,Arthropoda,Insecta,Diptera,Chironomidae,Tanytarsus,NA,7,6/21/2017,HickoryBottoms,A,6/7/2017,79,Single
6212017HBA10,OTU1240,GS,98.9,BOLD:AAI4410,Animalia,Arthropoda,Insecta,Lepidoptera,Tineidae,NA,NA,12,6/21/2017,HickoryBottoms,A,6/7/2017,79,Single
6212017HBA10,OTU1271,GS,100,BOLD:AAP3004,Animalia,Arthropoda,Insecta,Diptera,Chironomidae,Chironomus,Chironomus staegeri,2,6/21/2017,HickoryBottoms,A,6/7/2017,79,Single
6212017HBA10,OTU1351,SS,0.94,BOLD:AAB7030,Animalia,Arthropoda,Insecta,Diptera,Chironomidae,Chironomus,Chironomus decorus,62,6/21/2017,HickoryBottoms,A,6/7/2017,79,Single
6212017HBA10,OTU1480,US,0.9249,BOLD:AAN5882,Animalia,Arthropoda,Insecta,Diptera,NA,NA,NA,1,6/21/2017,HickoryBottoms,A,6/7/2017,79,Single
6212017HBA10,OTU1490,US,1,BOLD:AAK0197,Animalia,Arthropoda,Arachnida,Mesostigmata,NA,NA,NA,1,6/21/2017,HickoryBottoms,A,6/7/2017,79,Single
6212017HBA10,OTU1648,US,0.8732,BOLD:AAG0758,Animalia,Arthropoda,Insecta,Lepidoptera,NA,NA,NA,1,6/21/2017,HickoryBottoms,A,6/7/2017,79,Single
6212017HBA10,OTU1775,US,1,BOLD:ACF7687,Animalia,Arthropoda,Arachnida,Araneae,NA,NA,NA,9,6/21/2017,HickoryBottoms,A,6/7/2017,79,Single
6212017HBA10,OTU1891,US,1,BOLD:AAV5947,Animalia,Arthropoda,Insecta,Coleoptera,NA,NA,NA,9,6/21/2017,HickoryBottoms,A,6/7/2017,79,Single
6212017HBA10,OTU1903,US,1,BOLD:ACO2012,Animalia,Arthropoda,Insecta,Lepidoptera,NA,NA,NA,10,6/21/2017,HickoryBottoms,A,6/7/2017,79,Single
6212017HBA2,OTU1,US,0.0026,BOLD:AAD6798,Animalia,Arthropoda,Insecta,Diptera,NA,NA,NA,357,6/21/2017,HickoryBottoms,A,6/7/2017,79,Single
6212017HBA2,OTU5,GS,99.4,BOLD:AAN5451,Animalia,Arthropoda,Arachnida,Araneae,Araneidae,Eustala,NA,2938,6/21/2017,HickoryBottoms,A,6/7/2017,79,Single
6212017HBA2,OTU14,GS,99.4,BOLD:AAO3940,Animalia,Arthropoda,Insecta,Diptera,Limoniidae,Rhipidia,NA,1093,6/21/2017,HickoryBottoms,A,6/7/2017,79,Single
6212017HBA2,OTU16,GS,100,BOLD:AAA7067,Animalia,Arthropoda,Insecta,Diptera,Culicidae,Aedes,Aedes vexans,1925,6/21/2017,HickoryBottoms,A,6/7/2017,79,Single
6212017HBA2,OTU23,GS,100,BOLD:AAF9008,Animalia,Arthropoda,Insecta,Diptera,Limoniidae,Helius,Helius flavipes,26063,6/21/2017,HickoryBottoms,A,6/7/2017,79,Single
6212017HBA2,OTU57,GS,100,BOLD:AAI1618,Animalia,Arthropoda,Insecta,Diptera,Culicidae,Coquillettidia,Coquillettidia perturbans,71,6/21/2017,HickoryBottoms,A,6/7/2017,79,Single
6212017HBA2,OTU68,GS,100,BOLD:AAB7030,Animalia,Arthropoda,Insecta,Diptera,Chironomidae,Chironomus,Chironomus decorus,171,6/21/2017,HickoryBottoms,A,6/7/2017,79,Single
6212017HBA2,OTU97,GS,100,BOLD:AAB7935,Animalia,Arthropoda,Arachnida,Araneae,Araneidae,Eustala,Eustala cepina,103,6/21/2017,HickoryBottoms,A,6/7/2017,79,Single
6212017HBA2,OTU135,GS,99.4,BOLD:AAA5872,Animalia,Arthropoda,Insecta,Lepidoptera,Gelechiidae,Chionodes,Chionodes mediofuscella,107,6/21/2017,HickoryBottoms,A,6/7/2017,79,Single
6212017HBA2,OTU141,GS,100,BOLD:ABX6186,Animalia,Arthropoda,Insecta,Diptera,Tipulidae,Nephrotoma,Nephrotoma ferruginea,161,6/21/2017,HickoryBottoms,A,6/7/2017,79,Single
6212017HBA2,OTU159,US,1,BOLD:ACG2017,Animalia,Arthropoda,Insecta,Coleoptera,NA,NA,NA,21,6/21/2017,HickoryBottoms,A,6/7/2017,79,Single
6212017HBA2,OTU195,GS,100,BOLD:ABW4424,Animalia,Arthropoda,Insecta,Diptera,Limoniidae,Dicranomyia,NA,1188,6/21/2017,HickoryBottoms,A,6/7/2017,79,Single
6212017HBA2,OTU198,GS,99.4,BOLD:ABZ1242,Animalia,Arthropoda,Insecta,Diptera,Chironomidae,NA,NA,68,6/21/2017,HickoryBottoms,A,6/7/2017,79,Single
6212017HBA2,OTU214,GS,99.4,BOLD:AAW6795,Animalia,Arthropoda,Insecta,Diptera,NA,NA,NA,438,6/21/2017,HickoryBottoms,A,6/7/2017,79,Single
6212017HBA2,OTU231,GS,100,BOLD:AAD2590,Animalia,Arthropoda,Insecta,Lepidoptera,Gracillariidae,Caloptilia,Caloptilia packardella,18,6/21/2017,HickoryBottoms,A,6/7/2017,79,Single
6212017HBA2,OTU287,GS,98.9,BOLD:AAG5457,Animalia,Arthropoda,Insecta,Diptera,Chironomidae,NA,NA,78,6/21/2017,HickoryBottoms,A,6/7/2017,79,Single
6212017HBA2,OTU317,GS,99.4,BOLD:ACA8818,Animalia,Arthropoda,Insecta,Hemiptera,Derbidae,Patara,Patara vanduzeei,12,6/21/2017,HickoryBottoms,A,6/7/2017,79,Single
6212017HBA2,OTU391,GS,100,BOLD:AAI2836,Animalia,Arthropoda,Arachnida,Araneae,Philodromidae,Philodromus,Philodromus keyserlingi,5,6/21/2017,HickoryBottoms,A,6/7/2017,79,Single
6212017HBA2,OTU415,GS,100,BOLD:AAP8030,Animalia,Arthropoda,Insecta,Lepidoptera,Blastobasidae,Blastobasis,NA,48,6/21/2017,HickoryBottoms,A,6/7/2017,79,Single
6212017HBA2,OTU554,SS,0.58,BOLD:ABY1337,Animalia,Arthropoda,Insecta,Hemiptera,Miridae,NA,NA,12,6/21/2017,HickoryBottoms,A,6/7/2017,79,Single
6212017HBA2,OTU557,GS,98.3,BOLD:AAO7609,Animalia,Arthropoda,Insecta,Diptera,NA,NA,NA,176,6/21/2017,HickoryBottoms,A,6/7/2017,79,Single
6212017HBA2,OTU680,GS,97.2,BOLD:AAF9008,Animalia,Arthropoda,Insecta,Diptera,Limoniidae,Helius,Helius flavipes,68,6/21/2017,HickoryBottoms,A,6/7/2017,79,Single
6212017HBA2,OTU696,GS,97.8,BOLD:ABY1337,Animalia,Arthropoda,Insecta,Hemiptera,Miridae,Phytocoris,NA,25,6/21/2017,HickoryBottoms,A,6/7/2017,79,Single
6212017HBA2,OTU717,GSL,100,BOLD:ABZ7359,Animalia,Arthropoda,Insecta,Lepidoptera,Erebidae,Halysidota,NA,28,6/21/2017,HickoryBottoms,A,6/7/2017,79,Single
6212017HBA2,OTU772,US,0.9249,BOLD:ACE1732,Animalia,Arthropoda,Insecta,Diptera,NA,NA,NA,49,6/21/2017,HickoryBottoms,A,6/7/2017,79,Single
6212017HBA2,OTU907,SS,0.01,BOLD:AAO3940,Animalia,Arthropoda,Insecta,Diptera,Limoniidae,Rhipidia,NA,4,6/21/2017,HickoryBottoms,A,6/7/2017,79,Single
6212017HBA2,OTU954,SS,0.17,BOLD:ACW3280,Animalia,Arthropoda,Insecta,Diptera,NA,NA,NA,36,6/21/2017,HickoryBottoms,A,6/7/2017,79,Single
6212017HBA2,OTU976,GS,97.2,BOLD:AAA5872,Animalia,Arthropoda,Insecta,Lepidoptera,Gelechiidae,Chionodes,Chionodes mediofuscella,44,6/21/2017,HickoryBottoms,A,6/7/2017,79,Single
6212017HBA2,OTU1040,SS,0.14,BOLD:AAU6662,Animalia,Arthropoda,Insecta,Diptera,NA,NA,NA,137,6/21/2017,HickoryBottoms,A,6/7/2017,79,Single
6212017HBA2,OTU1065,GS,100,BOLD:AAL7359,Animalia,Arthropoda,Insecta,Diptera,Chironomidae,Tanytarsus,NA,1,6/21/2017,HickoryBottoms,A,6/7/2017,79,Single
6212017HBA2,OTU1080,GS,100,BOLD:AAB9450,Animalia,Arthropoda,Insecta,Lepidoptera,NA,NA,NA,4,6/21/2017,HickoryBottoms,A,6/7/2017,79,Single
6212017HBA2,OTU1097,GS,97.2,BOLD:AAN5451,Animalia,Arthropoda,Arachnida,Araneae,Araneidae,Eustala,NA,117,6/21/2017,HickoryBottoms,A,6/7/2017,79,Single
6212017HBA2,OTU1128,GS,100,BOLD:ABW2675,Animalia,Arthropoda,Insecta,Diptera,Tipulidae,Brachypremna,NA,7,6/21/2017,HickoryBottoms,A,6/7/2017,79,Single
6212017HBA2,OTU1317,SS,0.01,BOLD:AAN5451,Animalia,Arthropoda,Arachnida,Araneae,Araneidae,Eustala,NA,42,6/21/2017,HickoryBottoms,A,6/7/2017,79,Single
6212017HBA2,OTU1350,GS,97.2,BOLD:AAA7067,Animalia,Arthropoda,Insecta,Diptera,Culicidae,Aedes,Aedes vexans,9,6/21/2017,HickoryBottoms,A,6/7/2017,79,Single
6212017HBA2,OTU1351,SS,0.94,BOLD:AAB7030,Animalia,Arthropoda,Insecta,Diptera,Chironomidae,Chironomus,Chironomus decorus,117,6/21/2017,HickoryBottoms,A,6/7/2017,79,Single
6212017HBA2,OTU1401,SS,0.78,BOLD:AAF9008,Animalia,Arthropoda,Insecta,Diptera,NA,NA,NA,3,6/21/2017,HickoryBottoms,A,6/7/2017,79,Single
6212017HBA2,OTU1469,SS,0.21,BOLD:ACU1514,Animalia,Arthropoda,Insecta,Diptera,NA,NA,NA,2,6/21/2017,HickoryBottoms,A,6/7/2017,79,Single
6212017HBA2,OTU1482,SS,0.87,BOLD:AAF9008,Animalia,Arthropoda,Insecta,Diptera,Limoniidae,Helius,Helius flavipes,14,6/21/2017,HickoryBottoms,A,6/7/2017,79,Single
6212017HBA2,OTU1522,SS,0.57,BOLD:AAF9008,Animalia,Arthropoda,Insecta,Diptera,NA,NA,NA,2,6/21/2017,HickoryBottoms,A,6/7/2017,79,Single
6212017HBA2,OTU1596,GS,98.3,BOLD:ACK5954,Animalia,Arthropoda,Insecta,Hemiptera,Miridae,Reuteria,Reuteria bifurcata,3,6/21/2017,HickoryBottoms,A,6/7/2017,79,Single
6212017HBA2,OTU1656,US,0.9715,BOLD:AAD6798,Animalia,Arthropoda,Insecta,Diptera,NA,NA,NA,1,6/21/2017,HickoryBottoms,A,6/7/2017,79,Single
6212017HBA2,OTU1664,SS,0.26,BOLD:AAF9008,Animalia,Arthropoda,Insecta,Diptera,NA,NA,NA,18,6/21/2017,HickoryBottoms,A,6/7/2017,79,Single
6212017HBA2,OTU1679,GS,100,BOLD:AAA9175,Animalia,Arthropoda,Insecta,Lepidoptera,Gelechiidae,Aristotelia,Aristotelia rubidella,25,6/21/2017,HickoryBottoms,A,6/7/2017,79,Single
6212017HBA2,OTU1705,SS,0.26,BOLD:ADH4973,Animalia,Arthropoda,Insecta,Diptera,NA,NA,NA,1,6/21/2017,HickoryBottoms,A,6/7/2017,79,Single
6212017HBA2,OTU1719,GS,97.2,BOLD:AAG0149,Animalia,Arthropoda,Insecta,Lepidoptera,NA,NA,NA,8,6/21/2017,HickoryBottoms,A,6/7/2017,79,Single
6212017HBA2,OTU1733,US,0.9715,BOLD:AAU6662,Animalia,Arthropoda,Insecta,Diptera,NA,NA,NA,44,6/21/2017,HickoryBottoms,A,6/7/2017,79,Single
6212017HBA2,OTU1748,SS,0.6,BOLD:ACF8409,Animalia,Arthropoda,Insecta,Diptera,NA,NA,NA,2,6/21/2017,HickoryBottoms,A,6/7/2017,79,Single
6212017HBA2,OTU1863,SS,0.07,BOLD:ACD1241,Animalia,Arthropoda,Insecta,Diptera,Cecidomyiidae,NA,NA,3,6/21/2017,HickoryBottoms,A,6/7/2017,79,Single
6212017HBA2,OTU1904,GS,100,BOLD:ACV0710,Animalia,Arthropoda,Insecta,Lepidoptera,Tineidae,Homosetia,NA,2,6/21/2017,HickoryBottoms,A,6/7/2017,79,Single
6212017HBA2,OTU1910,SS,0.87,BOLD:ABZ0908,Animalia,Arthropoda,Insecta,Diptera,Tipulidae,Nephrotoma,Nephrotoma ferruginea,8,6/21/2017,HickoryBottoms,A,6/7/2017,79,Single
6212017HBA3,OTU5,GS,99.4,BOLD:AAN5451,Animalia,Arthropoda,Arachnida,Araneae,Araneidae,Eustala,NA,5139,6/21/2017,HickoryBottoms,A,6/7/2017,79,Single
6212017HBA3,OTU9,US,0.7924,BOLD:AAG8502,Animalia,Arthropoda,Insecta,NA,NA,NA,NA,565,6/21/2017,HickoryBottoms,A,6/7/2017,79,Single
6212017HBA3,OTU14,GS,99.4,BOLD:AAO3940,Animalia,Arthropoda,Insecta,Diptera,Limoniidae,Rhipidia,NA,374,6/21/2017,HickoryBottoms,A,6/7/2017,79,Single
6212017HBA3,OTU16,GS,100,BOLD:AAA7067,Animalia,Arthropoda,Insecta,Diptera,Culicidae,Aedes,Aedes vexans,2082,6/21/2017,HickoryBottoms,A,6/7/2017,79,Single
6212017HBA3,OTU17,GS,100,BOLD:AAB3702,Animalia,Arthropoda,Insecta,Trichoptera,Hydropsychidae,Potamyia,Potamyia flava,326,6/21/2017,HickoryBottoms,A,6/7/2017,79,Single
6212017HBA3,OTU21,GS,100,BOLD:ACR3763,Animalia,Arthropoda,Insecta,Coleoptera,Ptilodactylidae,Ptilodactyla,Ptilodactyla serricollis,166,6/21/2017,HickoryBottoms,A,6/7/2017,79,Single
6212017HBA3,OTU34,GS,100,BOLD:AAM6211,Animalia,Arthropoda,Insecta,Diptera,Chironomidae,Glyptotendipes,NA,63,6/21/2017,HickoryBottoms,A,6/7/2017,79,Single
6212017HBA3,OTU67,GS,100,BOLD:AAO3948,Animalia,Arthropoda,Insecta,Diptera,Tipulidae,Nephrotoma,Nephrotoma macrocera,237,6/21/2017,HickoryBottoms,A,6/7/2017,79,Single
6212017HBA3,OTU68,GS,100,BOLD:AAB7030,Animalia,Arthropoda,Insecta,Diptera,Chironomidae,Chironomus,Chironomus decorus,709,6/21/2017,HickoryBottoms,A,6/7/2017,79,Single
6212017HBA3,OTU71,GSL,100,BOLD:AAA7661,Animalia,Arthropoda,Insecta,Diptera,Culicidae,NA,NA,965,6/21/2017,HickoryBottoms,A,6/7/2017,79,Single
6212017HBA3,OTU112,US,0,BOLD:ACZ0204,Animalia,Arthropoda,Insecta,Hymenoptera,NA,NA,NA,9200,6/21/2017,HickoryBottoms,A,6/7/2017,79,Single
6212017HBA3,OTU115,GS,100,BOLD:AAA4942,Animalia,Arthropoda,Arachnida,Araneae,Tetragnathidae,Tetragnatha,Tetragnatha elongata,36,6/21/2017,HickoryBottoms,A,6/7/2017,79,Single
6212017HBA3,OTU129,GS,100,BOLD:AAG2647,Animalia,Arthropoda,Insecta,Diptera,Chaoboridae,Chaoborus,Chaoborus punctipennis,229,6/21/2017,HickoryBottoms,A,6/7/2017,79,Single
6212017HBA3,OTU147,GS,100,BOLD:AAA4056,Animalia,Arthropoda,Insecta,Lepidoptera,Geometridae,Hypagyrtis,Hypagyrtis piniata,23,6/21/2017,HickoryBottoms,A,6/7/2017,79,Single
6212017HBA3,OTU187,GS,99.4,BOLD:ACK7939,Animalia,Arthropoda,Insecta,Hymenoptera,Braconidae,Hymenochaonia,NA,3883,6/21/2017,HickoryBottoms,A,6/7/2017,79,Single
6212017HBA3,OTU215,GS,100,BOLD:AAA2490,Animalia,Arthropoda,Insecta,Lepidoptera,Crambidae,Palpita,Palpita magniferalis,97,6/21/2017,HickoryBottoms,A,6/7/2017,79,Single
6212017HBA3,OTU258,GS,100,BOLD:ACA7555,Animalia,Arthropoda,Insecta,Diptera,Chironomidae,NA,NA,7,6/21/2017,HickoryBottoms,A,6/7/2017,79,Single
6212017HBA3,OTU350,GS,99.4,BOLD:AAL7361,Animalia,Arthropoda,Insecta,Diptera,Chironomidae,Procladius,NA,16,6/21/2017,HickoryBottoms,A,6/7/2017,79,Single
6212017HBA3,OTU365,GS,99.4,BOLD:AAU8554,Animalia,Arthropoda,Insecta,Hymenoptera,Ichneumonidae,NA,NA,5,6/21/2017,HickoryBottoms,A,6/7/2017,79,Single
6212017HBA3,OTU454,GS,97.8,BOLD:AAM6294,Animalia,Arthropoda,Insecta,Diptera,Chaoboridae,Chaoborus,NA,1234,6/21/2017,HickoryBottoms,A,6/7/2017,79,Single
6212017HBA3,OTU517,US,0,None,Animalia,Arthropoda,Insecta,Diptera,NA,NA,NA,86,6/21/2017,HickoryBottoms,A,6/7/2017,79,Single
6212017HBA3,OTU557,GS,98.3,BOLD:AAO7609,Animalia,Arthropoda,Insecta,Diptera,NA,NA,NA,11,6/21/2017,HickoryBottoms,A,6/7/2017,79,Single
6212017HBA3,OTU588,GS,100,BOLD:AAC9435,Animalia,Arthropoda,Insecta,Lepidoptera,Glyphipterigidae,Acrolepiopsis,Acrolepiopsis incertella,461,6/21/2017,HickoryBottoms,A,6/7/2017,79,Single
6212017HBA3,OTU636,GS,99.4,BOLD:AAM6230,Animalia,Arthropoda,Insecta,Diptera,Chironomidae,Chironomus,NA,13,6/21/2017,HickoryBottoms,A,6/7/2017,79,Single
6212017HBA3,OTU685,SS,0.6,BOLD:ACR2991,Animalia,Arthropoda,Insecta,NA,NA,NA,NA,10,6/21/2017,HickoryBottoms,A,6/7/2017,79,Single
6212017HBA3,OTU702,SS,0.87,BOLD:AAN6304,Animalia,Arthropoda,Arachnida,Araneae,Araneidae,Araneus,Araneus guttulatus,1,6/21/2017,HickoryBottoms,A,6/7/2017,79,Single
6212017HBA3,OTU978,SS,0.71,BOLD:AAG5479,Animalia,Arthropoda,Insecta,Diptera,Chironomidae,NA,NA,2,6/21/2017,HickoryBottoms,A,6/7/2017,79,Single
6212017HBA3,OTU1040,SS,0.14,BOLD:AAU6662,Animalia,Arthropoda,Insecta,Diptera,NA,NA,NA,12,6/21/2017,HickoryBottoms,A,6/7/2017,79,Single
6212017HBA3,OTU1097,GS,97.2,BOLD:AAN5451,Animalia,Arthropoda,Arachnida,Araneae,Araneidae,Eustala,NA,131,6/21/2017,HickoryBottoms,A,6/7/2017,79,Single
6212017HBA3,OTU1100,GS,97,BOLD:AAF9064,Animalia,Arthropoda,Insecta,Diptera,Limoniidae,Elephantomyia,Elephantomyia westwoodi,77,6/21/2017,HickoryBottoms,A,6/7/2017,79,Single
6212017HBA3,OTU1317,SS,0.01,BOLD:AAN5451,Animalia,Arthropoda,Arachnida,Araneae,Araneidae,Eustala,NA,22,6/21/2017,HickoryBottoms,A,6/7/2017,79,Single
6212017HBA3,OTU1350,GS,97.2,BOLD:AAA7067,Animalia,Arthropoda,Insecta,Diptera,Culicidae,Aedes,Aedes vexans,19,6/21/2017,HickoryBottoms,A,6/7/2017,79,Single
6212017HBA3,OTU1351,SS,0.94,BOLD:AAB7030,Animalia,Arthropoda,Insecta,Diptera,Chironomidae,Chironomus,Chironomus decorus,99,6/21/2017,HickoryBottoms,A,6/7/2017,79,Single
6212017HBA3,OTU1474,SS,0.16,None,Animalia,Arthropoda,Insecta,Hymenoptera,NA,NA,NA,27,6/21/2017,HickoryBottoms,A,6/7/2017,79,Single
6212017HBA3,OTU1588,GS,97.7,BOLD:AAM6294,Animalia,Arthropoda,Insecta,Diptera,Chaoboridae,Chaoborus,NA,154,6/21/2017,HickoryBottoms,A,6/7/2017,79,Single
6212017HBA3,OTU1748,SS,0.6,BOLD:ACF8409,Animalia,Arthropoda,Insecta,Diptera,NA,NA,NA,8,6/21/2017,HickoryBottoms,A,6/7/2017,79,Single
6212017HBA3,OTU1917,GS,100,BOLD:AAV5282,Animalia,Arthropoda,Arachnida,Araneae,Thomisidae,Ozyptila,Ozyptila americana,16,6/21/2017,HickoryBottoms,A,6/7/2017,79,Single
6212017HBA4,OTU1,US,0.0026,BOLD:AAD6798,Animalia,Arthropoda,Insecta,Diptera,NA,NA,NA,213,6/21/2017,HickoryBottoms,A,6/7/2017,79,Single
6212017HBA4,OTU5,GS,99.4,BOLD:AAN5451,Animalia,Arthropoda,Arachnida,Araneae,Araneidae,Eustala,NA,711,6/21/2017,HickoryBottoms,A,6/7/2017,79,Single
6212017HBA4,OTU7,GS,100,BOLD:AAF4632,Animalia,Arthropoda,Insecta,Diptera,Limoniidae,Epiphragma,Epiphragma solatrix,1014,6/21/2017,HickoryBottoms,A,6/7/2017,79,Single
6212017HBA4,OTU11,GS,99.4,BOLD:AAG3848,Animalia,Arthropoda,Insecta,Diptera,Culicidae,Culex,Culex erraticus,2587,6/21/2017,HickoryBottoms,A,6/7/2017,79,Single
6212017HBA4,OTU14,GS,99.4,BOLD:AAO3940,Animalia,Arthropoda,Insecta,Diptera,Limoniidae,Rhipidia,NA,4708,6/21/2017,HickoryBottoms,A,6/7/2017,79,Single
6212017HBA4,OTU16,GS,100,BOLD:AAA7067,Animalia,Arthropoda,Insecta,Diptera,Culicidae,Aedes,Aedes vexans,8359,6/21/2017,HickoryBottoms,A,6/7/2017,79,Single
6212017HBA4,OTU28,GS,100,BOLD:AAM6784,Animalia,Arthropoda,Insecta,Diptera,Dolichopodidae,NA,NA,682,6/21/2017,HickoryBottoms,A,6/7/2017,79,Single
6212017HBA4,OTU33,GS,100,BOLD:AAB8714,Animalia,Arthropoda,Arachnida,Araneae,Tetragnathidae,Leucauge,Leucauge venusta,2542,6/21/2017,HickoryBottoms,A,6/7/2017,79,Single
6212017HBA4,OTU57,GS,100,BOLD:AAI1618,Animalia,Arthropoda,Insecta,Diptera,Culicidae,Coquillettidia,Coquillettidia perturbans,121,6/21/2017,HickoryBottoms,A,6/7/2017,79,Single
6212017HBA4,OTU68,GS,100,BOLD:AAB7030,Animalia,Arthropoda,Insecta,Diptera,Chironomidae,Chironomus,Chironomus decorus,2794,6/21/2017,HickoryBottoms,A,6/7/2017,79,Single
6212017HBA4,OTU71,GSL,100,BOLD:AAA7661,Animalia,Arthropoda,Insecta,Diptera,Culicidae,NA,NA,429,6/21/2017,HickoryBottoms,A,6/7/2017,79,Single
6212017HBA4,OTU87,US,0,BOLD:ABY2339,Animalia,Arthropoda,Insecta,Diptera,NA,NA,NA,96,6/21/2017,HickoryBottoms,A,6/7/2017,79,Single
6212017HBA4,OTU101,US,0.2887,None,Animalia,Arthropoda,Insecta,Hemiptera,NA,NA,NA,257,6/21/2017,HickoryBottoms,A,6/7/2017,79,Single
6212017HBA4,OTU118,US,1,None,Animalia,Arthropoda,Arachnida,Mesostigmata,NA,NA,NA,37,6/21/2017,HickoryBottoms,A,6/7/2017,79,Single
6212017HBA4,OTU122,GS,99.4,BOLD:AAC5568,Animalia,Arthropoda,Insecta,Lepidoptera,Tortricidae,Gypsonoma,Gypsonoma salicicolana,5544,6/21/2017,HickoryBottoms,A,6/7/2017,79,Single
6212017HBA4,OTU132,US,1,None,Animalia,Arthropoda,Hexanauplia,Harpacticoida,NA,NA,NA,68,6/21/2017,HickoryBottoms,A,6/7/2017,79,Single
6212017HBA4,OTU144,GS,100,BOLD:AAN6304,Animalia,Arthropoda,Arachnida,Araneae,Araneidae,Araneus,Araneus guttulatus,918,6/21/2017,HickoryBottoms,A,6/7/2017,79,Single
6212017HBA4,OTU169,GS,97.2,BOLD:AAO2061,Animalia,Arthropoda,Insecta,Blattodea,Ectobiidae,Parcoblatta,NA,126,6/21/2017,HickoryBottoms,A,6/7/2017,79,Single
6212017HBA4,OTU190,GS,100,BOLD:ABY7666,Animalia,Arthropoda,Insecta,Diptera,Culicidae,Culex,Culex territans,505,6/21/2017,HickoryBottoms,A,6/7/2017,79,Single
6212017HBA4,OTU198,GS,99.4,BOLD:ABZ1242,Animalia,Arthropoda,Insecta,Diptera,Chironomidae,NA,NA,75,6/21/2017,HickoryBottoms,A,6/7/2017,79,Single
6212017HBA4,OTU204,GS,98.9,BOLD:AAK7682,Animalia,Arthropoda,Arachnida,Araneae,Araneidae,Mangora,Mangora maculata,39,6/21/2017,HickoryBottoms,A,6/7/2017,79,Single
6212017HBA4,OTU211,GS,99.4,BOLD:ACA5630,Animalia,Arthropoda,Insecta,Coleoptera,Ptinidae,NA,NA,56,6/21/2017,HickoryBottoms,A,6/7/2017,79,Single
6212017HBA4,OTU214,GS,99.4,BOLD:AAW6795,Animalia,Arthropoda,Insecta,Diptera,NA,NA,NA,445,6/21/2017,HickoryBottoms,A,6/7/2017,79,Single
6212017HBA4,OTU216,GS,100,BOLD:AAG5659,Animalia,Arthropoda,Arachnida,Araneae,Tetragnathidae,Tetragnatha,Tetragnatha viridis,1098,6/21/2017,HickoryBottoms,A,6/7/2017,79,Single
6212017HBA4,OTU219,GS,100,BOLD:AAD1855,Animalia,Arthropoda,Insecta,Lepidoptera,Tortricidae,Episimus,Episimus tyrius,16,6/21/2017,HickoryBottoms,A,6/7/2017,79,Single
6212017HBA4,OTU300,GS,100,BOLD:AAA8310,Animalia,Arthropoda,Insecta,Lepidoptera,Crambidae,Anageshna,Anageshna primordialis,286,6/21/2017,HickoryBottoms,A,6/7/2017,79,Single
6212017HBA4,OTU315,GS,100,BOLD:ACC4707,Animalia,Arthropoda,Insecta,Diptera,Culicidae,Psorophora,Psorophora ferox,1771,6/21/2017,HickoryBottoms,A,6/7/2017,79,Single
6212017HBA4,OTU323,GS,98.9,BOLD:AAA5103,Animalia,Arthropoda,Insecta,Diptera,Culicidae,Anopheles,Anopheles crucians,25,6/21/2017,HickoryBottoms,A,6/7/2017,79,Single
6212017HBA4,OTU369,SS,0.79,BOLD:ACS7984,Animalia,Arthropoda,Insecta,Hemiptera,NA,NA,NA,34,6/21/2017,HickoryBottoms,A,6/7/2017,79,Single
6212017HBA4,OTU500,GS,99.4,BOLD:AAG8583,Animalia,Arthropoda,Insecta,Lepidoptera,Blastobasidae,Pigritia,Pigritia fidella,24,6/21/2017,HickoryBottoms,A,6/7/2017,79,Single
6212017HBA4,OTU517,US,0,None,Animalia,Arthropoda,Insecta,Diptera,NA,NA,NA,86,6/21/2017,HickoryBottoms,A,6/7/2017,79,Single
6212017HBA4,OTU541,US,0.9919,BOLD:AAJ2923,Animalia,Arthropoda,Insecta,Hemiptera,NA,NA,NA,37,6/21/2017,HickoryBottoms,A,6/7/2017,79,Single
6212017HBA4,OTU550,SS,0.63,BOLD:AAZ2096,Animalia,Arthropoda,Insecta,Hemiptera,NA,NA,NA,32,6/21/2017,HickoryBottoms,A,6/7/2017,79,Single
6212017HBA4,OTU580,GS,98.3,BOLD:ABZ0908,Animalia,Arthropoda,Insecta,Diptera,Tipulidae,Nephrotoma,Nephrotoma ferruginea,11,6/21/2017,HickoryBottoms,A,6/7/2017,79,Single
6212017HBA4,OTU587,GS,100,BOLD:AAN6371,Animalia,Arthropoda,Arachnida,Araneae,Theridiidae,Wamba,Wamba crispulus,26,6/21/2017,HickoryBottoms,A,6/7/2017,79,Single
6212017HBA4,OTU642,GS,100,BOLD:AAM7778,Animalia,Arthropoda,Insecta,Coleoptera,Hydrophilidae,Enochrus,Enochrus ochraceus,18,6/21/2017,HickoryBottoms,A,6/7/2017,79,Single
6212017HBA4,OTU688,GS,97.8,BOLD:ACC0381,Animalia,Arthropoda,Insecta,Hemiptera,Miridae,Tropidosteptes,NA,81,6/21/2017,HickoryBottoms,A,6/7/2017,79,Single
6212017HBA4,OTU698,GS,99.4,BOLD:ACY2331,Animalia,Arthropoda,Insecta,Diptera,Stratiomyidae,NA,NA,23,6/21/2017,HickoryBottoms,A,6/7/2017,79,Single
6212017HBA4,OTU702,SS,0.87,BOLD:AAN6304,Animalia,Arthropoda,Arachnida,Araneae,Araneidae,Araneus,Araneus guttulatus,157,6/21/2017,HickoryBottoms,A,6/7/2017,79,Single
6212017HBA4,OTU723,GS,100,BOLD:AAG5453,Animalia,Arthropoda,Insecta,Diptera,Chironomidae,Chironomus,Chironomus bifurcatus,29,6/21/2017,HickoryBottoms,A,6/7/2017,79,Single
6212017HBA4,OTU771,US,0.2833,BOLD:ACN7840,Animalia,Arthropoda,Arachnida,Araneae,NA,NA,NA,3,6/21/2017,HickoryBottoms,A,6/7/2017,79,Single
6212017HBA4,OTU848,GS,100,BOLD:AAD5417,Animalia,Arthropoda,Arachnida,Araneae,Clubionidae,Clubiona,Clubiona obesa,9,6/21/2017,HickoryBottoms,A,6/7/2017,79,Single
6212017HBA4,OTU854,US,0.9715,BOLD:ACN7368,Animalia,Arthropoda,Insecta,Diptera,NA,NA,NA,11,6/21/2017,HickoryBottoms,A,6/7/2017,79,Single
6212017HBA4,OTU907,SS,0.01,BOLD:AAO3940,Animalia,Arthropoda,Insecta,Diptera,Limoniidae,Rhipidia,NA,5,6/21/2017,HickoryBottoms,A,6/7/2017,79,Single
6212017HBA4,OTU934,GS,100,BOLD:AAK0004,Animalia,Arthropoda,Arachnida,Araneae,Araneidae,Verrucosa,Verrucosa arenata,2,6/21/2017,HickoryBottoms,A,6/7/2017,79,Single
6212017HBA4,OTU935,SS,0.01,BOLD:AAO3940,Animalia,Arthropoda,Insecta,Diptera,Limoniidae,Rhipidia,NA,10,6/21/2017,HickoryBottoms,A,6/7/2017,79,Single
6212017HBA4,OTU965,GS,99.4,BOLD:ABW2933,Animalia,Arthropoda,Insecta,Hemiptera,Phylloxeridae,NA,NA,5,6/21/2017,HickoryBottoms,A,6/7/2017,79,Single
6212017HBA4,OTU1067,GS,99.4,BOLD:AAD1612,Animalia,Arthropoda,Insecta,Lepidoptera,Tortricidae,Rhyacionia,Rhyacionia frustrana,130,6/21/2017,HickoryBottoms,A,6/7/2017,79,Single
6212017HBA4,OTU1085,GS,98.9,BOLD:ACZ3313,Animalia,Arthropoda,Insecta,Coleoptera,Ptilodactylidae,Ptilodactyla,Ptilodactyla carinata,89,6/21/2017,HickoryBottoms,A,6/7/2017,79,Single
6212017HBA4,OTU1097,GS,97.2,BOLD:AAN5451,Animalia,Arthropoda,Arachnida,Araneae,Araneidae,Eustala,NA,39,6/21/2017,HickoryBottoms,A,6/7/2017,79,Single
6212017HBA4,OTU1167,US,0.9859,BOLD:ACH2408,Animalia,Arthropoda,Insecta,Diptera,NA,NA,NA,65,6/21/2017,HickoryBottoms,A,6/7/2017,79,Single
6212017HBA4,OTU1188,US,1,None,Animalia,Arthropoda,Insecta,Diptera,NA,NA,NA,19,6/21/2017,HickoryBottoms,A,6/7/2017,79,Single
6212017HBA4,OTU1210,GS,97.2,BOLD:AAF4632,Animalia,Arthropoda,Insecta,Diptera,Limoniidae,Epiphragma,Epiphragma solatrix,54,6/21/2017,HickoryBottoms,A,6/7/2017,79,Single
6212017HBA4,OTU1212,SS,0.52,BOLD:ABX7282,Animalia,Arthropoda,Insecta,Hemiptera,NA,NA,NA,3,6/21/2017,HickoryBottoms,A,6/7/2017,79,Single
6212017HBA4,OTU1265,SS,0.83,BOLD:AAF4632,Animalia,Arthropoda,Insecta,Diptera,Limoniidae,Epiphragma,Epiphragma solatrix,7,6/21/2017,HickoryBottoms,A,6/7/2017,79,Single
6212017HBA4,OTU1271,GS,100,BOLD:AAP3004,Animalia,Arthropoda,Insecta,Diptera,Chironomidae,Chironomus,Chironomus staegeri,20,6/21/2017,HickoryBottoms,A,6/7/2017,79,Single
6212017HBA4,OTU1317,SS,0.01,BOLD:AAN5451,Animalia,Arthropoda,Arachnida,Araneae,Araneidae,Eustala,NA,9,6/21/2017,HickoryBottoms,A,6/7/2017,79,Single
6212017HBA4,OTU1350,GS,97.2,BOLD:AAA7067,Animalia,Arthropoda,Insecta,Diptera,Culicidae,Aedes,Aedes vexans,401,6/21/2017,HickoryBottoms,A,6/7/2017,79,Single
6212017HBA4,OTU1351,SS,0.94,BOLD:AAB7030,Animalia,Arthropoda,Insecta,Diptera,Chironomidae,Chironomus,Chironomus decorus,325,6/21/2017,HickoryBottoms,A,6/7/2017,79,Single
6212017HBA4,OTU1361,GS,100,BOLD:AAC0584,Animalia,Arthropoda,Insecta,Diptera,Culicidae,Anopheles,Anopheles punctipennis,1,6/21/2017,HickoryBottoms,A,6/7/2017,79,Single
6212017HBA4,OTU1368,GS,97.2,BOLD:ABU6554,Animalia,Arthropoda,Insecta,Diptera,NA,NA,NA,3,6/21/2017,HickoryBottoms,A,6/7/2017,79,Single
6212017HBA4,OTU1402,SS,0.35,BOLD:AAG9690,Animalia,Arthropoda,Insecta,Diptera,Dolichopodidae,NA,NA,13,6/21/2017,HickoryBottoms,A,6/7/2017,79,Single
6212017HBA4,OTU1406,GS,99.4,BOLD:AAM6196,Animalia,Arthropoda,Insecta,Diptera,Ceratopogonidae,Palpomyia,NA,40,6/21/2017,HickoryBottoms,A,6/7/2017,79,Single
6212017HBA4,OTU1409,GS,98.3,BOLD:AAE7788,Animalia,Arthropoda,Insecta,Diptera,Culicidae,Culex,Culex salinarius,192,6/21/2017,HickoryBottoms,A,6/7/2017,79,Single
6212017HBA4,OTU1434,GS,97.6,BOLD:AAA7067,Animalia,Arthropoda,Insecta,Diptera,Culicidae,Aedes,Aedes vexans,15,6/21/2017,HickoryBottoms,A,6/7/2017,79,Single
6212017HBA4,OTU1497,SS,0.97,BOLD:AAI1618,Animalia,Arthropoda,Insecta,Diptera,Culicidae,Coquillettidia,Coquillettidia perturbans,20,6/21/2017,HickoryBottoms,A,6/7/2017,79,Single
6212017HBA4,OTU1683,SS,0.84,BOLD:AAF4632,Animalia,Arthropoda,Insecta,Diptera,Limoniidae,Epiphragma,Epiphragma solatrix,10,6/21/2017,HickoryBottoms,A,6/7/2017,79,Single
6212017HBA4,OTU1689,US,0.9546,BOLD:AAP2005,Animalia,Arthropoda,Insecta,Lepidoptera,NA,NA,NA,9,6/21/2017,HickoryBottoms,A,6/7/2017,79,Single
6212017HBA4,OTU1748,SS,0.6,BOLD:ACF8409,Animalia,Arthropoda,Insecta,Diptera,NA,NA,NA,1,6/21/2017,HickoryBottoms,A,6/7/2017,79,Single
6212017HBA4,OTU1756,SS,0.97,BOLD:AAG3848,Animalia,Arthropoda,Insecta,Diptera,Culicidae,Culex,Culex erraticus,1,6/21/2017,HickoryBottoms,A,6/7/2017,79,Single
6212017HBA4,OTU1800,US,0.3913,None,Animalia,Arthropoda,Insecta,Diptera,NA,NA,NA,4,6/21/2017,HickoryBottoms,A,6/7/2017,79,Single
6212017HBA4,OTU1859,US,0,BOLD:ACU5036,Animalia,Arthropoda,Insecta,Diptera,NA,NA,NA,2,6/21/2017,HickoryBottoms,A,6/7/2017,79,Single
6212017HBA4,OTU1871,SS,0.85,BOLD:AAG3848,Animalia,Arthropoda,Insecta,Diptera,Culicidae,Culex,Culex erraticus,14,6/21/2017,HickoryBottoms,A,6/7/2017,79,Single
6212017HBA5,OTU5,GS,99.4,BOLD:AAN5451,Animalia,Arthropoda,Arachnida,Araneae,Araneidae,Eustala,NA,1833,6/21/2017,HickoryBottoms,A,6/7/2017,79,Single
6212017HBA5,OTU7,GS,100,BOLD:AAF4632,Animalia,Arthropoda,Insecta,Diptera,Limoniidae,Epiphragma,Epiphragma solatrix,1089,6/21/2017,HickoryBottoms,A,6/7/2017,79,Single
6212017HBA5,OTU16,GS,100,BOLD:AAA7067,Animalia,Arthropoda,Insecta,Diptera,Culicidae,Aedes,Aedes vexans,313,6/21/2017,HickoryBottoms,A,6/7/2017,79,Single
6212017HBA5,OTU57,GS,100,BOLD:AAI1618,Animalia,Arthropoda,Insecta,Diptera,Culicidae,Coquillettidia,Coquillettidia perturbans,475,6/21/2017,HickoryBottoms,A,6/7/2017,79,Single
6212017HBA5,OTU61,GS,99.4,BOLD:ABV1681,Animalia,Arthropoda,Insecta,Diptera,Tachinidae,Lixophaga,NA,22296,6/21/2017,HickoryBottoms,A,6/7/2017,79,Single
6212017HBA5,OTU67,GS,100,BOLD:AAO3948,Animalia,Arthropoda,Insecta,Diptera,Tipulidae,Nephrotoma,Nephrotoma macrocera,35,6/21/2017,HickoryBottoms,A,6/7/2017,79,Single
6212017HBA5,OTU68,GS,100,BOLD:AAB7030,Animalia,Arthropoda,Insecta,Diptera,Chironomidae,Chironomus,Chironomus decorus,96,6/21/2017,HickoryBottoms,A,6/7/2017,79,Single
6212017HBA5,OTU149,GS,99.4,BOLD:AAH4942,Animalia,Arthropoda,Insecta,Lepidoptera,Gelechiidae,Dichomeris,NA,9,6/21/2017,HickoryBottoms,A,6/7/2017,79,Single
6212017HBA5,OTU185,GS,100,BOLD:AAA7667,Animalia,Arthropoda,Insecta,Lepidoptera,Tortricidae,Acleris,Acleris chalybeana,103,6/21/2017,HickoryBottoms,A,6/7/2017,79,Single
6212017HBA5,OTU190,GS,100,BOLD:ABY7666,Animalia,Arthropoda,Insecta,Diptera,Culicidae,Culex,Culex territans,8,6/21/2017,HickoryBottoms,A,6/7/2017,79,Single
6212017HBA5,OTU196,GS,99.4,BOLD:ACE4102,Animalia,Arthropoda,Arachnida,Araneae,Araneidae,Mangora,Mangora placida,57,6/21/2017,HickoryBottoms,A,6/7/2017,79,Single
6212017HBA5,OTU198,GS,99.4,BOLD:ABZ1242,Animalia,Arthropoda,Insecta,Diptera,Chironomidae,NA,NA,18,6/21/2017,HickoryBottoms,A,6/7/2017,79,Single
6212017HBA5,OTU213,GS,100,BOLD:AAD4936,Animalia,Arthropoda,Insecta,Lepidoptera,Gracillariidae,Caloptilia,Caloptilia sassafrasella,14,6/21/2017,HickoryBottoms,A,6/7/2017,79,Single
6212017HBA5,OTU244,GS,100,BOLD:AAB1096,Animalia,Arthropoda,Insecta,Lepidoptera,Blastobasidae,Blastobasis,Blastobasis glandulella,16,6/21/2017,HickoryBottoms,A,6/7/2017,79,Single
6212017HBA5,OTU272,GS,100,BOLD:AAJ3819,Animalia,Arthropoda,Insecta,Diptera,Clusiidae,Sobarocephala,Sobarocephala setipes,3,6/21/2017,HickoryBottoms,A,6/7/2017,79,Single
6212017HBA5,OTU391,GS,100,BOLD:AAI2836,Animalia,Arthropoda,Arachnida,Araneae,Philodromidae,Philodromus,Philodromus keyserlingi,192,6/21/2017,HickoryBottoms,A,6/7/2017,79,Single
6212017HBA5,OTU440,GS,98.3,BOLD:AAG4950,Animalia,Arthropoda,Insecta,Diptera,Keroplatidae,NA,NA,17,6/21/2017,HickoryBottoms,A,6/7/2017,79,Single
6212017HBA5,OTU464,GS,99.4,BOLD:AAA8103,Animalia,Arthropoda,Insecta,Lepidoptera,Depressariidae,Antaeotricha,Antaeotricha leucillana,3,6/21/2017,HickoryBottoms,A,6/7/2017,79,Single
6212017HBA5,OTU637,US,0.9934,BOLD:AAH6851,Animalia,Arthropoda,Insecta,Coleoptera,NA,NA,NA,64,6/21/2017,HickoryBottoms,A,6/7/2017,79,Single
6212017HBA5,OTU645,GS,100,BOLD:AAG8824,Animalia,Arthropoda,Insecta,Hemiptera,Miridae,Hyaliodes,Hyaliodes harti,2,6/21/2017,HickoryBottoms,A,6/7/2017,79,Single
6212017HBA5,OTU737,GS,100,BOLD:AAG3822,Animalia,Arthropoda,Arachnida,Araneae,Anyphaenidae,Anyphaena,NA,5,6/21/2017,HickoryBottoms,A,6/7/2017,79,Single
6212017HBA5,OTU875,GS,100,BOLD:AAP2599,Animalia,Arthropoda,Insecta,Lepidoptera,NA,NA,NA,2,6/21/2017,HickoryBottoms,A,6/7/2017,79,Single
6212017HBA5,OTU953,GS,100,BOLD:ABW2530,Animalia,Arthropoda,Insecta,Diptera,Tabanidae,NA,NA,2,6/21/2017,HickoryBottoms,A,6/7/2017,79,Single
6212017HBA5,OTU978,SS,0.71,BOLD:AAG5479,Animalia,Arthropoda,Insecta,Diptera,Chironomidae,NA,NA,3,6/21/2017,HickoryBottoms,A,6/7/2017,79,Single
6212017HBA5,OTU1074,GS,98.3,BOLD:ACI4905,Animalia,Arthropoda,Insecta,Hemiptera,Miridae,Pilophorus,Pilophorus setiger,2,6/21/2017,HickoryBottoms,A,6/7/2017,79,Single
6212017HBA5,OTU1097,GS,97.2,BOLD:AAN5451,Animalia,Arthropoda,Arachnida,Araneae,Araneidae,Eustala,NA,89,6/21/2017,HickoryBottoms,A,6/7/2017,79,Single
6212017HBA5,OTU1102,SS,0.23,BOLD:ACX4343,Animalia,Arthropoda,Insecta,Coleoptera,NA,NA,NA,62,6/21/2017,HickoryBottoms,A,6/7/2017,79,Single
6212017HBA5,OTU1167,US,0.9859,BOLD:ACH2408,Animalia,Arthropoda,Insecta,Diptera,NA,NA,NA,2,6/21/2017,HickoryBottoms,A,6/7/2017,79,Single
6212017HBA5,OTU1196,GS,100,BOLD:ACI5114,Animalia,Arthropoda,Insecta,Diptera,Cecidomyiidae,NA,NA,60,6/21/2017,HickoryBottoms,A,6/7/2017,79,Single
6212017HBA5,OTU1242,GS,98.9,BOLD:AAW9539,Animalia,Arthropoda,Insecta,Diptera,Culicidae,Orthopodomyia,Orthopodomyia signifera,337,6/21/2017,HickoryBottoms,A,6/7/2017,79,Single
6212017HBA5,OTU1271,GS,100,BOLD:AAP3004,Animalia,Arthropoda,Insecta,Diptera,Chironomidae,Chironomus,Chironomus staegeri,5,6/21/2017,HickoryBottoms,A,6/7/2017,79,Single
6212017HBA5,OTU1317,SS,0.01,BOLD:AAN5451,Animalia,Arthropoda,Arachnida,Araneae,Araneidae,Eustala,NA,2,6/21/2017,HickoryBottoms,A,6/7/2017,79,Single
6212017HBA5,OTU1351,SS,0.94,BOLD:AAB7030,Animalia,Arthropoda,Insecta,Diptera,Chironomidae,Chironomus,Chironomus decorus,12,6/21/2017,HickoryBottoms,A,6/7/2017,79,Single
6212017HBA5,OTU1371,GS,100,BOLD:ACB0854,Animalia,Arthropoda,Insecta,Coleoptera,Ptilodactylidae,NA,NA,2,6/21/2017,HickoryBottoms,A,6/7/2017,79,Single
6212017HBA5,OTU1374,GS,98.9,BOLD:AAI6345,Animalia,Arthropoda,Insecta,Diptera,NA,NA,NA,65,6/21/2017,HickoryBottoms,A,6/7/2017,79,Single
6212017HBA5,OTU1396,GS,98.9,BOLD:ACL6866,Animalia,Arthropoda,Insecta,Diptera,Xylomyidae,Solva,NA,63,6/21/2017,HickoryBottoms,A,6/7/2017,79,Single
6212017HBA5,OTU1399,SS,0.28,BOLD:AAX9373,Animalia,Arthropoda,Insecta,Diptera,NA,NA,NA,2,6/21/2017,HickoryBottoms,A,6/7/2017,79,Single
6212017HBA5,OTU1504,SS,0.08,BOLD:ACB5181,Animalia,Arthropoda,Insecta,Diptera,NA,NA,NA,29,6/21/2017,HickoryBottoms,A,6/7/2017,79,Single
6212017HBA5,OTU1818,GS,97.9,BOLD:AAF4632,Animalia,Arthropoda,Insecta,Diptera,Limoniidae,Epiphragma,Epiphragma solatrix,1,6/21/2017,HickoryBottoms,A,6/7/2017,79,Single
6212017HBA5,OTU1825,SS,0.11,BOLD:AAK6678,Animalia,Arthropoda,Insecta,Diptera,NA,NA,NA,41,6/21/2017,HickoryBottoms,A,6/7/2017,79,Single
6212017HBA5,OTU1834,SS,0.74,BOLD:AAF4632,Animalia,Arthropoda,Insecta,Diptera,NA,NA,NA,2,6/21/2017,HickoryBottoms,A,6/7/2017,79,Single
6212017HBA5,OTU1841,SS,0.83,BOLD:AAB2539,Animalia,Arthropoda,Insecta,Diptera,Culicidae,Coquillettidia,Coquillettidia perturbans,5,6/21/2017,HickoryBottoms,A,6/7/2017,79,Single
6212017HBA5,OTU1869,SS,0.67,BOLD:AAF4632,Animalia,Arthropoda,Insecta,Diptera,NA,NA,NA,127,6/21/2017,HickoryBottoms,A,6/7/2017,79,Single
6212017HBA6,OTU3,GS,100,BOLD:AAP2734,Animalia,Arthropoda,Insecta,Diptera,Limoniidae,Erioptera,Erioptera parva,687,6/21/2017,HickoryBottoms,A,6/7/2017,79,Single
6212017HBA6,OTU4,GS,100,BOLD:AAN5882,Animalia,Arthropoda,Insecta,Diptera,Limoniidae,Erioptera,Erioptera caliptera,213,6/21/2017,HickoryBottoms,A,6/7/2017,79,Single
6212017HBA6,OTU5,GS,99.4,BOLD:AAN5451,Animalia,Arthropoda,Arachnida,Araneae,Araneidae,Eustala,NA,584,6/21/2017,HickoryBottoms,A,6/7/2017,79,Single
6212017HBA6,OTU7,GS,100,BOLD:AAF4632,Animalia,Arthropoda,Insecta,Diptera,Limoniidae,Epiphragma,Epiphragma solatrix,3811,6/21/2017,HickoryBottoms,A,6/7/2017,79,Single
6212017HBA6,OTU13,GS,100,BOLD:ABV1771,Animalia,Arthropoda,Insecta,Diptera,Limoniidae,NA,NA,1358,6/21/2017,HickoryBottoms,A,6/7/2017,79,Single
6212017HBA6,OTU14,GS,99.4,BOLD:AAO3940,Animalia,Arthropoda,Insecta,Diptera,Limoniidae,Rhipidia,NA,425,6/21/2017,HickoryBottoms,A,6/7/2017,79,Single
6212017HBA6,OTU16,GS,100,BOLD:AAA7067,Animalia,Arthropoda,Insecta,Diptera,Culicidae,Aedes,Aedes vexans,1547,6/21/2017,HickoryBottoms,A,6/7/2017,79,Single
6212017HBA6,OTU18,GS,100,BOLD:ABY8739,Animalia,Arthropoda,Insecta,Diptera,Tabanidae,NA,NA,592,6/21/2017,HickoryBottoms,A,6/7/2017,79,Single
6212017HBA6,OTU23,GS,100,BOLD:AAF9008,Animalia,Arthropoda,Insecta,Diptera,Limoniidae,Helius,Helius flavipes,1622,6/21/2017,HickoryBottoms,A,6/7/2017,79,Single
6212017HBA6,OTU31,GS,100,BOLD:AAM6212,Animalia,Arthropoda,Insecta,Diptera,Chironomidae,Axarus,Axarus festivus,367,6/21/2017,HickoryBottoms,A,6/7/2017,79,Single
6212017HBA6,OTU33,GS,100,BOLD:AAB8714,Animalia,Arthropoda,Arachnida,Araneae,Tetragnathidae,Leucauge,Leucauge venusta,227,6/21/2017,HickoryBottoms,A,6/7/2017,79,Single
6212017HBA6,OTU35,GS,100,BOLD:ABW4215,Animalia,Arthropoda,Insecta,Diptera,Chironomidae,Glyptotendipes,Glyptotendipes meridionalis,122,6/21/2017,HickoryBottoms,A,6/7/2017,79,Single
6212017HBA6,OTU57,GS,100,BOLD:AAI1618,Animalia,Arthropoda,Insecta,Diptera,Culicidae,Coquillettidia,Coquillettidia perturbans,12974,6/21/2017,HickoryBottoms,A,6/7/2017,79,Single
6212017HBA6,OTU68,GS,100,BOLD:AAB7030,Animalia,Arthropoda,Insecta,Diptera,Chironomidae,Chironomus,Chironomus decorus,105,6/21/2017,HickoryBottoms,A,6/7/2017,79,Single
6212017HBA6,OTU70,GS,100,BOLD:ABY9168,Animalia,Arthropoda,Insecta,Lepidoptera,Tortricidae,Clepsis,Clepsis peritana,79,6/21/2017,HickoryBottoms,A,6/7/2017,79,Single
6212017HBA6,OTU93,GS,99.4,BOLD:AAM4329,Animalia,Arthropoda,Insecta,Hemiptera,Cimicidae,Cimex,Cimex adjunctus,1500,6/21/2017,HickoryBottoms,A,6/7/2017,79,Single
6212017HBA6,OTU117,GS,100,BOLD:AAH5449,Animalia,Arthropoda,Insecta,Lepidoptera,Tineidae,Acrolophus,Acrolophus propinqua,124,6/21/2017,HickoryBottoms,A,6/7/2017,79,Single
6212017HBA6,OTU129,GS,100,BOLD:AAG2647,Animalia,Arthropoda,Insecta,Diptera,Chaoboridae,Chaoborus,Chaoborus punctipennis,3867,6/21/2017,HickoryBottoms,A,6/7/2017,79,Single
6212017HBA6,OTU150,GS,100,BOLD:AAA7272,Animalia,Arthropoda,Arachnida,Araneae,Dictynidae,Emblyna,Emblyna sublata,169,6/21/2017,HickoryBottoms,A,6/7/2017,79,Single
6212017HBA6,OTU169,GS,97.2,BOLD:AAO2061,Animalia,Arthropoda,Insecta,Blattodea,Ectobiidae,Parcoblatta,NA,321,6/21/2017,HickoryBottoms,A,6/7/2017,79,Single
6212017HBA6,OTU174,GS,97.2,BOLD:AAD2010,Animalia,Arthropoda,Insecta,Lepidoptera,Tineidae,Acrolophus,Acrolophus propinqua,124,6/21/2017,HickoryBottoms,A,6/7/2017,79,Single
6212017HBA6,OTU190,GS,100,BOLD:ABY7666,Animalia,Arthropoda,Insecta,Diptera,Culicidae,Culex,Culex territans,32,6/21/2017,HickoryBottoms,A,6/7/2017,79,Single
6212017HBA6,OTU209,GS,100,BOLD:AAF9019,Animalia,Arthropoda,Insecta,Diptera,NA,NA,NA,180,6/21/2017,HickoryBottoms,A,6/7/2017,79,Single
6212017HBA6,OTU214,GS,99.4,BOLD:AAW6795,Animalia,Arthropoda,Insecta,Diptera,NA,NA,NA,307,6/21/2017,HickoryBottoms,A,6/7/2017,79,Single
6212017HBA6,OTU216,GS,100,BOLD:AAG5659,Animalia,Arthropoda,Arachnida,Araneae,Tetragnathidae,Tetragnatha,Tetragnatha viridis,172,6/21/2017,HickoryBottoms,A,6/7/2017,79,Single
6212017HBA6,OTU265,GS,100,BOLD:AAQ3192,Animalia,Arthropoda,Insecta,Lepidoptera,Dryadaulidae,Dryadaula,NA,601,6/21/2017,HickoryBottoms,A,6/7/2017,79,Single
6212017HBA6,OTU276,SS,0.44,BOLD:ACE7334,Animalia,Arthropoda,Insecta,Diptera,NA,NA,NA,114,6/21/2017,HickoryBottoms,A,6/7/2017,79,Single
6212017HBA6,OTU290,GS,100,BOLD:AAE4427,Animalia,Arthropoda,Insecta,Lepidoptera,Tineidae,Xylesthia,Xylesthia pruniramiella,101,6/21/2017,HickoryBottoms,A,6/7/2017,79,Single
6212017HBA6,OTU298,GS,100,BOLD:ACB8970,Animalia,Arthropoda,Insecta,Lepidoptera,Cosmopterigidae,NA,NA,27,6/21/2017,HickoryBottoms,A,6/7/2017,79,Single
6212017HBA6,OTU304,GS,100,BOLD:AAD6122,Animalia,Arthropoda,Insecta,Diptera,NA,NA,NA,267,6/21/2017,HickoryBottoms,A,6/7/2017,79,Single
6212017HBA6,OTU317,GS,99.4,BOLD:ACA8818,Animalia,Arthropoda,Insecta,Hemiptera,Derbidae,Patara,Patara vanduzeei,103,6/21/2017,HickoryBottoms,A,6/7/2017,79,Single
6212017HBA6,OTU409,US,0.9916,BOLD:ACS0084,Animalia,Arthropoda,Insecta,Hemiptera,NA,NA,NA,7,6/21/2017,HickoryBottoms,A,6/7/2017,79,Single
6212017HBA6,OTU440,GS,98.3,BOLD:AAG4950,Animalia,Arthropoda,Insecta,Diptera,Keroplatidae,NA,NA,36,6/21/2017,HickoryBottoms,A,6/7/2017,79,Single
6212017HBA6,OTU442,GS,97.2,BOLD:ABU6554,Animalia,Arthropoda,Insecta,Diptera,NA,NA,NA,111,6/21/2017,HickoryBottoms,A,6/7/2017,79,Single
6212017HBA6,OTU454,GS,97.8,BOLD:AAM6294,Animalia,Arthropoda,Insecta,Diptera,Chaoboridae,Chaoborus,NA,878,6/21/2017,HickoryBottoms,A,6/7/2017,79,Single
6212017HBA6,OTU475,US,0.9249,BOLD:ACE7334,Animalia,Arthropoda,Insecta,Diptera,NA,NA,NA,27,6/21/2017,HickoryBottoms,A,6/7/2017,79,Single
6212017HBA6,OTU524,GS,100,BOLD:AAD2126,Animalia,Arthropoda,Insecta,Lepidoptera,Psychidae,Thyridopteryx,Thyridopteryx ephemeraeformis,89,6/21/2017,HickoryBottoms,A,6/7/2017,79,Single
6212017HBA6,OTU573,GS,98.9,BOLD:AAB8921,Animalia,Arthropoda,Insecta,Lepidoptera,Zygaenidae,Harrisina,Harrisina americana,3,6/21/2017,HickoryBottoms,A,6/7/2017,79,Single
6212017HBA6,OTU594,SS,0.18,BOLD:ABY8739,Animalia,Arthropoda,Insecta,Diptera,Tabanidae,NA,NA,2,6/21/2017,HickoryBottoms,A,6/7/2017,79,Single
6212017HBA6,OTU614,GS,97.9,BOLD:AAC8291,Animalia,Arthropoda,Insecta,Diptera,Tabanidae,Chrysops,Chrysops montanus,6,6/21/2017,HickoryBottoms,A,6/7/2017,79,Single
6212017HBA6,OTU624,GS,100,BOLD:AAP4712,Animalia,Arthropoda,Insecta,Diptera,Psychodidae,NA,NA,1,6/21/2017,HickoryBottoms,A,6/7/2017,79,Single
6212017HBA6,OTU635,GS,97.2,BOLD:AAN5882,Animalia,Arthropoda,Insecta,Diptera,Limoniidae,Erioptera,Erioptera caliptera,16,6/21/2017,HickoryBottoms,A,6/7/2017,79,Single
6212017HBA6,OTU738,GS,99.4,BOLD:AAC9476,Animalia,Arthropoda,Insecta,Diptera,Culicidae,Aedes,Aedes triseriatus,114,6/21/2017,HickoryBottoms,A,6/7/2017,79,Single
6212017HBA6,OTU792,GS,100,BOLD:AAF8979,Animalia,Arthropoda,Insecta,Diptera,Limoniidae,Metalimnobia,Metalimnobia novaeangliae,268,6/21/2017,HickoryBottoms,A,6/7/2017,79,Single
6212017HBA6,OTU861,SS,0.32,BOLD:AAG8269,Animalia,Arthropoda,Insecta,Diptera,NA,NA,NA,9,6/21/2017,HickoryBottoms,A,6/7/2017,79,Single
6212017HBA6,OTU964,GS,98.2,BOLD:AAG5460,Animalia,Arthropoda,Insecta,Diptera,Chironomidae,NA,NA,12,6/21/2017,HickoryBottoms,A,6/7/2017,79,Single
6212017HBA6,OTU1079,GS,100,BOLD:AAI9091,Animalia,Arthropoda,Insecta,Diptera,Drosophilidae,Drosophila,Drosophila tripunctata,2,6/21/2017,HickoryBottoms,A,6/7/2017,79,Single
6212017HBA6,OTU1210,GS,97.2,BOLD:AAF4632,Animalia,Arthropoda,Insecta,Diptera,Limoniidae,Epiphragma,Epiphragma solatrix,17,6/21/2017,HickoryBottoms,A,6/7/2017,79,Single
6212017HBA6,OTU1265,SS,0.83,BOLD:AAF4632,Animalia,Arthropoda,Insecta,Diptera,Limoniidae,Epiphragma,Epiphragma solatrix,38,6/21/2017,HickoryBottoms,A,6/7/2017,79,Single
6212017HBA6,OTU1293,GS,100,BOLD:AAG8605,Animalia,Arthropoda,Insecta,Lepidoptera,Gelechiidae,Monochroa,NA,13,6/21/2017,HickoryBottoms,A,6/7/2017,79,Single
6212017HBA6,OTU1350,GS,97.2,BOLD:AAA7067,Animalia,Arthropoda,Insecta,Diptera,Culicidae,Aedes,Aedes vexans,130,6/21/2017,HickoryBottoms,A,6/7/2017,79,Single
6212017HBA6,OTU1351,SS,0.94,BOLD:AAB7030,Animalia,Arthropoda,Insecta,Diptera,Chironomidae,Chironomus,Chironomus decorus,31,6/21/2017,HickoryBottoms,A,6/7/2017,79,Single
6212017HBA6,OTU1401,SS,0.78,BOLD:AAF9008,Animalia,Arthropoda,Insecta,Diptera,NA,NA,NA,1,6/21/2017,HickoryBottoms,A,6/7/2017,79,Single
6212017HBA6,OTU1403,SS,0.36,BOLD:ACV0130,Animalia,Arthropoda,Insecta,Diptera,NA,NA,NA,12,6/21/2017,HickoryBottoms,A,6/7/2017,79,Single
6212017HBA6,OTU1434,GS,97.6,BOLD:AAA7067,Animalia,Arthropoda,Insecta,Diptera,Culicidae,Aedes,Aedes vexans,5,6/21/2017,HickoryBottoms,A,6/7/2017,79,Single
6212017HBA6,OTU1494,US,0.8732,BOLD:AAF4632,Animalia,Arthropoda,Insecta,Diptera,NA,NA,NA,1,6/21/2017,HickoryBottoms,A,6/7/2017,79,Single
6212017HBA6,OTU1497,SS,0.97,BOLD:AAI1618,Animalia,Arthropoda,Insecta,Diptera,Culicidae,Coquillettidia,Coquillettidia perturbans,338,6/21/2017,HickoryBottoms,A,6/7/2017,79,Single
6212017HBA6,OTU1522,SS,0.57,BOLD:AAF9008,Animalia,Arthropoda,Insecta,Diptera,NA,NA,NA,10,6/21/2017,HickoryBottoms,A,6/7/2017,79,Single
6212017HBA6,OTU1554,SS,0.92,BOLD:AAP2734,Animalia,Arthropoda,Insecta,Diptera,Limoniidae,Erioptera,Erioptera parva,15,6/21/2017,HickoryBottoms,A,6/7/2017,79,Single
6212017HBA6,OTU1588,GS,97.7,BOLD:AAM6294,Animalia,Arthropoda,Insecta,Diptera,Chaoboridae,Chaoborus,NA,59,6/21/2017,HickoryBottoms,A,6/7/2017,79,Single
6212017HBA6,OTU1664,SS,0.26,BOLD:AAF9008,Animalia,Arthropoda,Insecta,Diptera,NA,NA,NA,4,6/21/2017,HickoryBottoms,A,6/7/2017,79,Single
6212017HBA6,OTU1683,SS,0.84,BOLD:AAF4632,Animalia,Arthropoda,Insecta,Diptera,Limoniidae,Epiphragma,Epiphragma solatrix,375,6/21/2017,HickoryBottoms,A,6/7/2017,79,Single
6212017HBA6,OTU1722,GS,97.8,BOLD:AAB8920,Animalia,Arthropoda,Insecta,Lepidoptera,Zygaenidae,Harrisina,Harrisina americana,45,6/21/2017,HickoryBottoms,A,6/7/2017,79,Single
6212017HBA6,OTU1740,SS,0.75,BOLD:ABV1771,Animalia,Arthropoda,Insecta,Diptera,NA,NA,NA,2,6/21/2017,HickoryBottoms,A,6/7/2017,79,Single
6212017HBA6,OTU1748,SS,0.6,BOLD:ACF8409,Animalia,Arthropoda,Insecta,Diptera,NA,NA,NA,1,6/21/2017,HickoryBottoms,A,6/7/2017,79,Single
6212017HBA6,OTU1773,SS,0.56,BOLD:AAO2061,Animalia,Arthropoda,Insecta,Blattodea,Ectobiidae,Parcoblatta,NA,14,6/21/2017,HickoryBottoms,A,6/7/2017,79,Single
6212017HBA6,OTU1783,SS,0.16,BOLD:AAO3962,Animalia,Arthropoda,Insecta,Diptera,NA,NA,NA,20,6/21/2017,HickoryBottoms,A,6/7/2017,79,Single
6212017HBA6,OTU1816,GS,97.8,BOLD:ACZ2272,Animalia,Arthropoda,Arachnida,Araneae,Dictynidae,Emblyna,Emblyna completoides,16,6/21/2017,HickoryBottoms,A,6/7/2017,79,Single
6212017HBA6,OTU1818,GS,97.9,BOLD:AAF4632,Animalia,Arthropoda,Insecta,Diptera,Limoniidae,Epiphragma,Epiphragma solatrix,1,6/21/2017,HickoryBottoms,A,6/7/2017,79,Single
6212017HBA6,OTU1841,SS,0.83,BOLD:AAB2539,Animalia,Arthropoda,Insecta,Diptera,Culicidae,Coquillettidia,Coquillettidia perturbans,17,6/21/2017,HickoryBottoms,A,6/7/2017,79,Single
6212017HBA6,OTU1856,SS,0.28,BOLD:AAF9018,Animalia,Arthropoda,Insecta,Diptera,NA,NA,NA,5,6/21/2017,HickoryBottoms,A,6/7/2017,79,Single
6212017HBA6,OTU1875,SS,0.92,BOLD:AAI1618,Animalia,Arthropoda,Insecta,Diptera,Culicidae,Coquillettidia,Coquillettidia perturbans,47,6/21/2017,HickoryBottoms,A,6/7/2017,79,Single
6212017HBA6,OTU1878,SS,0.78,BOLD:ABW4215,Animalia,Arthropoda,Insecta,Diptera,NA,NA,NA,2,6/21/2017,HickoryBottoms,A,6/7/2017,79,Single
6212017HBA6,OTU1907,GS,98.9,BOLD:ACC7193,Animalia,Arthropoda,Insecta,Coleoptera,Melandryidae,Phloiotrya,Phloiotrya fusca,33,6/21/2017,HickoryBottoms,A,6/7/2017,79,Single
6212017HBA7,OTU1,US,0.0026,BOLD:AAD6798,Animalia,Arthropoda,Insecta,Diptera,NA,NA,NA,272,6/21/2017,HickoryBottoms,A,6/7/2017,79,Single
6212017HBA7,OTU3,GS,100,BOLD:AAP2734,Animalia,Arthropoda,Insecta,Diptera,Limoniidae,Erioptera,Erioptera parva,412,6/21/2017,HickoryBottoms,A,6/7/2017,79,Single
6212017HBA7,OTU5,GS,99.4,BOLD:AAN5451,Animalia,Arthropoda,Arachnida,Araneae,Araneidae,Eustala,NA,7593,6/21/2017,HickoryBottoms,A,6/7/2017,79,Single
6212017HBA7,OTU13,GS,100,BOLD:ABV1771,Animalia,Arthropoda,Insecta,Diptera,Limoniidae,NA,NA,488,6/21/2017,HickoryBottoms,A,6/7/2017,79,Single
6212017HBA7,OTU14,GS,99.4,BOLD:AAO3940,Animalia,Arthropoda,Insecta,Diptera,Limoniidae,Rhipidia,NA,4105,6/21/2017,HickoryBottoms,A,6/7/2017,79,Single
6212017HBA7,OTU15,GS,100,BOLD:ABZ0908,Animalia,Arthropoda,Insecta,Diptera,Tipulidae,Nephrotoma,Nephrotoma ferruginea,301,6/21/2017,HickoryBottoms,A,6/7/2017,79,Single
6212017HBA7,OTU16,GS,100,BOLD:AAA7067,Animalia,Arthropoda,Insecta,Diptera,Culicidae,Aedes,Aedes vexans,4233,6/21/2017,HickoryBottoms,A,6/7/2017,79,Single
6212017HBA7,OTU17,GS,100,BOLD:AAB3702,Animalia,Arthropoda,Insecta,Trichoptera,Hydropsychidae,Potamyia,Potamyia flava,150,6/21/2017,HickoryBottoms,A,6/7/2017,79,Single
6212017HBA7,OTU68,GS,100,BOLD:AAB7030,Animalia,Arthropoda,Insecta,Diptera,Chironomidae,Chironomus,Chironomus decorus,533,6/21/2017,HickoryBottoms,A,6/7/2017,79,Single
6212017HBA7,OTU70,GS,100,BOLD:ABY9168,Animalia,Arthropoda,Insecta,Lepidoptera,Tortricidae,Clepsis,Clepsis peritana,122,6/21/2017,HickoryBottoms,A,6/7/2017,79,Single
6212017HBA7,OTU71,GSL,100,BOLD:AAA7661,Animalia,Arthropoda,Insecta,Diptera,Culicidae,NA,NA,333,6/21/2017,HickoryBottoms,A,6/7/2017,79,Single
6212017HBA7,OTU80,US,1,BOLD:ACK1206,Animalia,Arthropoda,Insecta,Neuroptera,NA,NA,NA,10483,6/21/2017,HickoryBottoms,A,6/7/2017,79,Single
6212017HBA7,OTU87,US,0,BOLD:ABY2339,Animalia,Arthropoda,Insecta,Diptera,NA,NA,NA,16,6/21/2017,HickoryBottoms,A,6/7/2017,79,Single
6212017HBA7,OTU120,GS,100,BOLD:AAV3042,Animalia,Arthropoda,Arachnida,Araneae,Theridiidae,Theridion,Theridion albidum,94,6/21/2017,HickoryBottoms,A,6/7/2017,79,Single
6212017HBA7,OTU144,GS,100,BOLD:AAN6304,Animalia,Arthropoda,Arachnida,Araneae,Araneidae,Araneus,Araneus guttulatus,4227,6/21/2017,HickoryBottoms,A,6/7/2017,79,Single
6212017HBA7,OTU149,GS,99.4,BOLD:AAH4942,Animalia,Arthropoda,Insecta,Lepidoptera,Gelechiidae,Dichomeris,NA,126,6/21/2017,HickoryBottoms,A,6/7/2017,79,Single
6212017HBA7,OTU167,GS,100,BOLD:ACA7651,Animalia,Arthropoda,Insecta,Hymenoptera,Ichneumonidae,NA,NA,3666,6/21/2017,HickoryBottoms,A,6/7/2017,79,Single
6212017HBA7,OTU190,GS,100,BOLD:ABY7666,Animalia,Arthropoda,Insecta,Diptera,Culicidae,Culex,Culex territans,168,6/21/2017,HickoryBottoms,A,6/7/2017,79,Single
6212017HBA7,OTU198,GS,99.4,BOLD:ABZ1242,Animalia,Arthropoda,Insecta,Diptera,Chironomidae,NA,NA,58,6/21/2017,HickoryBottoms,A,6/7/2017,79,Single
6212017HBA7,OTU214,GS,99.4,BOLD:AAW6795,Animalia,Arthropoda,Insecta,Diptera,NA,NA,NA,240,6/21/2017,HickoryBottoms,A,6/7/2017,79,Single
6212017HBA7,OTU215,GS,100,BOLD:AAA2490,Animalia,Arthropoda,Insecta,Lepidoptera,Crambidae,Palpita,Palpita magniferalis,40,6/21/2017,HickoryBottoms,A,6/7/2017,79,Single
6212017HBA7,OTU272,GS,100,BOLD:AAJ3819,Animalia,Arthropoda,Insecta,Diptera,Clusiidae,Sobarocephala,Sobarocephala setipes,275,6/21/2017,HickoryBottoms,A,6/7/2017,79,Single
6212017HBA7,OTU322,GS,100,BOLD:AAC2499,Animalia,Arthropoda,Insecta,Diptera,Drosophilidae,Drosophila,Drosophila suzukii,102,6/21/2017,HickoryBottoms,A,6/7/2017,79,Single
6212017HBA7,OTU331,GS,100,BOLD:AAB7933,Animalia,Arthropoda,Arachnida,Araneae,Araneidae,Eustala,Eustala anastera,90,6/21/2017,HickoryBottoms,A,6/7/2017,79,Single
6212017HBA7,OTU447,US,0.9916,BOLD:AAW5176,Animalia,Arthropoda,Arachnida,Araneae,NA,NA,NA,3,6/21/2017,HickoryBottoms,A,6/7/2017,79,Single
6212017HBA7,OTU527,GS,100,BOLD:ABX0334,Animalia,Arthropoda,Insecta,Hemiptera,Miridae,Tropidosteptes,Tropidosteptes amoenus,5,6/21/2017,HickoryBottoms,A,6/7/2017,79,Single
6212017HBA7,OTU549,GS,100,BOLD:AAM8604,Animalia,Arthropoda,Insecta,Lepidoptera,NA,NA,NA,14,6/21/2017,HickoryBottoms,A,6/7/2017,79,Single
6212017HBA7,OTU554,SS,0.58,BOLD:ABY1337,Animalia,Arthropoda,Insecta,Hemiptera,Miridae,NA,NA,86,6/21/2017,HickoryBottoms,A,6/7/2017,79,Single
6212017HBA7,OTU580,GS,98.3,BOLD:ABZ0908,Animalia,Arthropoda,Insecta,Diptera,Tipulidae,Nephrotoma,Nephrotoma ferruginea,10,6/21/2017,HickoryBottoms,A,6/7/2017,79,Single
6212017HBA7,OTU587,GS,100,BOLD:AAN6371,Animalia,Arthropoda,Arachnida,Araneae,Theridiidae,Wamba,Wamba crispulus,513,6/21/2017,HickoryBottoms,A,6/7/2017,79,Single
6212017HBA7,OTU602,GS,100,BOLD:AAG4911,Animalia,Arthropoda,Insecta,Diptera,NA,NA,NA,357,6/21/2017,HickoryBottoms,A,6/7/2017,79,Single
6212017HBA7,OTU655,SS,0.61,BOLD:AAA3776,Animalia,Arthropoda,Insecta,Diptera,NA,NA,NA,25,6/21/2017,HickoryBottoms,A,6/7/2017,79,Single
6212017HBA7,OTU661,SS,0.27,BOLD:ABV9305,Animalia,Arthropoda,Insecta,Diptera,NA,NA,NA,7,6/21/2017,HickoryBottoms,A,6/7/2017,79,Single
6212017HBA7,OTU696,GS,97.8,BOLD:ABY1337,Animalia,Arthropoda,Insecta,Hemiptera,Miridae,Phytocoris,NA,54,6/21/2017,HickoryBottoms,A,6/7/2017,79,Single
6212017HBA7,OTU715,SS,0.71,BOLD:ABZ0908,Animalia,Arthropoda,Insecta,Diptera,NA,NA,NA,32,6/21/2017,HickoryBottoms,A,6/7/2017,79,Single
6212017HBA7,OTU798,SS,0.6,BOLD:AAO3940,Animalia,Arthropoda,Insecta,Diptera,NA,NA,NA,5,6/21/2017,HickoryBottoms,A,6/7/2017,79,Single
6212017HBA7,OTU856,GS,99.4,BOLD:AAD3799,Animalia,Arthropoda,Insecta,Lepidoptera,Tineidae,Hybroma,Hybroma servulella,14,6/21/2017,HickoryBottoms,A,6/7/2017,79,Single
6212017HBA7,OTU900,GS,100,BOLD:AAN6333,Animalia,Arthropoda,Arachnida,Araneae,Theridiidae,Theridion,Theridion albidum,9,6/21/2017,HickoryBottoms,A,6/7/2017,79,Single
6212017HBA7,OTU923,GS,100,BOLD:AAN5931,Animalia,Arthropoda,Insecta,Coleoptera,Scirtidae,Cyphon,NA,3,6/21/2017,HickoryBottoms,A,6/7/2017,79,Single
6212017HBA7,OTU935,SS,0.01,BOLD:AAO3940,Animalia,Arthropoda,Insecta,Diptera,Limoniidae,Rhipidia,NA,9,6/21/2017,HickoryBottoms,A,6/7/2017,79,Single
6212017HBA7,OTU954,SS,0.17,BOLD:ACW3280,Animalia,Arthropoda,Insecta,Diptera,NA,NA,NA,6,6/21/2017,HickoryBottoms,A,6/7/2017,79,Single
6212017HBA7,OTU964,GS,98.2,BOLD:AAG5460,Animalia,Arthropoda,Insecta,Diptera,Chironomidae,NA,NA,1,6/21/2017,HickoryBottoms,A,6/7/2017,79,Single
6212017HBA7,OTU1034,US,7e-04,BOLD:AAI5631,Animalia,Arthropoda,Insecta,Mecoptera,NA,NA,NA,19,6/21/2017,HickoryBottoms,A,6/7/2017,79,Single
6212017HBA7,OTU1053,US,1,BOLD:ACI5356,Animalia,Arthropoda,Insecta,Diptera,NA,NA,NA,4,6/21/2017,HickoryBottoms,A,6/7/2017,79,Single
6212017HBA7,OTU1079,GS,100,BOLD:AAI9091,Animalia,Arthropoda,Insecta,Diptera,Drosophilidae,Drosophila,Drosophila tripunctata,7,6/21/2017,HickoryBottoms,A,6/7/2017,79,Single
6212017HBA7,OTU1097,GS,97.2,BOLD:AAN5451,Animalia,Arthropoda,Arachnida,Araneae,Araneidae,Eustala,NA,529,6/21/2017,HickoryBottoms,A,6/7/2017,79,Single
6212017HBA7,OTU1144,US,0,BOLD:AAL5466,Animalia,Arthropoda,Insecta,Diptera,NA,NA,NA,1,6/21/2017,HickoryBottoms,A,6/7/2017,79,Single
6212017HBA7,OTU1317,SS,0.01,BOLD:AAN5451,Animalia,Arthropoda,Arachnida,Araneae,Araneidae,Eustala,NA,30,6/21/2017,HickoryBottoms,A,6/7/2017,79,Single
6212017HBA7,OTU1350,GS,97.2,BOLD:AAA7067,Animalia,Arthropoda,Insecta,Diptera,Culicidae,Aedes,Aedes vexans,32,6/21/2017,HickoryBottoms,A,6/7/2017,79,Single
6212017HBA7,OTU1351,SS,0.94,BOLD:AAB7030,Animalia,Arthropoda,Insecta,Diptera,Chironomidae,Chironomus,Chironomus decorus,50,6/21/2017,HickoryBottoms,A,6/7/2017,79,Single
6212017HBA7,OTU1434,GS,97.6,BOLD:AAA7067,Animalia,Arthropoda,Insecta,Diptera,Culicidae,Aedes,Aedes vexans,3,6/21/2017,HickoryBottoms,A,6/7/2017,79,Single
6212017HBA7,OTU1456,US,0.9936,BOLD:ABW8929,Animalia,Arthropoda,Maxillopoda,Cyclopoida,NA,NA,NA,27,6/21/2017,HickoryBottoms,A,6/7/2017,79,Single
6212017HBA7,OTU1580,GS,100,BOLD:AAN6197,Animalia,Arthropoda,Insecta,Coleoptera,Carabidae,Bembidion,Bembidion impotens,21,6/21/2017,HickoryBottoms,A,6/7/2017,79,Single
6212017HBA7,OTU1665,GS,100,BOLD:AAG4933,Animalia,Arthropoda,Insecta,Diptera,Keroplatidae,NA,NA,27,6/21/2017,HickoryBottoms,A,6/7/2017,79,Single
6212017HBA7,OTU1676,US,0,BOLD:AAU6656,Animalia,Arthropoda,Insecta,Diptera,NA,NA,NA,214,6/21/2017,HickoryBottoms,A,6/7/2017,79,Single
6212017HBA7,OTU1748,SS,0.6,BOLD:ACF8409,Animalia,Arthropoda,Insecta,Diptera,NA,NA,NA,1,6/21/2017,HickoryBottoms,A,6/7/2017,79,Single
6212017HBA7,OTU1749,SS,0.19,BOLD:AAJ3819,Animalia,Arthropoda,Insecta,Diptera,NA,NA,NA,2,6/21/2017,HickoryBottoms,A,6/7/2017,79,Single
6212017HBA7,OTU1782,US,0.9249,BOLD:AAO3940,Animalia,Arthropoda,Insecta,Diptera,NA,NA,NA,1,6/21/2017,HickoryBottoms,A,6/7/2017,79,Single
6212017HBA7,OTU1786,US,0,None,Animalia,Arthropoda,Insecta,Hymenoptera,NA,NA,NA,4,6/21/2017,HickoryBottoms,A,6/7/2017,79,Single
6212017HBA7,OTU1800,US,0.3913,None,Animalia,Arthropoda,Insecta,Diptera,NA,NA,NA,1,6/21/2017,HickoryBottoms,A,6/7/2017,79,Single
6212017HBA7,OTU1807,GS,99.4,BOLD:AAE4971,Animalia,Arthropoda,Insecta,Lepidoptera,NA,NA,NA,4,6/21/2017,HickoryBottoms,A,6/7/2017,79,Single
6212017HBA7,OTU1905,US,0.9249,BOLD:AAN6371,Animalia,Arthropoda,Arachnida,Araneae,NA,NA,NA,16,6/21/2017,HickoryBottoms,A,6/7/2017,79,Single
6212017HBA8,OTU1,US,0.0026,BOLD:AAD6798,Animalia,Arthropoda,Insecta,Diptera,NA,NA,NA,415,6/21/2017,HickoryBottoms,A,6/7/2017,79,Single
6212017HBA8,OTU5,GS,99.4,BOLD:AAN5451,Animalia,Arthropoda,Arachnida,Araneae,Araneidae,Eustala,NA,1474,6/21/2017,HickoryBottoms,A,6/7/2017,79,Single
6212017HBA8,OTU16,GS,100,BOLD:AAA7067,Animalia,Arthropoda,Insecta,Diptera,Culicidae,Aedes,Aedes vexans,505,6/21/2017,HickoryBottoms,A,6/7/2017,79,Single
6212017HBA8,OTU31,GS,100,BOLD:AAM6212,Animalia,Arthropoda,Insecta,Diptera,Chironomidae,Axarus,Axarus festivus,23917,6/21/2017,HickoryBottoms,A,6/7/2017,79,Single
6212017HBA8,OTU68,GS,100,BOLD:AAB7030,Animalia,Arthropoda,Insecta,Diptera,Chironomidae,Chironomus,Chironomus decorus,323,6/21/2017,HickoryBottoms,A,6/7/2017,79,Single
6212017HBA8,OTU87,US,0,BOLD:ABY2339,Animalia,Arthropoda,Insecta,Diptera,NA,NA,NA,60,6/21/2017,HickoryBottoms,A,6/7/2017,79,Single
6212017HBA8,OTU120,GS,100,BOLD:AAV3042,Animalia,Arthropoda,Arachnida,Araneae,Theridiidae,Theridion,Theridion albidum,3862,6/21/2017,HickoryBottoms,A,6/7/2017,79,Single
6212017HBA8,OTU132,US,1,None,Animalia,Arthropoda,Hexanauplia,Harpacticoida,NA,NA,NA,63,6/21/2017,HickoryBottoms,A,6/7/2017,79,Single
6212017HBA8,OTU190,GS,100,BOLD:ABY7666,Animalia,Arthropoda,Insecta,Diptera,Culicidae,Culex,Culex territans,331,6/21/2017,HickoryBottoms,A,6/7/2017,79,Single
6212017HBA8,OTU198,GS,99.4,BOLD:ABZ1242,Animalia,Arthropoda,Insecta,Diptera,Chironomidae,NA,NA,89,6/21/2017,HickoryBottoms,A,6/7/2017,79,Single
6212017HBA8,OTU211,GS,99.4,BOLD:ACA5630,Animalia,Arthropoda,Insecta,Coleoptera,Ptinidae,NA,NA,17,6/21/2017,HickoryBottoms,A,6/7/2017,79,Single
6212017HBA8,OTU214,GS,99.4,BOLD:AAW6795,Animalia,Arthropoda,Insecta,Diptera,NA,NA,NA,112,6/21/2017,HickoryBottoms,A,6/7/2017,79,Single
6212017HBA8,OTU231,GS,100,BOLD:AAD2590,Animalia,Arthropoda,Insecta,Lepidoptera,Gracillariidae,Caloptilia,Caloptilia packardella,9,6/21/2017,HickoryBottoms,A,6/7/2017,79,Single
6212017HBA8,OTU272,GS,100,BOLD:AAJ3819,Animalia,Arthropoda,Insecta,Diptera,Clusiidae,Sobarocephala,Sobarocephala setipes,196,6/21/2017,HickoryBottoms,A,6/7/2017,79,Single
6212017HBA8,OTU275,GS,100,BOLD:AAA5695,Animalia,Arthropoda,Insecta,Trichoptera,Hydropsychidae,Cheumatopsyche,Cheumatopsyche analis,1291,6/21/2017,HickoryBottoms,A,6/7/2017,79,Single
6212017HBA8,OTU287,GS,98.9,BOLD:AAG5457,Animalia,Arthropoda,Insecta,Diptera,Chironomidae,NA,NA,51,6/21/2017,HickoryBottoms,A,6/7/2017,79,Single
6212017HBA8,OTU310,GS,100,BOLD:ABX7479,Animalia,Arthropoda,Insecta,Diptera,Chironomidae,Parachironomus,NA,6,6/21/2017,HickoryBottoms,A,6/7/2017,79,Single
6212017HBA8,OTU357,GS,98.9,BOLD:ABX3356,Animalia,Arthropoda,Insecta,Diptera,Chironomidae,Chironomus,NA,15,6/21/2017,HickoryBottoms,A,6/7/2017,79,Single
6212017HBA8,OTU415,GS,100,BOLD:AAP8030,Animalia,Arthropoda,Insecta,Lepidoptera,Blastobasidae,Blastobasis,NA,15,6/21/2017,HickoryBottoms,A,6/7/2017,79,Single
6212017HBA8,OTU440,GS,98.3,BOLD:AAG4950,Animalia,Arthropoda,Insecta,Diptera,Keroplatidae,NA,NA,16,6/21/2017,HickoryBottoms,A,6/7/2017,79,Single
6212017HBA8,OTU527,GS,100,BOLD:ABX0334,Animalia,Arthropoda,Insecta,Hemiptera,Miridae,Tropidosteptes,Tropidosteptes amoenus,5,6/21/2017,HickoryBottoms,A,6/7/2017,79,Single
6212017HBA8,OTU557,GS,98.3,BOLD:AAO7609,Animalia,Arthropoda,Insecta,Diptera,NA,NA,NA,86,6/21/2017,HickoryBottoms,A,6/7/2017,79,Single
6212017HBA8,OTU593,GS,100,BOLD:ACN2382,Animalia,Arthropoda,Insecta,Diptera,Chironomidae,Polypedilum,NA,3,6/21/2017,HickoryBottoms,A,6/7/2017,79,Single
6212017HBA8,OTU737,GS,100,BOLD:AAG3822,Animalia,Arthropoda,Arachnida,Araneae,Anyphaenidae,Anyphaena,NA,7,6/21/2017,HickoryBottoms,A,6/7/2017,79,Single
6212017HBA8,OTU900,GS,100,BOLD:AAN6333,Animalia,Arthropoda,Arachnida,Araneae,Theridiidae,Theridion,Theridion albidum,19,6/21/2017,HickoryBottoms,A,6/7/2017,79,Single
6212017HBA8,OTU907,SS,0.01,BOLD:AAO3940,Animalia,Arthropoda,Insecta,Diptera,Limoniidae,Rhipidia,NA,5,6/21/2017,HickoryBottoms,A,6/7/2017,79,Single
6212017HBA8,OTU954,SS,0.17,BOLD:ACW3280,Animalia,Arthropoda,Insecta,Diptera,NA,NA,NA,64,6/21/2017,HickoryBottoms,A,6/7/2017,79,Single
6212017HBA8,OTU963,GS,99.4,BOLD:ACC7263,Animalia,Arthropoda,Insecta,Diptera,Mycetophilidae,Mycetophila,NA,18,6/21/2017,HickoryBottoms,A,6/7/2017,79,Single
6212017HBA8,OTU1097,GS,97.2,BOLD:AAN5451,Animalia,Arthropoda,Arachnida,Araneae,Araneidae,Eustala,NA,48,6/21/2017,HickoryBottoms,A,6/7/2017,79,Single
6212017HBA8,OTU1188,US,1,None,Animalia,Arthropoda,Insecta,Diptera,NA,NA,NA,2,6/21/2017,HickoryBottoms,A,6/7/2017,79,Single
6212017HBA8,OTU1317,SS,0.01,BOLD:AAN5451,Animalia,Arthropoda,Arachnida,Araneae,Araneidae,Eustala,NA,13,6/21/2017,HickoryBottoms,A,6/7/2017,79,Single
6212017HBA8,OTU1350,GS,97.2,BOLD:AAA7067,Animalia,Arthropoda,Insecta,Diptera,Culicidae,Aedes,Aedes vexans,18,6/21/2017,HickoryBottoms,A,6/7/2017,79,Single
6212017HBA8,OTU1351,SS,0.94,BOLD:AAB7030,Animalia,Arthropoda,Insecta,Diptera,Chironomidae,Chironomus,Chironomus decorus,129,6/21/2017,HickoryBottoms,A,6/7/2017,79,Single
6212017HBA8,OTU1434,GS,97.6,BOLD:AAA7067,Animalia,Arthropoda,Insecta,Diptera,Culicidae,Aedes,Aedes vexans,270,6/21/2017,HickoryBottoms,A,6/7/2017,79,Single
6212017HBA8,OTU1497,SS,0.97,BOLD:AAI1618,Animalia,Arthropoda,Insecta,Diptera,Culicidae,Coquillettidia,Coquillettidia perturbans,7,6/21/2017,HickoryBottoms,A,6/7/2017,79,Single
6212017HBA8,OTU1580,GS,100,BOLD:AAN6197,Animalia,Arthropoda,Insecta,Coleoptera,Carabidae,Bembidion,Bembidion impotens,9,6/21/2017,HickoryBottoms,A,6/7/2017,79,Single
6212017HBA8,OTU1800,US,0.3913,None,Animalia,Arthropoda,Insecta,Diptera,NA,NA,NA,3,6/21/2017,HickoryBottoms,A,6/7/2017,79,Single
6212017HBA8,OTU1842,SS,0.82,BOLD:AAM6212,Animalia,Arthropoda,Insecta,Diptera,Chironomidae,Axarus,Axarus festivus,3,6/21/2017,HickoryBottoms,A,6/7/2017,79,Single
6212017HBA8,OTU1901,US,0,BOLD:ACI5449,Animalia,Arthropoda,Arachnida,Trombidiformes,NA,NA,NA,14,6/21/2017,HickoryBottoms,A,6/7/2017,79,Single
6212017HBA9,OTU5,GS,99.4,BOLD:AAN5451,Animalia,Arthropoda,Arachnida,Araneae,Araneidae,Eustala,NA,9358,6/21/2017,HickoryBottoms,A,6/7/2017,79,Single
6212017HBA9,OTU9,US,0.7924,BOLD:AAG8502,Animalia,Arthropoda,Insecta,NA,NA,NA,NA,297,6/21/2017,HickoryBottoms,A,6/7/2017,79,Single
6212017HBA9,OTU11,GS,99.4,BOLD:AAG3848,Animalia,Arthropoda,Insecta,Diptera,Culicidae,Culex,Culex erraticus,2960,6/21/2017,HickoryBottoms,A,6/7/2017,79,Single
6212017HBA9,OTU13,GS,100,BOLD:ABV1771,Animalia,Arthropoda,Insecta,Diptera,Limoniidae,NA,NA,1699,6/21/2017,HickoryBottoms,A,6/7/2017,79,Single
6212017HBA9,OTU14,GS,99.4,BOLD:AAO3940,Animalia,Arthropoda,Insecta,Diptera,Limoniidae,Rhipidia,NA,674,6/21/2017,HickoryBottoms,A,6/7/2017,79,Single
6212017HBA9,OTU16,GS,100,BOLD:AAA7067,Animalia,Arthropoda,Insecta,Diptera,Culicidae,Aedes,Aedes vexans,7077,6/21/2017,HickoryBottoms,A,6/7/2017,79,Single
6212017HBA9,OTU21,GS,100,BOLD:ACR3763,Animalia,Arthropoda,Insecta,Coleoptera,Ptilodactylidae,Ptilodactyla,Ptilodactyla serricollis,90,6/21/2017,HickoryBottoms,A,6/7/2017,79,Single
6212017HBA9,OTU25,GS,100,BOLD:ACF0083,Animalia,Arthropoda,Insecta,Diptera,Tabanidae,Tabanus,Tabanus similis,1237,6/21/2017,HickoryBottoms,A,6/7/2017,79,Single
6212017HBA9,OTU26,GS,98.8,BOLD:ACM8443,Animalia,Arthropoda,Insecta,Diptera,Tabanidae,Hybomitra,Hybomitra epistates,5675,6/21/2017,HickoryBottoms,A,6/7/2017,79,Single
6212017HBA9,OTU49,GS,99.4,BOLD:AAG4526,Animalia,Arthropoda,Insecta,Diptera,Tipulidae,Tipula,NA,2725,6/21/2017,HickoryBottoms,A,6/7/2017,79,Single
6212017HBA9,OTU57,GS,100,BOLD:AAI1618,Animalia,Arthropoda,Insecta,Diptera,Culicidae,Coquillettidia,Coquillettidia perturbans,132,6/21/2017,HickoryBottoms,A,6/7/2017,79,Single
6212017HBA9,OTU62,GS,100,BOLD:ACX8671,Animalia,Arthropoda,Insecta,Coleoptera,Elateridae,Melanotus,Melanotus miscellus,319,6/21/2017,HickoryBottoms,A,6/7/2017,79,Single
6212017HBA9,OTU64,US,0.9925,BOLD:AAL8170,Animalia,Arthropoda,Insecta,Hymenoptera,NA,NA,NA,106,6/21/2017,HickoryBottoms,A,6/7/2017,79,Single
6212017HBA9,OTU68,GS,100,BOLD:AAB7030,Animalia,Arthropoda,Insecta,Diptera,Chironomidae,Chironomus,Chironomus decorus,926,6/21/2017,HickoryBottoms,A,6/7/2017,79,Single
6212017HBA9,OTU78,US,1,BOLD:AAY8864,Animalia,Arthropoda,Insecta,Diptera,NA,NA,NA,1135,6/21/2017,HickoryBottoms,A,6/7/2017,79,Single
6212017HBA9,OTU88,GS,100,BOLD:AAE0434,Animalia,Arthropoda,Insecta,Diptera,Culicidae,Uranotaenia,Uranotaenia sapphirina,110,6/21/2017,HickoryBottoms,A,6/7/2017,79,Single
6212017HBA9,OTU100,US,0,BOLD:ACD6759,Animalia,Arthropoda,Insecta,Hymenoptera,NA,NA,NA,171,6/21/2017,HickoryBottoms,A,6/7/2017,79,Single
6212017HBA9,OTU118,US,1,None,Animalia,Arthropoda,Arachnida,Mesostigmata,NA,NA,NA,51,6/21/2017,HickoryBottoms,A,6/7/2017,79,Single
6212017HBA9,OTU141,GS,100,BOLD:ABX6186,Animalia,Arthropoda,Insecta,Diptera,Tipulidae,Nephrotoma,Nephrotoma ferruginea,32,6/21/2017,HickoryBottoms,A,6/7/2017,79,Single
6212017HBA9,OTU197,GS,100,BOLD:AAN6380,Animalia,Arthropoda,Arachnida,Araneae,Araneidae,Neoscona,NA,32,6/21/2017,HickoryBottoms,A,6/7/2017,79,Single
6212017HBA9,OTU214,GS,99.4,BOLD:AAW6795,Animalia,Arthropoda,Insecta,Diptera,NA,NA,NA,62,6/21/2017,HickoryBottoms,A,6/7/2017,79,Single
6212017HBA9,OTU271,GS,98.9,BOLD:ABX3627,Animalia,Arthropoda,Insecta,Diptera,Limoniidae,NA,NA,18,6/21/2017,HickoryBottoms,A,6/7/2017,79,Single
6212017HBA9,OTU283,GS,100,BOLD:AAZ5968,Animalia,Arthropoda,Insecta,Diptera,Limoniidae,NA,NA,25,6/21/2017,HickoryBottoms,A,6/7/2017,79,Single
6212017HBA9,OTU415,GS,100,BOLD:AAP8030,Animalia,Arthropoda,Insecta,Lepidoptera,Blastobasidae,Blastobasis,NA,79,6/21/2017,HickoryBottoms,A,6/7/2017,79,Single
6212017HBA9,OTU442,GS,97.2,BOLD:ABU6554,Animalia,Arthropoda,Insecta,Diptera,NA,NA,NA,11,6/21/2017,HickoryBottoms,A,6/7/2017,79,Single
6212017HBA9,OTU454,GS,97.8,BOLD:AAM6294,Animalia,Arthropoda,Insecta,Diptera,Chaoboridae,Chaoborus,NA,7,6/21/2017,HickoryBottoms,A,6/7/2017,79,Single
6212017HBA9,OTU513,SS,0.71,BOLD:ABY8891,Animalia,Arthropoda,Insecta,Diptera,NA,NA,NA,52,6/21/2017,HickoryBottoms,A,6/7/2017,79,Single
6212017HBA9,OTU563,GS,100,BOLD:AAH7221,Animalia,Arthropoda,Insecta,Neuroptera,Mantispidae,Dicromantispa,Dicromantispa sayi,15,6/21/2017,HickoryBottoms,A,6/7/2017,79,Single
6212017HBA9,OTU595,GS,97.2,BOLD:AAF9010,Animalia,Arthropoda,Insecta,Diptera,Tipulidae,Tipula,NA,12,6/21/2017,HickoryBottoms,A,6/7/2017,79,Single
6212017HBA9,OTU655,SS,0.61,BOLD:AAA3776,Animalia,Arthropoda,Insecta,Diptera,NA,NA,NA,24,6/21/2017,HickoryBottoms,A,6/7/2017,79,Single
6212017HBA9,OTU723,GS,100,BOLD:AAG5453,Animalia,Arthropoda,Insecta,Diptera,Chironomidae,Chironomus,Chironomus bifurcatus,38,6/21/2017,HickoryBottoms,A,6/7/2017,79,Single
6212017HBA9,OTU832,GS,97.8,BOLD:ABY4042,Animalia,Arthropoda,Insecta,Diptera,NA,NA,NA,7,6/21/2017,HickoryBottoms,A,6/7/2017,79,Single
6212017HBA9,OTU854,US,0.9715,BOLD:ACN7368,Animalia,Arthropoda,Insecta,Diptera,NA,NA,NA,140,6/21/2017,HickoryBottoms,A,6/7/2017,79,Single
6212017HBA9,OTU861,SS,0.32,BOLD:AAG8269,Animalia,Arthropoda,Insecta,Diptera,NA,NA,NA,75,6/21/2017,HickoryBottoms,A,6/7/2017,79,Single
6212017HBA9,OTU902,US,0,None,Animalia,Arthropoda,Insecta,Hymenoptera,NA,NA,NA,5,6/21/2017,HickoryBottoms,A,6/7/2017,79,Single
6212017HBA9,OTU934,GS,100,BOLD:AAK0004,Animalia,Arthropoda,Arachnida,Araneae,Araneidae,Verrucosa,Verrucosa arenata,8,6/21/2017,HickoryBottoms,A,6/7/2017,79,Single
6212017HBA9,OTU964,GS,98.2,BOLD:AAG5460,Animalia,Arthropoda,Insecta,Diptera,Chironomidae,NA,NA,7,6/21/2017,HickoryBottoms,A,6/7/2017,79,Single
6212017HBA9,OTU966,SS,0.19,BOLD:ACU7780,Animalia,Arthropoda,Insecta,Diptera,NA,NA,NA,134,6/21/2017,HickoryBottoms,A,6/7/2017,79,Single
6212017HBA9,OTU1040,SS,0.14,BOLD:AAU6662,Animalia,Arthropoda,Insecta,Diptera,NA,NA,NA,12,6/21/2017,HickoryBottoms,A,6/7/2017,79,Single
6212017HBA9,OTU1045,US,0,BOLD:ACA7844,Animalia,Arthropoda,Insecta,Coleoptera,NA,NA,NA,3,6/21/2017,HickoryBottoms,A,6/7/2017,79,Single
6212017HBA9,OTU1079,GS,100,BOLD:AAI9091,Animalia,Arthropoda,Insecta,Diptera,Drosophilidae,Drosophila,Drosophila tripunctata,1,6/21/2017,HickoryBottoms,A,6/7/2017,79,Single
6212017HBA9,OTU1097,GS,97.2,BOLD:AAN5451,Animalia,Arthropoda,Arachnida,Araneae,Araneidae,Eustala,NA,348,6/21/2017,HickoryBottoms,A,6/7/2017,79,Single
6212017HBA9,OTU1111,US,0.9916,BOLD:ACO0955,Animalia,Arthropoda,Arachnida,Trombidiformes,NA,NA,NA,91,6/21/2017,HickoryBottoms,A,6/7/2017,79,Single
6212017HBA9,OTU1152,GS,100,BOLD:AAV0590,Animalia,Arthropoda,Arachnida,Mesostigmata,Blattisociidae,Cheiroseius,NA,33,6/21/2017,HickoryBottoms,A,6/7/2017,79,Single
6212017HBA9,OTU1189,US,0.9844,BOLD:ABY0555,Animalia,Arthropoda,Insecta,Diptera,NA,NA,NA,79,6/21/2017,HickoryBottoms,A,6/7/2017,79,Single
6212017HBA9,OTU1296,GS,97.2,BOLD:AAD2334,Animalia,Arthropoda,Insecta,Lepidoptera,Tineidae,Acrolophus,Acrolophus hasbroucki,2,6/21/2017,HickoryBottoms,A,6/7/2017,79,Single
6212017HBA9,OTU1317,SS,0.01,BOLD:AAN5451,Animalia,Arthropoda,Arachnida,Araneae,Araneidae,Eustala,NA,35,6/21/2017,HickoryBottoms,A,6/7/2017,79,Single
6212017HBA9,OTU1330,US,0.9249,BOLD:ACP5792,Animalia,Arthropoda,Insecta,Diptera,NA,NA,NA,3,6/21/2017,HickoryBottoms,A,6/7/2017,79,Single
6212017HBA9,OTU1350,GS,97.2,BOLD:AAA7067,Animalia,Arthropoda,Insecta,Diptera,Culicidae,Aedes,Aedes vexans,251,6/21/2017,HickoryBottoms,A,6/7/2017,79,Single
6212017HBA9,OTU1351,SS,0.94,BOLD:AAB7030,Animalia,Arthropoda,Insecta,Diptera,Chironomidae,Chironomus,Chironomus decorus,74,6/21/2017,HickoryBottoms,A,6/7/2017,79,Single
6212017HBA9,OTU1409,GS,98.3,BOLD:AAE7788,Animalia,Arthropoda,Insecta,Diptera,Culicidae,Culex,Culex salinarius,21,6/21/2017,HickoryBottoms,A,6/7/2017,79,Single
6212017HBA9,OTU1434,GS,97.6,BOLD:AAA7067,Animalia,Arthropoda,Insecta,Diptera,Culicidae,Aedes,Aedes vexans,2,6/21/2017,HickoryBottoms,A,6/7/2017,79,Single
6212017HBA9,OTU1473,SS,0.31,BOLD:AAO8289,Animalia,Arthropoda,Insecta,Diptera,NA,NA,NA,48,6/21/2017,HickoryBottoms,A,6/7/2017,79,Single
6212017HBA9,OTU1509,GS,97.2,BOLD:AAF9000,Animalia,Arthropoda,Insecta,Diptera,NA,NA,NA,6,6/21/2017,HickoryBottoms,A,6/7/2017,79,Single
6212017HBA9,OTU1588,GS,97.7,BOLD:AAM6294,Animalia,Arthropoda,Insecta,Diptera,Chaoboridae,Chaoborus,NA,5,6/21/2017,HickoryBottoms,A,6/7/2017,79,Single
6212017HBA9,OTU1631,SS,0.6,BOLD:ACM8443,Animalia,Arthropoda,Insecta,Diptera,NA,NA,NA,37,6/21/2017,HickoryBottoms,A,6/7/2017,79,Single
6212017HBA9,OTU1703,SS,0.06,BOLD:AAG4526,Animalia,Arthropoda,Insecta,Diptera,Tipulidae,Tipula,NA,1,6/21/2017,HickoryBottoms,A,6/7/2017,79,Single
6212017HBA9,OTU1748,SS,0.6,BOLD:ACF8409,Animalia,Arthropoda,Insecta,Diptera,NA,NA,NA,3,6/21/2017,HickoryBottoms,A,6/7/2017,79,Single
6212017HBA9,OTU1756,SS,0.97,BOLD:AAG3848,Animalia,Arthropoda,Insecta,Diptera,Culicidae,Culex,Culex erraticus,18,6/21/2017,HickoryBottoms,A,6/7/2017,79,Single
6212017HBA9,OTU1835,US,0,BOLD:ACA7844,Animalia,Arthropoda,Insecta,Coleoptera,NA,NA,NA,9,6/21/2017,HickoryBottoms,A,6/7/2017,79,Single
6212017HBA9,OTU1867,GS,98.9,BOLD:AAC7824,Animalia,Arthropoda,Insecta,Hymenoptera,Braconidae,Clinocentrus,Clinocentrus fumiferanae,14,6/21/2017,HickoryBottoms,A,6/7/2017,79,Single
6212017HBA9,OTU1871,SS,0.85,BOLD:AAG3848,Animalia,Arthropoda,Insecta,Diptera,Culicidae,Culex,Culex erraticus,5,6/21/2017,HickoryBottoms,A,6/7/2017,79,Single
6212017HBA9,OTU1922,SS,0.6,BOLD:ACP2613,Animalia,Arthropoda,Insecta,Hymenoptera,NA,NA,NA,13,6/21/2017,HickoryBottoms,A,6/7/2017,79,Single
6212017HBB1,OTU14,GS,99.4,BOLD:AAO3940,Animalia,Arthropoda,Insecta,Diptera,Limoniidae,Rhipidia,NA,36894,6/21/2017,HickoryBottoms,B,6/7/2017,108,Single
6212017HBB1,OTU34,GS,100,BOLD:AAM6211,Animalia,Arthropoda,Insecta,Diptera,Chironomidae,Glyptotendipes,NA,69,6/21/2017,HickoryBottoms,B,6/7/2017,108,Single
6212017HBB1,OTU57,GS,100,BOLD:AAI1618,Animalia,Arthropoda,Insecta,Diptera,Culicidae,Coquillettidia,Coquillettidia perturbans,77,6/21/2017,HickoryBottoms,B,6/7/2017,108,Single
6212017HBB1,OTU68,GS,100,BOLD:AAB7030,Animalia,Arthropoda,Insecta,Diptera,Chironomidae,Chironomus,Chironomus decorus,1372,6/21/2017,HickoryBottoms,B,6/7/2017,108,Single
6212017HBB1,OTU87,US,0,BOLD:ABY2339,Animalia,Arthropoda,Insecta,Diptera,NA,NA,NA,45,6/21/2017,HickoryBottoms,B,6/7/2017,108,Single
6212017HBB1,OTU88,GS,100,BOLD:AAE0434,Animalia,Arthropoda,Insecta,Diptera,Culicidae,Uranotaenia,Uranotaenia sapphirina,33,6/21/2017,HickoryBottoms,B,6/7/2017,108,Single
6212017HBB1,OTU125,GS,100,BOLD:ACX4440,Animalia,Arthropoda,Insecta,Coleoptera,NA,NA,NA,31,6/21/2017,HickoryBottoms,B,6/7/2017,108,Single
6212017HBB1,OTU129,GS,100,BOLD:AAG2647,Animalia,Arthropoda,Insecta,Diptera,Chaoboridae,Chaoborus,Chaoborus punctipennis,70,6/21/2017,HickoryBottoms,B,6/7/2017,108,Single
6212017HBB1,OTU198,GS,99.4,BOLD:ABZ1242,Animalia,Arthropoda,Insecta,Diptera,Chironomidae,NA,NA,5,6/21/2017,HickoryBottoms,B,6/7/2017,108,Single
6212017HBB1,OTU211,GS,99.4,BOLD:ACA5630,Animalia,Arthropoda,Insecta,Coleoptera,Ptinidae,NA,NA,21,6/21/2017,HickoryBottoms,B,6/7/2017,108,Single
6212017HBB1,OTU247,GS,100,BOLD:AAG0787,Animalia,Arthropoda,Insecta,Hemiptera,Corixidae,Trichocorixa,NA,15,6/21/2017,HickoryBottoms,B,6/7/2017,108,Single
6212017HBB1,OTU287,GS,98.9,BOLD:AAG5457,Animalia,Arthropoda,Insecta,Diptera,Chironomidae,NA,NA,59,6/21/2017,HickoryBottoms,B,6/7/2017,108,Single
6212017HBB1,OTU415,GS,100,BOLD:AAP8030,Animalia,Arthropoda,Insecta,Lepidoptera,Blastobasidae,Blastobasis,NA,267,6/21/2017,HickoryBottoms,B,6/7/2017,108,Single
6212017HBB1,OTU454,GS,97.8,BOLD:AAM6294,Animalia,Arthropoda,Insecta,Diptera,Chaoboridae,Chaoborus,NA,17,6/21/2017,HickoryBottoms,B,6/7/2017,108,Single
6212017HBB1,OTU485,GS,100,BOLD:ABW1514,Animalia,Arthropoda,Insecta,Diptera,Chironomidae,Tanypus,NA,12,6/21/2017,HickoryBottoms,B,6/7/2017,108,Single
6212017HBB1,OTU642,GS,100,BOLD:AAM7778,Animalia,Arthropoda,Insecta,Coleoptera,Hydrophilidae,Enochrus,Enochrus ochraceus,31,6/21/2017,HickoryBottoms,B,6/7/2017,108,Single
6212017HBB1,OTU772,US,0.9249,BOLD:ACE1732,Animalia,Arthropoda,Insecta,Diptera,NA,NA,NA,9,6/21/2017,HickoryBottoms,B,6/7/2017,108,Single
6212017HBB1,OTU907,SS,0.01,BOLD:AAO3940,Animalia,Arthropoda,Insecta,Diptera,Limoniidae,Rhipidia,NA,12,6/21/2017,HickoryBottoms,B,6/7/2017,108,Single
6212017HBB1,OTU935,SS,0.01,BOLD:AAO3940,Animalia,Arthropoda,Insecta,Diptera,Limoniidae,Rhipidia,NA,25,6/21/2017,HickoryBottoms,B,6/7/2017,108,Single
6212017HBB1,OTU988,GS,100,BOLD:AAP5113,Animalia,Arthropoda,Insecta,Diptera,Chironomidae,NA,NA,3,6/21/2017,HickoryBottoms,B,6/7/2017,108,Single
6212017HBB1,OTU1103,GS,99.4,BOLD:ABW4221,Animalia,Arthropoda,Insecta,Diptera,Chironomidae,NA,NA,2,6/21/2017,HickoryBottoms,B,6/7/2017,108,Single
6212017HBB1,OTU1210,GS,97.2,BOLD:AAF4632,Animalia,Arthropoda,Insecta,Diptera,Limoniidae,Epiphragma,Epiphragma solatrix,6,6/21/2017,HickoryBottoms,B,6/7/2017,108,Single
6212017HBB1,OTU1240,GS,98.9,BOLD:AAI4410,Animalia,Arthropoda,Insecta,Lepidoptera,Tineidae,NA,NA,21,6/21/2017,HickoryBottoms,B,6/7/2017,108,Single
6212017HBB1,OTU1311,GS,100,BOLD:ACB9392,Animalia,Arthropoda,Insecta,Diptera,Chironomidae,NA,NA,16,6/21/2017,HickoryBottoms,B,6/7/2017,108,Single
6212017HBB1,OTU1351,SS,0.94,BOLD:AAB7030,Animalia,Arthropoda,Insecta,Diptera,Chironomidae,Chironomus,Chironomus decorus,358,6/21/2017,HickoryBottoms,B,6/7/2017,108,Single
6212017HBB1,OTU1748,SS,0.6,BOLD:ACF8409,Animalia,Arthropoda,Insecta,Diptera,NA,NA,NA,23,6/21/2017,HickoryBottoms,B,6/7/2017,108,Single
6212017HBB1,OTU1775,US,1,BOLD:ACF7687,Animalia,Arthropoda,Arachnida,Araneae,NA,NA,NA,11,6/21/2017,HickoryBottoms,B,6/7/2017,108,Single
6212017HBB1,OTU1782,US,0.9249,BOLD:AAO3940,Animalia,Arthropoda,Insecta,Diptera,NA,NA,NA,63,6/21/2017,HickoryBottoms,B,6/7/2017,108,Single
6212017HBB1,OTU1800,US,0.3913,None,Animalia,Arthropoda,Insecta,Diptera,NA,NA,NA,3,6/21/2017,HickoryBottoms,B,6/7/2017,108,Single
6212017HBB1,OTU1822,US,1,BOLD:ACS7810,Animalia,Arthropoda,Insecta,Diptera,NA,NA,NA,10,6/21/2017,HickoryBottoms,B,6/7/2017,108,Single
6212017HBB10,OTU1,US,0.0026,BOLD:AAD6798,Animalia,Arthropoda,Insecta,Diptera,NA,NA,NA,1608,6/21/2017,HickoryBottoms,B,6/7/2017,108,Single
6212017HBB10,OTU5,GS,99.4,BOLD:AAN5451,Animalia,Arthropoda,Arachnida,Araneae,Araneidae,Eustala,NA,11451,6/21/2017,HickoryBottoms,B,6/7/2017,108,Single
6212017HBB10,OTU7,GS,100,BOLD:AAF4632,Animalia,Arthropoda,Insecta,Diptera,Limoniidae,Epiphragma,Epiphragma solatrix,10069,6/21/2017,HickoryBottoms,B,6/7/2017,108,Single
6212017HBB10,OTU16,GS,100,BOLD:AAA7067,Animalia,Arthropoda,Insecta,Diptera,Culicidae,Aedes,Aedes vexans,1134,6/21/2017,HickoryBottoms,B,6/7/2017,108,Single
6212017HBB10,OTU17,GS,100,BOLD:AAB3702,Animalia,Arthropoda,Insecta,Trichoptera,Hydropsychidae,Potamyia,Potamyia flava,170,6/21/2017,HickoryBottoms,B,6/7/2017,108,Single
6212017HBB10,OTU23,GS,100,BOLD:AAF9008,Animalia,Arthropoda,Insecta,Diptera,Limoniidae,Helius,Helius flavipes,1114,6/21/2017,HickoryBottoms,B,6/7/2017,108,Single
6212017HBB10,OTU31,GS,100,BOLD:AAM6212,Animalia,Arthropoda,Insecta,Diptera,Chironomidae,Axarus,Axarus festivus,1809,6/21/2017,HickoryBottoms,B,6/7/2017,108,Single
6212017HBB10,OTU57,GS,100,BOLD:AAI1618,Animalia,Arthropoda,Insecta,Diptera,Culicidae,Coquillettidia,Coquillettidia perturbans,403,6/21/2017,HickoryBottoms,B,6/7/2017,108,Single
6212017HBB10,OTU68,GS,100,BOLD:AAB7030,Animalia,Arthropoda,Insecta,Diptera,Chironomidae,Chironomus,Chironomus decorus,858,6/21/2017,HickoryBottoms,B,6/7/2017,108,Single
6212017HBB10,OTU87,US,0,BOLD:ABY2339,Animalia,Arthropoda,Insecta,Diptera,NA,NA,NA,347,6/21/2017,HickoryBottoms,B,6/7/2017,108,Single
6212017HBB10,OTU94,US,0,BOLD:ACO4929,Animalia,Arthropoda,Insecta,Hymenoptera,NA,NA,NA,1014,6/21/2017,HickoryBottoms,B,6/7/2017,108,Single
6212017HBB10,OTU115,GS,100,BOLD:AAA4942,Animalia,Arthropoda,Arachnida,Araneae,Tetragnathidae,Tetragnatha,Tetragnatha elongata,21,6/21/2017,HickoryBottoms,B,6/7/2017,108,Single
6212017HBB10,OTU129,GS,100,BOLD:AAG2647,Animalia,Arthropoda,Insecta,Diptera,Chaoboridae,Chaoborus,Chaoborus punctipennis,52,6/21/2017,HickoryBottoms,B,6/7/2017,108,Single
6212017HBB10,OTU190,GS,100,BOLD:ABY7666,Animalia,Arthropoda,Insecta,Diptera,Culicidae,Culex,Culex territans,156,6/21/2017,HickoryBottoms,B,6/7/2017,108,Single
6212017HBB10,OTU198,GS,99.4,BOLD:ABZ1242,Animalia,Arthropoda,Insecta,Diptera,Chironomidae,NA,NA,278,6/21/2017,HickoryBottoms,B,6/7/2017,108,Single
6212017HBB10,OTU214,GS,99.4,BOLD:AAW6795,Animalia,Arthropoda,Insecta,Diptera,NA,NA,NA,445,6/21/2017,HickoryBottoms,B,6/7/2017,108,Single
6212017HBB10,OTU218,GS,100,BOLD:AAA4274,Animalia,Arthropoda,Insecta,Lepidoptera,Tineidae,Acrolophus,Acrolophus texanella,52,6/21/2017,HickoryBottoms,B,6/7/2017,108,Single
6212017HBB10,OTU231,GS,100,BOLD:AAD2590,Animalia,Arthropoda,Insecta,Lepidoptera,Gracillariidae,Caloptilia,Caloptilia packardella,26,6/21/2017,HickoryBottoms,B,6/7/2017,108,Single
6212017HBB10,OTU253,GS,100,BOLD:AAN6384,Animalia,Arthropoda,Arachnida,Araneae,Pisauridae,Dolomedes,Dolomedes scriptus,110,6/21/2017,HickoryBottoms,B,6/7/2017,108,Single
6212017HBB10,OTU260,US,1,None,Animalia,Arthropoda,Insecta,Diptera,NA,NA,NA,7,6/21/2017,HickoryBottoms,B,6/7/2017,108,Single
6212017HBB10,OTU272,GS,100,BOLD:AAJ3819,Animalia,Arthropoda,Insecta,Diptera,Clusiidae,Sobarocephala,Sobarocephala setipes,325,6/21/2017,HickoryBottoms,B,6/7/2017,108,Single
6212017HBB10,OTU287,GS,98.9,BOLD:AAG5457,Animalia,Arthropoda,Insecta,Diptera,Chironomidae,NA,NA,18,6/21/2017,HickoryBottoms,B,6/7/2017,108,Single
6212017HBB10,OTU300,GS,100,BOLD:AAA8310,Animalia,Arthropoda,Insecta,Lepidoptera,Crambidae,Anageshna,Anageshna primordialis,12,6/21/2017,HickoryBottoms,B,6/7/2017,108,Single
6212017HBB10,OTU354,SS,0.48,BOLD:AAM6278,Animalia,Arthropoda,Insecta,Diptera,NA,NA,NA,140,6/21/2017,HickoryBottoms,B,6/7/2017,108,Single
6212017HBB10,OTU369,SS,0.79,BOLD:ACS7984,Animalia,Arthropoda,Insecta,Hemiptera,NA,NA,NA,9,6/21/2017,HickoryBottoms,B,6/7/2017,108,Single
6212017HBB10,OTU371,GS,100,BOLD:ABX9756,Animalia,Arthropoda,Insecta,Diptera,NA,NA,NA,8,6/21/2017,HickoryBottoms,B,6/7/2017,108,Single
6212017HBB10,OTU391,GS,100,BOLD:AAI2836,Animalia,Arthropoda,Arachnida,Araneae,Philodromidae,Philodromus,Philodromus keyserlingi,27,6/21/2017,HickoryBottoms,B,6/7/2017,108,Single
6212017HBB10,OTU440,GS,98.3,BOLD:AAG4950,Animalia,Arthropoda,Insecta,Diptera,Keroplatidae,NA,NA,5,6/21/2017,HickoryBottoms,B,6/7/2017,108,Single
6212017HBB10,OTU446,GS,100,BOLD:AAD1537,Animalia,Arthropoda,Insecta,Lepidoptera,Tortricidae,Gretchena,Gretchena bolliana,85,6/21/2017,HickoryBottoms,B,6/7/2017,108,Single
6212017HBB10,OTU447,US,0.9916,BOLD:AAW5176,Animalia,Arthropoda,Arachnida,Araneae,NA,NA,NA,52,6/21/2017,HickoryBottoms,B,6/7/2017,108,Single
6212017HBB10,OTU454,GS,97.8,BOLD:AAM6294,Animalia,Arthropoda,Insecta,Diptera,Chaoboridae,Chaoborus,NA,18,6/21/2017,HickoryBottoms,B,6/7/2017,108,Single
6212017HBB10,OTU493,GS,99.4,BOLD:ABY7387,Animalia,Arthropoda,Insecta,Lepidoptera,Limacodidae,Lithacodes,Lithacodes fasciola,701,6/21/2017,HickoryBottoms,B,6/7/2017,108,Single
6212017HBB10,OTU534,GS,98.3,BOLD:ACB1583,Animalia,Arthropoda,Insecta,Hymenoptera,Ichneumonidae,Trathala,NA,5,6/21/2017,HickoryBottoms,B,6/7/2017,108,Single
6212017HBB10,OTU541,US,0.9919,BOLD:AAJ2923,Animalia,Arthropoda,Insecta,Hemiptera,NA,NA,NA,30,6/21/2017,HickoryBottoms,B,6/7/2017,108,Single
6212017HBB10,OTU550,SS,0.63,BOLD:AAZ2096,Animalia,Arthropoda,Insecta,Hemiptera,NA,NA,NA,6,6/21/2017,HickoryBottoms,B,6/7/2017,108,Single
6212017HBB10,OTU557,GS,98.3,BOLD:AAO7609,Animalia,Arthropoda,Insecta,Diptera,NA,NA,NA,16,6/21/2017,HickoryBottoms,B,6/7/2017,108,Single
6212017HBB10,OTU580,GS,98.3,BOLD:ABZ0908,Animalia,Arthropoda,Insecta,Diptera,Tipulidae,Nephrotoma,Nephrotoma ferruginea,14,6/21/2017,HickoryBottoms,B,6/7/2017,108,Single
6212017HBB10,OTU595,GS,97.2,BOLD:AAF9010,Animalia,Arthropoda,Insecta,Diptera,Tipulidae,Tipula,NA,8,6/21/2017,HickoryBottoms,B,6/7/2017,108,Single
6212017HBB10,OTU611,GS,98.9,BOLD:ABW1511,Animalia,Arthropoda,Insecta,Diptera,Ceratopogonidae,NA,NA,9,6/21/2017,HickoryBottoms,B,6/7/2017,108,Single
6212017HBB10,OTU634,SS,0.84,BOLD:AAZ5977,Animalia,Arthropoda,Insecta,Diptera,Stratiomyidae,Oxycera,Oxycera albovittata,20,6/21/2017,HickoryBottoms,B,6/7/2017,108,Single
6212017HBB10,OTU636,GS,99.4,BOLD:AAM6230,Animalia,Arthropoda,Insecta,Diptera,Chironomidae,Chironomus,NA,11,6/21/2017,HickoryBottoms,B,6/7/2017,108,Single
6212017HBB10,OTU655,SS,0.61,BOLD:AAA3776,Animalia,Arthropoda,Insecta,Diptera,NA,NA,NA,30,6/21/2017,HickoryBottoms,B,6/7/2017,108,Single
6212017HBB10,OTU661,SS,0.27,BOLD:ABV9305,Animalia,Arthropoda,Insecta,Diptera,NA,NA,NA,49,6/21/2017,HickoryBottoms,B,6/7/2017,108,Single
6212017HBB10,OTU695,SS,0.59,BOLD:AAN3697,Animalia,Arthropoda,Insecta,Hymenoptera,NA,NA,NA,50,6/21/2017,HickoryBottoms,B,6/7/2017,108,Single
6212017HBB10,OTU730,GS,99.4,BOLD:AAA9619,Animalia,Arthropoda,Insecta,Lepidoptera,Tortricidae,Cenopis,Cenopis reticulatana,4,6/21/2017,HickoryBottoms,B,6/7/2017,108,Single
6212017HBB10,OTU856,GS,99.4,BOLD:AAD3799,Animalia,Arthropoda,Insecta,Lepidoptera,Tineidae,Hybroma,Hybroma servulella,1,6/21/2017,HickoryBottoms,B,6/7/2017,108,Single
6212017HBB10,OTU900,GS,100,BOLD:AAN6333,Animalia,Arthropoda,Arachnida,Araneae,Theridiidae,Theridion,Theridion albidum,66,6/21/2017,HickoryBottoms,B,6/7/2017,108,Single
6212017HBB10,OTU934,GS,100,BOLD:AAK0004,Animalia,Arthropoda,Arachnida,Araneae,Araneidae,Verrucosa,Verrucosa arenata,1,6/21/2017,HickoryBottoms,B,6/7/2017,108,Single
6212017HBB10,OTU949,GS,100,BOLD:AAP3003,Animalia,Arthropoda,Insecta,Diptera,Chironomidae,NA,NA,11,6/21/2017,HickoryBottoms,B,6/7/2017,108,Single
6212017HBB10,OTU954,SS,0.17,BOLD:ACW3280,Animalia,Arthropoda,Insecta,Diptera,NA,NA,NA,19,6/21/2017,HickoryBottoms,B,6/7/2017,108,Single
6212017HBB10,OTU978,SS,0.71,BOLD:AAG5479,Animalia,Arthropoda,Insecta,Diptera,Chironomidae,NA,NA,111,6/21/2017,HickoryBottoms,B,6/7/2017,108,Single
6212017HBB10,OTU1097,GS,97.2,BOLD:AAN5451,Animalia,Arthropoda,Arachnida,Araneae,Araneidae,Eustala,NA,231,6/21/2017,HickoryBottoms,B,6/7/2017,108,Single
6212017HBB10,OTU1176,US,0.9249,BOLD:AAF4632,Animalia,Arthropoda,Insecta,Diptera,NA,NA,NA,9,6/21/2017,HickoryBottoms,B,6/7/2017,108,Single
6212017HBB10,OTU1210,GS,97.2,BOLD:AAF4632,Animalia,Arthropoda,Insecta,Diptera,Limoniidae,Epiphragma,Epiphragma solatrix,22,6/21/2017,HickoryBottoms,B,6/7/2017,108,Single
6212017HBB10,OTU1212,SS,0.52,BOLD:ABX7282,Animalia,Arthropoda,Insecta,Hemiptera,NA,NA,NA,11,6/21/2017,HickoryBottoms,B,6/7/2017,108,Single
6212017HBB10,OTU1265,SS,0.83,BOLD:AAF4632,Animalia,Arthropoda,Insecta,Diptera,Limoniidae,Epiphragma,Epiphragma solatrix,25,6/21/2017,HickoryBottoms,B,6/7/2017,108,Single
6212017HBB10,OTU1296,GS,97.2,BOLD:AAD2334,Animalia,Arthropoda,Insecta,Lepidoptera,Tineidae,Acrolophus,Acrolophus hasbroucki,3,6/21/2017,HickoryBottoms,B,6/7/2017,108,Single
6212017HBB10,OTU1317,SS,0.01,BOLD:AAN5451,Animalia,Arthropoda,Arachnida,Araneae,Araneidae,Eustala,NA,13,6/21/2017,HickoryBottoms,B,6/7/2017,108,Single
6212017HBB10,OTU1348,GS,100,BOLD:AAG4943,Animalia,Arthropoda,Insecta,Diptera,Keroplatidae,NA,NA,46,6/21/2017,HickoryBottoms,B,6/7/2017,108,Single
6212017HBB10,OTU1350,GS,97.2,BOLD:AAA7067,Animalia,Arthropoda,Insecta,Diptera,Culicidae,Aedes,Aedes vexans,35,6/21/2017,HickoryBottoms,B,6/7/2017,108,Single
6212017HBB10,OTU1351,SS,0.94,BOLD:AAB7030,Animalia,Arthropoda,Insecta,Diptera,Chironomidae,Chironomus,Chironomus decorus,48,6/21/2017,HickoryBottoms,B,6/7/2017,108,Single
6212017HBB10,OTU1352,GS,100,BOLD:ABW2707,Animalia,Arthropoda,Insecta,Diptera,Chironomidae,Polypedilum,NA,20,6/21/2017,HickoryBottoms,B,6/7/2017,108,Single
6212017HBB10,OTU1379,GS,100,BOLD:AAG1739,Animalia,Arthropoda,Insecta,Diptera,Muscidae,Neodexiopsis,Neodexiopsis rufitibia,18,6/21/2017,HickoryBottoms,B,6/7/2017,108,Single
6212017HBB10,OTU1403,SS,0.36,BOLD:ACV0130,Animalia,Arthropoda,Insecta,Diptera,NA,NA,NA,10,6/21/2017,HickoryBottoms,B,6/7/2017,108,Single
6212017HBB10,OTU1434,GS,97.6,BOLD:AAA7067,Animalia,Arthropoda,Insecta,Diptera,Culicidae,Aedes,Aedes vexans,5,6/21/2017,HickoryBottoms,B,6/7/2017,108,Single
6212017HBB10,OTU1494,US,0.8732,BOLD:AAF4632,Animalia,Arthropoda,Insecta,Diptera,NA,NA,NA,1,6/21/2017,HickoryBottoms,B,6/7/2017,108,Single
6212017HBB10,OTU1497,SS,0.97,BOLD:AAI1618,Animalia,Arthropoda,Insecta,Diptera,Culicidae,Coquillettidia,Coquillettidia perturbans,38,6/21/2017,HickoryBottoms,B,6/7/2017,108,Single
6212017HBB10,OTU1522,SS,0.57,BOLD:AAF9008,Animalia,Arthropoda,Insecta,Diptera,NA,NA,NA,34,6/21/2017,HickoryBottoms,B,6/7/2017,108,Single
6212017HBB10,OTU1683,SS,0.84,BOLD:AAF4632,Animalia,Arthropoda,Insecta,Diptera,Limoniidae,Epiphragma,Epiphragma solatrix,8,6/21/2017,HickoryBottoms,B,6/7/2017,108,Single
6212017HBB10,OTU1756,SS,0.97,BOLD:AAG3848,Animalia,Arthropoda,Insecta,Diptera,Culicidae,Culex,Culex erraticus,3,6/21/2017,HickoryBottoms,B,6/7/2017,108,Single
6212017HBB10,OTU1800,US,0.3913,None,Animalia,Arthropoda,Insecta,Diptera,NA,NA,NA,11,6/21/2017,HickoryBottoms,B,6/7/2017,108,Single
6212017HBB10,OTU1818,GS,97.9,BOLD:AAF4632,Animalia,Arthropoda,Insecta,Diptera,Limoniidae,Epiphragma,Epiphragma solatrix,37,6/21/2017,HickoryBottoms,B,6/7/2017,108,Single
6212017HBB10,OTU1820,GS,100,BOLD:ABX3450,Animalia,Arthropoda,Insecta,Hemiptera,Issidae,Thionia,Thionia bullata,11,6/21/2017,HickoryBottoms,B,6/7/2017,108,Single
6212017HBB10,OTU1834,SS,0.74,BOLD:AAF4632,Animalia,Arthropoda,Insecta,Diptera,NA,NA,NA,211,6/21/2017,HickoryBottoms,B,6/7/2017,108,Single
6212017HBB2,OTU4,GS,100,BOLD:AAN5882,Animalia,Arthropoda,Insecta,Diptera,Limoniidae,Erioptera,Erioptera caliptera,262,6/21/2017,HickoryBottoms,B,6/7/2017,108,Single
6212017HBB2,OTU5,GS,99.4,BOLD:AAN5451,Animalia,Arthropoda,Arachnida,Araneae,Araneidae,Eustala,NA,5766,6/21/2017,HickoryBottoms,B,6/7/2017,108,Single
6212017HBB2,OTU7,GS,100,BOLD:AAF4632,Animalia,Arthropoda,Insecta,Diptera,Limoniidae,Epiphragma,Epiphragma solatrix,396,6/21/2017,HickoryBottoms,B,6/7/2017,108,Single
6212017HBB2,OTU16,GS,100,BOLD:AAA7067,Animalia,Arthropoda,Insecta,Diptera,Culicidae,Aedes,Aedes vexans,7214,6/21/2017,HickoryBottoms,B,6/7/2017,108,Single
6212017HBB2,OTU21,GS,100,BOLD:ACR3763,Animalia,Arthropoda,Insecta,Coleoptera,Ptilodactylidae,Ptilodactyla,Ptilodactyla serricollis,187,6/21/2017,HickoryBottoms,B,6/7/2017,108,Single
6212017HBB2,OTU25,GS,100,BOLD:ACF0083,Animalia,Arthropoda,Insecta,Diptera,Tabanidae,Tabanus,Tabanus similis,375,6/21/2017,HickoryBottoms,B,6/7/2017,108,Single
6212017HBB2,OTU68,GS,100,BOLD:AAB7030,Animalia,Arthropoda,Insecta,Diptera,Chironomidae,Chironomus,Chironomus decorus,626,6/21/2017,HickoryBottoms,B,6/7/2017,108,Single
6212017HBB2,OTU198,GS,99.4,BOLD:ABZ1242,Animalia,Arthropoda,Insecta,Diptera,Chironomidae,NA,NA,4,6/21/2017,HickoryBottoms,B,6/7/2017,108,Single
6212017HBB2,OTU243,US,0,BOLD:ACB3149,Animalia,Arthropoda,Branchiopoda,Diplostraca,NA,NA,NA,63,6/21/2017,HickoryBottoms,B,6/7/2017,108,Single
6212017HBB2,OTU271,GS,98.9,BOLD:ABX3627,Animalia,Arthropoda,Insecta,Diptera,Limoniidae,NA,NA,186,6/21/2017,HickoryBottoms,B,6/7/2017,108,Single
6212017HBB2,OTU276,SS,0.44,BOLD:ACE7334,Animalia,Arthropoda,Insecta,Diptera,NA,NA,NA,7,6/21/2017,HickoryBottoms,B,6/7/2017,108,Single
6212017HBB2,OTU310,GS,100,BOLD:ABX7479,Animalia,Arthropoda,Insecta,Diptera,Chironomidae,Parachironomus,NA,8,6/21/2017,HickoryBottoms,B,6/7/2017,108,Single
6212017HBB2,OTU407,GS,99.4,BOLD:AAK8831,Animalia,Arthropoda,Insecta,Diptera,Limoniidae,Metalimnobia,Metalimnobia cinctipes,3,6/21/2017,HickoryBottoms,B,6/7/2017,108,Single
6212017HBB2,OTU434,GS,100,BOLD:AAU7127,Animalia,Arthropoda,Insecta,Coleoptera,Carabidae,Bembidion,Bembidion affine,6,6/21/2017,HickoryBottoms,B,6/7/2017,108,Single
6212017HBB2,OTU442,GS,97.2,BOLD:ABU6554,Animalia,Arthropoda,Insecta,Diptera,NA,NA,NA,7,6/21/2017,HickoryBottoms,B,6/7/2017,108,Single
6212017HBB2,OTU770,GS,100,BOLD:ACF1857,Animalia,Arthropoda,Insecta,Lepidoptera,Nymphalidae,Phyciodes,Phyciodes tharos,6,6/21/2017,HickoryBottoms,B,6/7/2017,108,Single
6212017HBB2,OTU866,GS,100,BOLD:ACT6778,Animalia,Arthropoda,Insecta,Diptera,Keroplatidae,NA,NA,87,6/21/2017,HickoryBottoms,B,6/7/2017,108,Single
6212017HBB2,OTU883,GS,100,BOLD:ACJ6858,Animalia,Arthropoda,Insecta,Hemiptera,Miridae,Deraeocoris,Deraeocoris nebulosus,6,6/21/2017,HickoryBottoms,B,6/7/2017,108,Single
6212017HBB2,OTU954,SS,0.17,BOLD:ACW3280,Animalia,Arthropoda,Insecta,Diptera,NA,NA,NA,1,6/21/2017,HickoryBottoms,B,6/7/2017,108,Single
6212017HBB2,OTU982,GS,98.3,BOLD:AAP9050,Animalia,Arthropoda,Insecta,Diptera,Ceratopogonidae,NA,NA,27,6/21/2017,HickoryBottoms,B,6/7/2017,108,Single
6212017HBB2,OTU1090,GS,97.2,BOLD:ABX3627,Animalia,Arthropoda,Insecta,Diptera,Limoniidae,NA,NA,7,6/21/2017,HickoryBottoms,B,6/7/2017,108,Single
6212017HBB2,OTU1097,GS,97.2,BOLD:AAN5451,Animalia,Arthropoda,Arachnida,Araneae,Araneidae,Eustala,NA,164,6/21/2017,HickoryBottoms,B,6/7/2017,108,Single
6212017HBB2,OTU1128,GS,100,BOLD:ABW2675,Animalia,Arthropoda,Insecta,Diptera,Tipulidae,Brachypremna,NA,46,6/21/2017,HickoryBottoms,B,6/7/2017,108,Single
6212017HBB2,OTU1240,GS,98.9,BOLD:AAI4410,Animalia,Arthropoda,Insecta,Lepidoptera,Tineidae,NA,NA,6,6/21/2017,HickoryBottoms,B,6/7/2017,108,Single
6212017HBB2,OTU1244,SS,0.81,BOLD:AAN5882,Animalia,Arthropoda,Insecta,Diptera,Limoniidae,Erioptera,Erioptera caliptera,52,6/21/2017,HickoryBottoms,B,6/7/2017,108,Single
6212017HBB2,OTU1259,US,0,BOLD:ACW9107,Animalia,Arthropoda,Insecta,Hymenoptera,NA,NA,NA,1,6/21/2017,HickoryBottoms,B,6/7/2017,108,Single
6212017HBB2,OTU1265,SS,0.83,BOLD:AAF4632,Animalia,Arthropoda,Insecta,Diptera,Limoniidae,Epiphragma,Epiphragma solatrix,3,6/21/2017,HickoryBottoms,B,6/7/2017,108,Single
6212017HBB2,OTU1317,SS,0.01,BOLD:AAN5451,Animalia,Arthropoda,Arachnida,Araneae,Araneidae,Eustala,NA,33,6/21/2017,HickoryBottoms,B,6/7/2017,108,Single
6212017HBB2,OTU1350,GS,97.2,BOLD:AAA7067,Animalia,Arthropoda,Insecta,Diptera,Culicidae,Aedes,Aedes vexans,173,6/21/2017,HickoryBottoms,B,6/7/2017,108,Single
6212017HBB2,OTU1351,SS,0.94,BOLD:AAB7030,Animalia,Arthropoda,Insecta,Diptera,Chironomidae,Chironomus,Chironomus decorus,88,6/21/2017,HickoryBottoms,B,6/7/2017,108,Single
6212017HBB2,OTU1434,GS,97.6,BOLD:AAA7067,Animalia,Arthropoda,Insecta,Diptera,Culicidae,Aedes,Aedes vexans,3,6/21/2017,HickoryBottoms,B,6/7/2017,108,Single
6212017HBB2,OTU1611,GS,100,BOLD:ACJ0138,Animalia,Arthropoda,Arachnida,Araneae,NA,NA,NA,1,6/21/2017,HickoryBottoms,B,6/7/2017,108,Single
6212017HBB2,OTU1614,SS,0.59,BOLD:ACI6897,Animalia,Arthropoda,Insecta,Diptera,NA,NA,NA,3,6/21/2017,HickoryBottoms,B,6/7/2017,108,Single
6212017HBB2,OTU1741,GS,98.3,BOLD:AAP9050,Animalia,Arthropoda,Insecta,Diptera,Ceratopogonidae,NA,NA,5,6/21/2017,HickoryBottoms,B,6/7/2017,108,Single
6212017HBB2,OTU1748,SS,0.6,BOLD:ACF8409,Animalia,Arthropoda,Insecta,Diptera,NA,NA,NA,8,6/21/2017,HickoryBottoms,B,6/7/2017,108,Single
6212017HBB2,OTU1822,US,1,BOLD:ACS7810,Animalia,Arthropoda,Insecta,Diptera,NA,NA,NA,2,6/21/2017,HickoryBottoms,B,6/7/2017,108,Single
6212017HBB2,OTU1836,US,0.9967,BOLD:ACF8858,Animalia,Arthropoda,Insecta,Diptera,NA,NA,NA,8,6/21/2017,HickoryBottoms,B,6/7/2017,108,Single
6212017HBB3,OTU16,GS,100,BOLD:AAA7067,Animalia,Arthropoda,Insecta,Diptera,Culicidae,Aedes,Aedes vexans,385,6/21/2017,HickoryBottoms,B,6/7/2017,108,Single
6212017HBB3,OTU49,GS,99.4,BOLD:AAG4526,Animalia,Arthropoda,Insecta,Diptera,Tipulidae,Tipula,NA,8783,6/21/2017,HickoryBottoms,B,6/7/2017,108,Single
6212017HBB3,OTU57,GS,100,BOLD:AAI1618,Animalia,Arthropoda,Insecta,Diptera,Culicidae,Coquillettidia,Coquillettidia perturbans,1827,6/21/2017,HickoryBottoms,B,6/7/2017,108,Single
6212017HBB3,OTU67,GS,100,BOLD:AAO3948,Animalia,Arthropoda,Insecta,Diptera,Tipulidae,Nephrotoma,Nephrotoma macrocera,156,6/21/2017,HickoryBottoms,B,6/7/2017,108,Single
6212017HBB3,OTU70,GS,100,BOLD:ABY9168,Animalia,Arthropoda,Insecta,Lepidoptera,Tortricidae,Clepsis,Clepsis peritana,14115,6/21/2017,HickoryBottoms,B,6/7/2017,108,Single
6212017HBB3,OTU73,GS,100,BOLD:AAD6926,Animalia,Arthropoda,Arachnida,Araneae,Anyphaenidae,Anyphaena,Anyphaena pectorosa,25,6/21/2017,HickoryBottoms,B,6/7/2017,108,Single
6212017HBB3,OTU116,GS,100,BOLD:AAG0758,Animalia,Arthropoda,Insecta,Coleoptera,Pyrochroidae,Dendroides,Dendroides canadensis,479,6/21/2017,HickoryBottoms,B,6/7/2017,108,Single
6212017HBB3,OTU182,GS,100,BOLD:ACF4855,Animalia,Arthropoda,Insecta,Lepidoptera,Gelechiidae,Dichomeris,Dichomeris kimballi,59,6/21/2017,HickoryBottoms,B,6/7/2017,108,Single
6212017HBB3,OTU190,GS,100,BOLD:ABY7666,Animalia,Arthropoda,Insecta,Diptera,Culicidae,Culex,Culex territans,13,6/21/2017,HickoryBottoms,B,6/7/2017,108,Single
6212017HBB3,OTU201,GS,100,BOLD:AAG0906,Animalia,Arthropoda,Insecta,Neuroptera,Hemerobiidae,Micromus,Micromus posticus,80,6/21/2017,HickoryBottoms,B,6/7/2017,108,Single
6212017HBB3,OTU457,GS,100,BOLD:ABY9153,Animalia,Arthropoda,Insecta,Lepidoptera,Oecophoridae,Epicallima,Epicallima argenticinctella,12,6/21/2017,HickoryBottoms,B,6/7/2017,108,Single
6212017HBB3,OTU465,SS,0.66,BOLD:AAG0758,Animalia,Arthropoda,Insecta,Coleoptera,NA,NA,NA,27,6/21/2017,HickoryBottoms,B,6/7/2017,108,Single
6212017HBB3,OTU470,SS,0.8,BOLD:AAG0758,Animalia,Arthropoda,Insecta,Coleoptera,Pyrochroidae,Dendroides,Dendroides canadensis,23,6/21/2017,HickoryBottoms,B,6/7/2017,108,Single
6212017HBB3,OTU471,SS,0.77,BOLD:AAG0758,Animalia,Arthropoda,Insecta,Coleoptera,NA,NA,NA,60,6/21/2017,HickoryBottoms,B,6/7/2017,108,Single
6212017HBB3,OTU493,GS,99.4,BOLD:ABY7387,Animalia,Arthropoda,Insecta,Lepidoptera,Limacodidae,Lithacodes,Lithacodes fasciola,32,6/21/2017,HickoryBottoms,B,6/7/2017,108,Single
6212017HBB3,OTU500,GS,99.4,BOLD:AAG8583,Animalia,Arthropoda,Insecta,Lepidoptera,Blastobasidae,Pigritia,Pigritia fidella,3,6/21/2017,HickoryBottoms,B,6/7/2017,108,Single
6212017HBB3,OTU525,US,0.9803,BOLD:AAG0758,Animalia,Arthropoda,Insecta,Lepidoptera,NA,NA,NA,9,6/21/2017,HickoryBottoms,B,6/7/2017,108,Single
6212017HBB3,OTU576,GS,100,BOLD:AAA5192,Animalia,Arthropoda,Insecta,Lepidoptera,Tortricidae,Platynota,Platynota idaeusalis,10,6/21/2017,HickoryBottoms,B,6/7/2017,108,Single
6212017HBB3,OTU595,GS,97.2,BOLD:AAF9010,Animalia,Arthropoda,Insecta,Diptera,Tipulidae,Tipula,NA,314,6/21/2017,HickoryBottoms,B,6/7/2017,108,Single
6212017HBB3,OTU631,US,0.9919,BOLD:AAG0758,Animalia,Arthropoda,Insecta,Coleoptera,NA,NA,NA,17,6/21/2017,HickoryBottoms,B,6/7/2017,108,Single
6212017HBB3,OTU661,SS,0.27,BOLD:ABV9305,Animalia,Arthropoda,Insecta,Diptera,NA,NA,NA,71,6/21/2017,HickoryBottoms,B,6/7/2017,108,Single
6212017HBB3,OTU670,US,0.9546,BOLD:AAG0758,Animalia,Arthropoda,Insecta,Diptera,NA,NA,NA,39,6/21/2017,HickoryBottoms,B,6/7/2017,108,Single
6212017HBB3,OTU684,GS,98.3,BOLD:ACE3549,Animalia,Arthropoda,Insecta,Lepidoptera,Tortricidae,Platynota,Platynota exasperatana,2124,6/21/2017,HickoryBottoms,B,6/7/2017,108,Single
6212017HBB3,OTU719,US,0.9859,BOLD:AAG0758,Animalia,Arthropoda,Insecta,Lepidoptera,NA,NA,NA,10,6/21/2017,HickoryBottoms,B,6/7/2017,108,Single
6212017HBB3,OTU720,GS,99.4,BOLD:AAB5347,Animalia,Arthropoda,Insecta,Lepidoptera,Tortricidae,Paralobesia,Paralobesia liriodendrana,2,6/21/2017,HickoryBottoms,B,6/7/2017,108,Single
6212017HBB3,OTU724,GS,97.8,BOLD:ACL2801,Animalia,Arthropoda,Insecta,Diptera,NA,NA,NA,5,6/21/2017,HickoryBottoms,B,6/7/2017,108,Single
6212017HBB3,OTU789,GS,100,BOLD:ABY8414,Animalia,Arthropoda,Insecta,Hemiptera,Miridae,Agnocoris,Agnocoris pulverulentus,7,6/21/2017,HickoryBottoms,B,6/7/2017,108,Single
6212017HBB3,OTU832,GS,97.8,BOLD:ABY4042,Animalia,Arthropoda,Insecta,Diptera,NA,NA,NA,15,6/21/2017,HickoryBottoms,B,6/7/2017,108,Single
6212017HBB3,OTU859,GS,100,BOLD:AAB6961,Animalia,Arthropoda,Insecta,Lepidoptera,Tortricidae,Larisa,Larisa subsolana,5,6/21/2017,HickoryBottoms,B,6/7/2017,108,Single
6212017HBB3,OTU923,GS,100,BOLD:AAN5931,Animalia,Arthropoda,Insecta,Coleoptera,Scirtidae,Cyphon,NA,1,6/21/2017,HickoryBottoms,B,6/7/2017,108,Single
6212017HBB3,OTU947,US,0.9546,BOLD:AAG0758,Animalia,Arthropoda,Insecta,Lepidoptera,NA,NA,NA,15,6/21/2017,HickoryBottoms,B,6/7/2017,108,Single
6212017HBB3,OTU956,SS,0.08,BOLD:ACN4095,Animalia,Arthropoda,Insecta,Diptera,NA,NA,NA,4,6/21/2017,HickoryBottoms,B,6/7/2017,108,Single
6212017HBB3,OTU1002,SS,0.89,BOLD:AAG0758,Animalia,Arthropoda,Insecta,Coleoptera,Pyrochroidae,Dendroides,Dendroides canadensis,9,6/21/2017,HickoryBottoms,B,6/7/2017,108,Single
6212017HBB3,OTU1021,US,0.0017,BOLD:AAG0758,Animalia,Arthropoda,Insecta,Lepidoptera,NA,NA,NA,5,6/21/2017,HickoryBottoms,B,6/7/2017,108,Single
6212017HBB3,OTU1040,SS,0.14,BOLD:AAU6662,Animalia,Arthropoda,Insecta,Diptera,NA,NA,NA,23,6/21/2017,HickoryBottoms,B,6/7/2017,108,Single
6212017HBB3,OTU1047,GS,99.4,BOLD:ACC8989,Animalia,Arthropoda,Insecta,Lepidoptera,Batrachedridae,Batrachedra,NA,1,6/21/2017,HickoryBottoms,B,6/7/2017,108,Single
6212017HBB3,OTU1078,SS,0.86,BOLD:AAG0758,Animalia,Arthropoda,Insecta,Coleoptera,Pyrochroidae,Dendroides,Dendroides canadensis,1,6/21/2017,HickoryBottoms,B,6/7/2017,108,Single
6212017HBB3,OTU1099,US,5e-04,BOLD:AAG0758,Animalia,Arthropoda,Insecta,Diptera,NA,NA,NA,19,6/21/2017,HickoryBottoms,B,6/7/2017,108,Single
6212017HBB3,OTU1100,GS,97,BOLD:AAF9064,Animalia,Arthropoda,Insecta,Diptera,Limoniidae,Elephantomyia,Elephantomyia westwoodi,15,6/21/2017,HickoryBottoms,B,6/7/2017,108,Single
6212017HBB3,OTU1134,GS,99.4,BOLD:AAB3667,Animalia,Arthropoda,Insecta,Lepidoptera,Crambidae,Conchylodes,Conchylodes ovulalis,1,6/21/2017,HickoryBottoms,B,6/7/2017,108,Single
6212017HBB3,OTU1164,SS,0.84,BOLD:AAG0758,Animalia,Arthropoda,Insecta,Coleoptera,Pyrochroidae,Dendroides,Dendroides canadensis,45,6/21/2017,HickoryBottoms,B,6/7/2017,108,Single
6212017HBB3,OTU1172,SS,0.83,BOLD:AAD6926,Animalia,Arthropoda,Arachnida,Araneae,Anyphaenidae,Anyphaena,Anyphaena pectorosa,12,6/21/2017,HickoryBottoms,B,6/7/2017,108,Single
6212017HBB3,OTU1220,US,0.7924,BOLD:AAG0758,Animalia,Arthropoda,Insecta,NA,NA,NA,NA,5,6/21/2017,HickoryBottoms,B,6/7/2017,108,Single
6212017HBB3,OTU1234,GS,100,BOLD:AAC7661,Animalia,Arthropoda,Insecta,Lepidoptera,Tortricidae,Pristerognatha,Pristerognatha fuligana,2,6/21/2017,HickoryBottoms,B,6/7/2017,108,Single
6212017HBB3,OTU1257,US,0.9546,BOLD:AAG0758,Animalia,Arthropoda,Insecta,Lepidoptera,NA,NA,NA,30,6/21/2017,HickoryBottoms,B,6/7/2017,108,Single
6212017HBB3,OTU1278,US,1,BOLD:AAG0758,Animalia,Arthropoda,Insecta,Coleoptera,NA,NA,NA,17,6/21/2017,HickoryBottoms,B,6/7/2017,108,Single
6212017HBB3,OTU1312,US,0.0093,BOLD:AAG0758,Animalia,Arthropoda,Insecta,Lepidoptera,NA,NA,NA,53,6/21/2017,HickoryBottoms,B,6/7/2017,108,Single
6212017HBB3,OTU1350,GS,97.2,BOLD:AAA7067,Animalia,Arthropoda,Insecta,Diptera,Culicidae,Aedes,Aedes vexans,21,6/21/2017,HickoryBottoms,B,6/7/2017,108,Single
6212017HBB3,OTU1363,GS,100,BOLD:AAH0074,Animalia,Arthropoda,Insecta,Coleoptera,Scirtidae,Cyphon,Cyphon obscurus,20,6/21/2017,HickoryBottoms,B,6/7/2017,108,Single
6212017HBB3,OTU1399,SS,0.28,BOLD:AAX9373,Animalia,Arthropoda,Insecta,Diptera,NA,NA,NA,44,6/21/2017,HickoryBottoms,B,6/7/2017,108,Single
6212017HBB3,OTU1443,SS,0.87,BOLD:AAG0758,Animalia,Arthropoda,Insecta,Coleoptera,Pyrochroidae,Dendroides,Dendroides canadensis,8,6/21/2017,HickoryBottoms,B,6/7/2017,108,Single
6212017HBB3,OTU1488,SS,0.76,BOLD:AAF8973,Animalia,Arthropoda,Insecta,Diptera,Tipulidae,NA,NA,14,6/21/2017,HickoryBottoms,B,6/7/2017,108,Single
6212017HBB3,OTU1497,SS,0.97,BOLD:AAI1618,Animalia,Arthropoda,Insecta,Diptera,Culicidae,Coquillettidia,Coquillettidia perturbans,4,6/21/2017,HickoryBottoms,B,6/7/2017,108,Single
6212017HBB3,OTU1509,GS,97.2,BOLD:AAF9000,Animalia,Arthropoda,Insecta,Diptera,NA,NA,NA,723,6/21/2017,HickoryBottoms,B,6/7/2017,108,Single
6212017HBB3,OTU1523,US,2e-04,BOLD:AAG0758,Animalia,Arthropoda,Insecta,Coleoptera,NA,NA,NA,46,6/21/2017,HickoryBottoms,B,6/7/2017,108,Single
6212017HBB3,OTU1547,GS,98.9,BOLD:AAA9667,Animalia,Arthropoda,Insecta,Lepidoptera,Oecophoridae,Epicallima,Epicallima argenticinctella,17,6/21/2017,HickoryBottoms,B,6/7/2017,108,Single
6212017HBB3,OTU1552,SS,0.74,BOLD:AAG0758,Animalia,Arthropoda,Insecta,Coleoptera,Pyrochroidae,Dendroides,NA,1,6/21/2017,HickoryBottoms,B,6/7/2017,108,Single
6212017HBB3,OTU1563,US,0,BOLD:AAG0758,Animalia,Arthropoda,Insecta,Lepidoptera,NA,NA,NA,26,6/21/2017,HickoryBottoms,B,6/7/2017,108,Single
6212017HBB3,OTU1581,SS,0.94,BOLD:ACF4855,Animalia,Arthropoda,Insecta,Lepidoptera,Gelechiidae,Dichomeris,Dichomeris kimballi,41,6/21/2017,HickoryBottoms,B,6/7/2017,108,Single
6212017HBB3,OTU1583,US,0,BOLD:AAG0758,Animalia,Arthropoda,Insecta,Lepidoptera,NA,NA,NA,4,6/21/2017,HickoryBottoms,B,6/7/2017,108,Single
6212017HBB3,OTU1607,SS,0.89,BOLD:AAG0758,Animalia,Arthropoda,Insecta,Coleoptera,Pyrochroidae,Dendroides,Dendroides canadensis,3,6/21/2017,HickoryBottoms,B,6/7/2017,108,Single
6212017HBB3,OTU1633,US,7e-04,BOLD:AAG0758,Animalia,Arthropoda,Insecta,Coleoptera,NA,NA,NA,1,6/21/2017,HickoryBottoms,B,6/7/2017,108,Single
6212017HBB3,OTU1648,US,0.8732,BOLD:AAG0758,Animalia,Arthropoda,Insecta,Lepidoptera,NA,NA,NA,45,6/21/2017,HickoryBottoms,B,6/7/2017,108,Single
6212017HBB3,OTU1667,US,0,BOLD:AAG0758,Animalia,Arthropoda,Insecta,Lepidoptera,NA,NA,NA,18,6/21/2017,HickoryBottoms,B,6/7/2017,108,Single
6212017HBB3,OTU1703,SS,0.06,BOLD:AAG4526,Animalia,Arthropoda,Insecta,Diptera,Tipulidae,Tipula,NA,7,6/21/2017,HickoryBottoms,B,6/7/2017,108,Single
6212017HBB3,OTU1733,US,0.9715,BOLD:AAU6662,Animalia,Arthropoda,Insecta,Diptera,NA,NA,NA,4,6/21/2017,HickoryBottoms,B,6/7/2017,108,Single
6212017HBB3,OTU1738,SS,0.89,BOLD:AAG0758,Animalia,Arthropoda,Insecta,Coleoptera,Pyrochroidae,Dendroides,Dendroides canadensis,3,6/21/2017,HickoryBottoms,B,6/7/2017,108,Single
6212017HBB3,OTU1748,SS,0.6,BOLD:ACF8409,Animalia,Arthropoda,Insecta,Diptera,NA,NA,NA,3,6/21/2017,HickoryBottoms,B,6/7/2017,108,Single
6212017HBB3,OTU1754,US,9e-04,BOLD:AAG0758,Animalia,Arthropoda,Insecta,Lepidoptera,NA,NA,NA,2,6/21/2017,HickoryBottoms,B,6/7/2017,108,Single
6212017HBB3,OTU1784,US,0.986,BOLD:AAB2304,Animalia,Arthropoda,Insecta,Lepidoptera,NA,NA,NA,2,6/21/2017,HickoryBottoms,B,6/7/2017,108,Single
6212017HBB3,OTU1788,SS,0.63,BOLD:AAF9010,Animalia,Arthropoda,Insecta,Diptera,NA,NA,NA,9,6/21/2017,HickoryBottoms,B,6/7/2017,108,Single
6212017HBB3,OTU1875,SS,0.92,BOLD:AAI1618,Animalia,Arthropoda,Insecta,Diptera,Culicidae,Coquillettidia,Coquillettidia perturbans,2,6/21/2017,HickoryBottoms,B,6/7/2017,108,Single
6212017HBB4,OTU68,GS,100,BOLD:AAB7030,Animalia,Arthropoda,Insecta,Diptera,Chironomidae,Chironomus,Chironomus decorus,474,6/21/2017,HickoryBottoms,B,6/7/2017,108,Single
6212017HBB4,OTU198,GS,99.4,BOLD:ABZ1242,Animalia,Arthropoda,Insecta,Diptera,Chironomidae,NA,NA,7,6/21/2017,HickoryBottoms,B,6/7/2017,108,Single
6212017HBB4,OTU243,US,0,BOLD:ACB3149,Animalia,Arthropoda,Branchiopoda,Diplostraca,NA,NA,NA,8,6/21/2017,HickoryBottoms,B,6/7/2017,108,Single
6212017HBB4,OTU287,GS,98.9,BOLD:AAG5457,Animalia,Arthropoda,Insecta,Diptera,Chironomidae,NA,NA,38,6/21/2017,HickoryBottoms,B,6/7/2017,108,Single
6212017HBB4,OTU388,GS,100,BOLD:AAN5315,Animalia,Arthropoda,Insecta,Diptera,Chironomidae,NA,NA,6,6/21/2017,HickoryBottoms,B,6/7/2017,108,Single
6212017HBB4,OTU489,GS,100,BOLD:ABX9225,Animalia,Arthropoda,Insecta,Diptera,Limoniidae,Rhipidia,NA,3,6/21/2017,HickoryBottoms,B,6/7/2017,108,Single
6212017HBB4,OTU517,US,0,None,Animalia,Arthropoda,Insecta,Diptera,NA,NA,NA,2,6/21/2017,HickoryBottoms,B,6/7/2017,108,Single
6212017HBB4,OTU712,US,1,None,Animalia,Arthropoda,Insecta,Hymenoptera,NA,NA,NA,2,6/21/2017,HickoryBottoms,B,6/7/2017,108,Single
6212017HBB4,OTU824,GS,100,BOLD:AAI1938,Animalia,Arthropoda,Arachnida,Araneae,Lycosidae,Tigrosa,Tigrosa grandis,7,6/21/2017,HickoryBottoms,B,6/7/2017,108,Single
6212017HBB4,OTU973,US,0,BOLD:ACW5825,Animalia,Arthropoda,Arachnida,Trombidiformes,NA,NA,NA,1,6/21/2017,HickoryBottoms,B,6/7/2017,108,Single
6212017HBB4,OTU1436,GS,99.4,BOLD:AAD6762,Animalia,Arthropoda,Arachnida,Araneae,Lycosidae,Pirata,Pirata sedentarius,3,6/21/2017,HickoryBottoms,B,6/7/2017,108,Single
6212017HBB4,OTU1547,GS,98.9,BOLD:AAA9667,Animalia,Arthropoda,Insecta,Lepidoptera,Oecophoridae,Epicallima,Epicallima argenticinctella,3,6/21/2017,HickoryBottoms,B,6/7/2017,108,Single
6212017HBB5,OTU1,US,0.0026,BOLD:AAD6798,Animalia,Arthropoda,Insecta,Diptera,NA,NA,NA,229,6/21/2017,HickoryBottoms,B,6/7/2017,108,Single
6212017HBB5,OTU5,GS,99.4,BOLD:AAN5451,Animalia,Arthropoda,Arachnida,Araneae,Araneidae,Eustala,NA,861,6/21/2017,HickoryBottoms,B,6/7/2017,108,Single
6212017HBB5,OTU7,GS,100,BOLD:AAF4632,Animalia,Arthropoda,Insecta,Diptera,Limoniidae,Epiphragma,Epiphragma solatrix,646,6/21/2017,HickoryBottoms,B,6/7/2017,108,Single
6212017HBB5,OTU9,US,0.7924,BOLD:AAG8502,Animalia,Arthropoda,Insecta,NA,NA,NA,NA,260,6/21/2017,HickoryBottoms,B,6/7/2017,108,Single
6212017HBB5,OTU25,GS,100,BOLD:ACF0083,Animalia,Arthropoda,Insecta,Diptera,Tabanidae,Tabanus,Tabanus similis,346,6/21/2017,HickoryBottoms,B,6/7/2017,108,Single
6212017HBB5,OTU60,US,0.9963,BOLD:ACL1864,Animalia,Arthropoda,Insecta,Diptera,NA,NA,NA,22094,6/21/2017,HickoryBottoms,B,6/7/2017,108,Single
6212017HBB5,OTU73,GS,100,BOLD:AAD6926,Animalia,Arthropoda,Arachnida,Araneae,Anyphaenidae,Anyphaena,Anyphaena pectorosa,30,6/21/2017,HickoryBottoms,B,6/7/2017,108,Single
6212017HBB5,OTU80,US,1,BOLD:ACK1206,Animalia,Arthropoda,Insecta,Neuroptera,NA,NA,NA,186,6/21/2017,HickoryBottoms,B,6/7/2017,108,Single
6212017HBB5,OTU120,GS,100,BOLD:AAV3042,Animalia,Arthropoda,Arachnida,Araneae,Theridiidae,Theridion,Theridion albidum,51,6/21/2017,HickoryBottoms,B,6/7/2017,108,Single
6212017HBB5,OTU198,GS,99.4,BOLD:ABZ1242,Animalia,Arthropoda,Insecta,Diptera,Chironomidae,NA,NA,8,6/21/2017,HickoryBottoms,B,6/7/2017,108,Single
6212017HBB5,OTU214,GS,99.4,BOLD:AAW6795,Animalia,Arthropoda,Insecta,Diptera,NA,NA,NA,20,6/21/2017,HickoryBottoms,B,6/7/2017,108,Single
6212017HBB5,OTU304,GS,100,BOLD:AAD6122,Animalia,Arthropoda,Insecta,Diptera,NA,NA,NA,72,6/21/2017,HickoryBottoms,B,6/7/2017,108,Single
6212017HBB5,OTU407,GS,99.4,BOLD:AAK8831,Animalia,Arthropoda,Insecta,Diptera,Limoniidae,Metalimnobia,Metalimnobia cinctipes,17,6/21/2017,HickoryBottoms,B,6/7/2017,108,Single
6212017HBB5,OTU442,GS,97.2,BOLD:ABU6554,Animalia,Arthropoda,Insecta,Diptera,NA,NA,NA,10,6/21/2017,HickoryBottoms,B,6/7/2017,108,Single
6212017HBB5,OTU469,GS,100,BOLD:AAR7014,Animalia,Arthropoda,Insecta,Lepidoptera,Gracillariidae,Neurobathra,Neurobathra strigifinitella,5,6/21/2017,HickoryBottoms,B,6/7/2017,108,Single
6212017HBB5,OTU527,GS,100,BOLD:ABX0334,Animalia,Arthropoda,Insecta,Hemiptera,Miridae,Tropidosteptes,Tropidosteptes amoenus,3,6/21/2017,HickoryBottoms,B,6/7/2017,108,Single
6212017HBB5,OTU557,GS,98.3,BOLD:AAO7609,Animalia,Arthropoda,Insecta,Diptera,NA,NA,NA,1,6/21/2017,HickoryBottoms,B,6/7/2017,108,Single
6212017HBB5,OTU661,SS,0.27,BOLD:ABV9305,Animalia,Arthropoda,Insecta,Diptera,NA,NA,NA,1,6/21/2017,HickoryBottoms,B,6/7/2017,108,Single
6212017HBB5,OTU688,GS,97.8,BOLD:ACC0381,Animalia,Arthropoda,Insecta,Hemiptera,Miridae,Tropidosteptes,NA,2,6/21/2017,HickoryBottoms,B,6/7/2017,108,Single
6212017HBB5,OTU786,SS,0.09,BOLD:AAM5298,Animalia,Arthropoda,Insecta,Lepidoptera,NA,NA,NA,1,6/21/2017,HickoryBottoms,B,6/7/2017,108,Single
6212017HBB5,OTU807,GS,99.4,BOLD:AAD2595,Animalia,Arthropoda,Insecta,Diptera,Culicidae,Anopheles,Anopheles walkeri,3,6/21/2017,HickoryBottoms,B,6/7/2017,108,Single
6212017HBB5,OTU884,US,0.9715,BOLD:ACG1878,Animalia,Arthropoda,Insecta,Diptera,NA,NA,NA,3,6/21/2017,HickoryBottoms,B,6/7/2017,108,Single
6212017HBB5,OTU890,GS,100,BOLD:ACE3004,Animalia,Arthropoda,Insecta,Lepidoptera,Erebidae,Hyperstrotia,Hyperstrotia nana,1,6/21/2017,HickoryBottoms,B,6/7/2017,108,Single
6212017HBB5,OTU956,SS,0.08,BOLD:ACN4095,Animalia,Arthropoda,Insecta,Diptera,NA,NA,NA,1,6/21/2017,HickoryBottoms,B,6/7/2017,108,Single
6212017HBB5,OTU1007,GS,100,BOLD:AAB9820,Animalia,Arthropoda,Insecta,Lepidoptera,Autostichidae,Glyphidocera,Glyphidocera dimorphella,4,6/21/2017,HickoryBottoms,B,6/7/2017,108,Single
6212017HBB5,OTU1034,US,7e-04,BOLD:AAI5631,Animalia,Arthropoda,Insecta,Mecoptera,NA,NA,NA,1,6/21/2017,HickoryBottoms,B,6/7/2017,108,Single
6212017HBB5,OTU1040,SS,0.14,BOLD:AAU6662,Animalia,Arthropoda,Insecta,Diptera,NA,NA,NA,1,6/21/2017,HickoryBottoms,B,6/7/2017,108,Single
6212017HBB5,OTU1104,GS,100,BOLD:AAC8999,Animalia,Arthropoda,Insecta,Lepidoptera,Tortricidae,Aethes,Aethes angustana,42,6/21/2017,HickoryBottoms,B,6/7/2017,108,Single
6212017HBB5,OTU1128,GS,100,BOLD:ABW2675,Animalia,Arthropoda,Insecta,Diptera,Tipulidae,Brachypremna,NA,3,6/21/2017,HickoryBottoms,B,6/7/2017,108,Single
6212017HBB5,OTU1210,GS,97.2,BOLD:AAF4632,Animalia,Arthropoda,Insecta,Diptera,Limoniidae,Epiphragma,Epiphragma solatrix,7,6/21/2017,HickoryBottoms,B,6/7/2017,108,Single
6212017HBB5,OTU1330,US,0.9249,BOLD:ACP5792,Animalia,Arthropoda,Insecta,Diptera,NA,NA,NA,5,6/21/2017,HickoryBottoms,B,6/7/2017,108,Single
6212017HBB5,OTU1352,GS,100,BOLD:ABW2707,Animalia,Arthropoda,Insecta,Diptera,Chironomidae,Polypedilum,NA,2,6/21/2017,HickoryBottoms,B,6/7/2017,108,Single
6212017HBB5,OTU1368,GS,97.2,BOLD:ABU6554,Animalia,Arthropoda,Insecta,Diptera,NA,NA,NA,6,6/21/2017,HickoryBottoms,B,6/7/2017,108,Single
6212017HBB5,OTU1399,SS,0.28,BOLD:AAX9373,Animalia,Arthropoda,Insecta,Diptera,NA,NA,NA,13,6/21/2017,HickoryBottoms,B,6/7/2017,108,Single
6212017HBB5,OTU1406,GS,99.4,BOLD:AAM6196,Animalia,Arthropoda,Insecta,Diptera,Ceratopogonidae,Palpomyia,NA,1,6/21/2017,HickoryBottoms,B,6/7/2017,108,Single
6212017HBB5,OTU1484,SS,0.49,BOLD:ABW2531,Animalia,Arthropoda,Insecta,Diptera,NA,NA,NA,101,6/21/2017,HickoryBottoms,B,6/7/2017,108,Single
6212017HBB5,OTU1529,GS,99.4,BOLD:AAH4490,Animalia,Arthropoda,Insecta,Lepidoptera,Gracillariidae,Phyllonorycter,Phyllonorycter argentinotella,1,6/21/2017,HickoryBottoms,B,6/7/2017,108,Single
6212017HBB5,OTU1630,GS,99.4,BOLD:AAG1957,Animalia,Arthropoda,Arachnida,Araneae,Salticidae,Colonus,Colonus sylvanus,1,6/21/2017,HickoryBottoms,B,6/7/2017,108,Single
6212017HBB6,OTU1,US,0.0026,BOLD:AAD6798,Animalia,Arthropoda,Insecta,Diptera,NA,NA,NA,177,6/21/2017,HickoryBottoms,B,6/7/2017,108,Single
6212017HBB6,OTU14,GS,99.4,BOLD:AAO3940,Animalia,Arthropoda,Insecta,Diptera,Limoniidae,Rhipidia,NA,13385,6/21/2017,HickoryBottoms,B,6/7/2017,108,Single
6212017HBB6,OTU15,GS,100,BOLD:ABZ0908,Animalia,Arthropoda,Insecta,Diptera,Tipulidae,Nephrotoma,Nephrotoma ferruginea,208,6/21/2017,HickoryBottoms,B,6/7/2017,108,Single
6212017HBB6,OTU16,GS,100,BOLD:AAA7067,Animalia,Arthropoda,Insecta,Diptera,Culicidae,Aedes,Aedes vexans,252,6/21/2017,HickoryBottoms,B,6/7/2017,108,Single
6212017HBB6,OTU25,GS,100,BOLD:ACF0083,Animalia,Arthropoda,Insecta,Diptera,Tabanidae,Tabanus,Tabanus similis,5012,6/21/2017,HickoryBottoms,B,6/7/2017,108,Single
6212017HBB6,OTU68,GS,100,BOLD:AAB7030,Animalia,Arthropoda,Insecta,Diptera,Chironomidae,Chironomus,Chironomus decorus,97,6/21/2017,HickoryBottoms,B,6/7/2017,108,Single
6212017HBB6,OTU71,GSL,100,BOLD:AAA7661,Animalia,Arthropoda,Insecta,Diptera,Culicidae,NA,NA,52,6/21/2017,HickoryBottoms,B,6/7/2017,108,Single
6212017HBB6,OTU93,GS,99.4,BOLD:AAM4329,Animalia,Arthropoda,Insecta,Hemiptera,Cimicidae,Cimex,Cimex adjunctus,152,6/21/2017,HickoryBottoms,B,6/7/2017,108,Single
6212017HBB6,OTU100,US,0,BOLD:ACD6759,Animalia,Arthropoda,Insecta,Hymenoptera,NA,NA,NA,944,6/21/2017,HickoryBottoms,B,6/7/2017,108,Single
6212017HBB6,OTU120,GS,100,BOLD:AAV3042,Animalia,Arthropoda,Arachnida,Araneae,Theridiidae,Theridion,Theridion albidum,126,6/21/2017,HickoryBottoms,B,6/7/2017,108,Single
6212017HBB6,OTU141,GS,100,BOLD:ABX6186,Animalia,Arthropoda,Insecta,Diptera,Tipulidae,Nephrotoma,Nephrotoma ferruginea,40,6/21/2017,HickoryBottoms,B,6/7/2017,108,Single
6212017HBB6,OTU190,GS,100,BOLD:ABY7666,Animalia,Arthropoda,Insecta,Diptera,Culicidae,Culex,Culex territans,42,6/21/2017,HickoryBottoms,B,6/7/2017,108,Single
6212017HBB6,OTU198,GS,99.4,BOLD:ABZ1242,Animalia,Arthropoda,Insecta,Diptera,Chironomidae,NA,NA,7,6/21/2017,HickoryBottoms,B,6/7/2017,108,Single
6212017HBB6,OTU214,GS,99.4,BOLD:AAW6795,Animalia,Arthropoda,Insecta,Diptera,NA,NA,NA,55,6/21/2017,HickoryBottoms,B,6/7/2017,108,Single
6212017HBB6,OTU259,US,0.9963,BOLD:AAL6280,Animalia,Arthropoda,Arachnida,Araneae,NA,NA,NA,5,6/21/2017,HickoryBottoms,B,6/7/2017,108,Single
6212017HBB6,OTU272,GS,100,BOLD:AAJ3819,Animalia,Arthropoda,Insecta,Diptera,Clusiidae,Sobarocephala,Sobarocephala setipes,7,6/21/2017,HickoryBottoms,B,6/7/2017,108,Single
6212017HBB6,OTU276,SS,0.44,BOLD:ACE7334,Animalia,Arthropoda,Insecta,Diptera,NA,NA,NA,7,6/21/2017,HickoryBottoms,B,6/7/2017,108,Single
6212017HBB6,OTU287,GS,98.9,BOLD:AAG5457,Animalia,Arthropoda,Insecta,Diptera,Chironomidae,NA,NA,44,6/21/2017,HickoryBottoms,B,6/7/2017,108,Single
6212017HBB6,OTU299,SS,0.18,BOLD:ACJ2126,Animalia,Arthropoda,Insecta,Diptera,NA,NA,NA,22,6/21/2017,HickoryBottoms,B,6/7/2017,108,Single
6212017HBB6,OTU373,GS,98.9,BOLD:AAG8953,Animalia,Arthropoda,Insecta,Hemiptera,Cicadellidae,Gyponana,Gyponana amara,4465,6/21/2017,HickoryBottoms,B,6/7/2017,108,Single
6212017HBB6,OTU527,GS,100,BOLD:ABX0334,Animalia,Arthropoda,Insecta,Hemiptera,Miridae,Tropidosteptes,Tropidosteptes amoenus,7,6/21/2017,HickoryBottoms,B,6/7/2017,108,Single
6212017HBB6,OTU549,GS,100,BOLD:AAM8604,Animalia,Arthropoda,Insecta,Lepidoptera,NA,NA,NA,1,6/21/2017,HickoryBottoms,B,6/7/2017,108,Single
6212017HBB6,OTU575,GS,98.9,BOLD:ACA7044,Animalia,Arthropoda,Insecta,Hymenoptera,Ichneumonidae,NA,NA,467,6/21/2017,HickoryBottoms,B,6/7/2017,108,Single
6212017HBB6,OTU580,GS,98.3,BOLD:ABZ0908,Animalia,Arthropoda,Insecta,Diptera,Tipulidae,Nephrotoma,Nephrotoma ferruginea,31,6/21/2017,HickoryBottoms,B,6/7/2017,108,Single
6212017HBB6,OTU634,SS,0.84,BOLD:AAZ5977,Animalia,Arthropoda,Insecta,Diptera,Stratiomyidae,Oxycera,Oxycera albovittata,154,6/21/2017,HickoryBottoms,B,6/7/2017,108,Single
6212017HBB6,OTU636,GS,99.4,BOLD:AAM6230,Animalia,Arthropoda,Insecta,Diptera,Chironomidae,Chironomus,NA,2,6/21/2017,HickoryBottoms,B,6/7/2017,108,Single
6212017HBB6,OTU655,SS,0.61,BOLD:AAA3776,Animalia,Arthropoda,Insecta,Diptera,NA,NA,NA,4,6/21/2017,HickoryBottoms,B,6/7/2017,108,Single
6212017HBB6,OTU715,SS,0.71,BOLD:ABZ0908,Animalia,Arthropoda,Insecta,Diptera,NA,NA,NA,109,6/21/2017,HickoryBottoms,B,6/7/2017,108,Single
6212017HBB6,OTU728,GS,100,BOLD:ABA6114,Animalia,Arthropoda,Insecta,Hymenoptera,Diapriidae,NA,NA,98,6/21/2017,HickoryBottoms,B,6/7/2017,108,Single
6212017HBB6,OTU738,GS,99.4,BOLD:AAC9476,Animalia,Arthropoda,Insecta,Diptera,Culicidae,Aedes,Aedes triseriatus,35,6/21/2017,HickoryBottoms,B,6/7/2017,108,Single
6212017HBB6,OTU741,GS,100,BOLD:AAA4123,Animalia,Arthropoda,Arachnida,Araneae,Araneidae,Neoscona,Neoscona arabesca,1,6/21/2017,HickoryBottoms,B,6/7/2017,108,Single
6212017HBB6,OTU902,US,0,None,Animalia,Arthropoda,Insecta,Hymenoptera,NA,NA,NA,1,6/21/2017,HickoryBottoms,B,6/7/2017,108,Single
6212017HBB6,OTU907,SS,0.01,BOLD:AAO3940,Animalia,Arthropoda,Insecta,Diptera,Limoniidae,Rhipidia,NA,11,6/21/2017,HickoryBottoms,B,6/7/2017,108,Single
6212017HBB6,OTU935,SS,0.01,BOLD:AAO3940,Animalia,Arthropoda,Insecta,Diptera,Limoniidae,Rhipidia,NA,17,6/21/2017,HickoryBottoms,B,6/7/2017,108,Single
6212017HBB6,OTU978,SS,0.71,BOLD:AAG5479,Animalia,Arthropoda,Insecta,Diptera,Chironomidae,NA,NA,4,6/21/2017,HickoryBottoms,B,6/7/2017,108,Single
6212017HBB6,OTU995,GS,100,BOLD:AAN6208,Animalia,Arthropoda,Insecta,Coleoptera,Aderidae,NA,NA,1,6/21/2017,HickoryBottoms,B,6/7/2017,108,Single
6212017HBB6,OTU1034,US,7e-04,BOLD:AAI5631,Animalia,Arthropoda,Insecta,Mecoptera,NA,NA,NA,6,6/21/2017,HickoryBottoms,B,6/7/2017,108,Single
6212017HBB6,OTU1040,SS,0.14,BOLD:AAU6662,Animalia,Arthropoda,Insecta,Diptera,NA,NA,NA,11,6/21/2017,HickoryBottoms,B,6/7/2017,108,Single
6212017HBB6,OTU1144,US,0,BOLD:AAL5466,Animalia,Arthropoda,Insecta,Diptera,NA,NA,NA,3,6/21/2017,HickoryBottoms,B,6/7/2017,108,Single
6212017HBB6,OTU1242,GS,98.9,BOLD:AAW9539,Animalia,Arthropoda,Insecta,Diptera,Culicidae,Orthopodomyia,Orthopodomyia signifera,45,6/21/2017,HickoryBottoms,B,6/7/2017,108,Single
6212017HBB6,OTU1306,GS,97.2,BOLD:ABX5600,Animalia,Arthropoda,Insecta,Hemiptera,Cicadellidae,Gyponana,Gyponana cana,1,6/21/2017,HickoryBottoms,B,6/7/2017,108,Single
6212017HBB6,OTU1350,GS,97.2,BOLD:AAA7067,Animalia,Arthropoda,Insecta,Diptera,Culicidae,Aedes,Aedes vexans,38,6/21/2017,HickoryBottoms,B,6/7/2017,108,Single
6212017HBB6,OTU1351,SS,0.94,BOLD:AAB7030,Animalia,Arthropoda,Insecta,Diptera,Chironomidae,Chironomus,Chironomus decorus,9,6/21/2017,HickoryBottoms,B,6/7/2017,108,Single
6212017HBB6,OTU1399,SS,0.28,BOLD:AAX9373,Animalia,Arthropoda,Insecta,Diptera,NA,NA,NA,7,6/21/2017,HickoryBottoms,B,6/7/2017,108,Single
6212017HBB6,OTU1469,SS,0.21,BOLD:ACU1514,Animalia,Arthropoda,Insecta,Diptera,NA,NA,NA,1,6/21/2017,HickoryBottoms,B,6/7/2017,108,Single
6212017HBB6,OTU1495,US,0.9859,BOLD:AAJ0213,Animalia,Arthropoda,Insecta,Diptera,NA,NA,NA,1,6/21/2017,HickoryBottoms,B,6/7/2017,108,Single
6212017HBB6,OTU1577,GS,98.3,BOLD:AAB5696,Animalia,Arthropoda,Insecta,Diptera,Culicidae,Aedes,Aedes canadensis,9,6/21/2017,HickoryBottoms,B,6/7/2017,108,Single
6212017HBB6,OTU1733,US,0.9715,BOLD:AAU6662,Animalia,Arthropoda,Insecta,Diptera,NA,NA,NA,7,6/21/2017,HickoryBottoms,B,6/7/2017,108,Single
6212017HBB6,OTU1748,SS,0.6,BOLD:ACF8409,Animalia,Arthropoda,Insecta,Diptera,NA,NA,NA,4,6/21/2017,HickoryBottoms,B,6/7/2017,108,Single
6212017HBB6,OTU1797,SS,0.63,BOLD:ABX6186,Animalia,Arthropoda,Insecta,Diptera,NA,NA,NA,1,6/21/2017,HickoryBottoms,B,6/7/2017,108,Single
6212017HBB7,OTU3,GS,100,BOLD:AAP2734,Animalia,Arthropoda,Insecta,Diptera,Limoniidae,Erioptera,Erioptera parva,450,6/21/2017,HickoryBottoms,B,6/7/2017,108,Single
6212017HBB7,OTU5,GS,99.4,BOLD:AAN5451,Animalia,Arthropoda,Arachnida,Araneae,Araneidae,Eustala,NA,2525,6/21/2017,HickoryBottoms,B,6/7/2017,108,Single
6212017HBB7,OTU34,GS,100,BOLD:AAM6211,Animalia,Arthropoda,Insecta,Diptera,Chironomidae,Glyptotendipes,NA,151,6/21/2017,HickoryBottoms,B,6/7/2017,108,Single
6212017HBB7,OTU59,SS,0.76,BOLD:ACY4680,Animalia,Arthropoda,Arachnida,Trombidiformes,NA,NA,NA,23964,6/21/2017,HickoryBottoms,B,6/7/2017,108,Single
6212017HBB7,OTU68,GS,100,BOLD:AAB7030,Animalia,Arthropoda,Insecta,Diptera,Chironomidae,Chironomus,Chironomus decorus,229,6/21/2017,HickoryBottoms,B,6/7/2017,108,Single
6212017HBB7,OTU198,GS,99.4,BOLD:ABZ1242,Animalia,Arthropoda,Insecta,Diptera,Chironomidae,NA,NA,6,6/21/2017,HickoryBottoms,B,6/7/2017,108,Single
6212017HBB7,OTU218,GS,100,BOLD:AAA4274,Animalia,Arthropoda,Insecta,Lepidoptera,Tineidae,Acrolophus,Acrolophus texanella,32,6/21/2017,HickoryBottoms,B,6/7/2017,108,Single
6212017HBB7,OTU557,GS,98.3,BOLD:AAO7609,Animalia,Arthropoda,Insecta,Diptera,NA,NA,NA,6,6/21/2017,HickoryBottoms,B,6/7/2017,108,Single
6212017HBB7,OTU812,US,0.3913,None,Animalia,Arthropoda,Maxillopoda,Calanoida,NA,NA,NA,1,6/21/2017,HickoryBottoms,B,6/7/2017,108,Single
6212017HBB7,OTU992,US,0.9881,BOLD:ACJ0672,Animalia,Arthropoda,Insecta,Diptera,NA,NA,NA,5,6/21/2017,HickoryBottoms,B,6/7/2017,108,Single
6212017HBB7,OTU1013,US,0.2833,None,Animalia,Arthropoda,Arachnida,Araneae,NA,NA,NA,7,6/21/2017,HickoryBottoms,B,6/7/2017,108,Single
6212017HBB7,OTU1033,GS,100,BOLD:AAD7682,Animalia,Arthropoda,Insecta,Lepidoptera,Coleophoridae,Coleophora,NA,3,6/21/2017,HickoryBottoms,B,6/7/2017,108,Single
6212017HBB7,OTU1097,GS,97.2,BOLD:AAN5451,Animalia,Arthropoda,Arachnida,Araneae,Araneidae,Eustala,NA,52,6/21/2017,HickoryBottoms,B,6/7/2017,108,Single
6212017HBB7,OTU1127,GS,100,BOLD:AAU8651,Animalia,Arthropoda,Insecta,Hymenoptera,Ichneumonidae,NA,NA,6,6/21/2017,HickoryBottoms,B,6/7/2017,108,Single
6212017HBB7,OTU1436,GS,99.4,BOLD:AAD6762,Animalia,Arthropoda,Arachnida,Araneae,Lycosidae,Pirata,Pirata sedentarius,29,6/21/2017,HickoryBottoms,B,6/7/2017,108,Single
6212017HBB7,OTU1839,US,1,BOLD:ABA5268,Animalia,Arthropoda,Arachnida,Araneae,NA,NA,NA,15,6/21/2017,HickoryBottoms,B,6/7/2017,108,Single
6212017HBB7,OTU1896,US,0.9201,BOLD:AAA0693,Animalia,Arthropoda,Insecta,Lepidoptera,NA,NA,NA,1,6/21/2017,HickoryBottoms,B,6/7/2017,108,Single
6212017HBB8,OTU3,GS,100,BOLD:AAP2734,Animalia,Arthropoda,Insecta,Diptera,Limoniidae,Erioptera,Erioptera parva,11146,6/21/2017,HickoryBottoms,B,6/7/2017,108,Single
6212017HBB8,OTU23,GS,100,BOLD:AAF9008,Animalia,Arthropoda,Insecta,Diptera,Limoniidae,Helius,Helius flavipes,303,6/21/2017,HickoryBottoms,B,6/7/2017,108,Single
6212017HBB8,OTU115,GS,100,BOLD:AAA4942,Animalia,Arthropoda,Arachnida,Araneae,Tetragnathidae,Tetragnatha,Tetragnatha elongata,19,6/21/2017,HickoryBottoms,B,6/7/2017,108,Single
6212017HBB8,OTU198,GS,99.4,BOLD:ABZ1242,Animalia,Arthropoda,Insecta,Diptera,Chironomidae,NA,NA,7,6/21/2017,HickoryBottoms,B,6/7/2017,108,Single
6212017HBB8,OTU270,GS,100,BOLD:AAB6541,Animalia,Arthropoda,Insecta,Lepidoptera,Gelechiidae,Coleotechnites,Coleotechnites florae,14,6/21/2017,HickoryBottoms,B,6/7/2017,108,Single
6212017HBB8,OTU396,SS,0.98,BOLD:AAP2734,Animalia,Arthropoda,Insecta,Diptera,Limoniidae,Erioptera,Erioptera parva,56,6/21/2017,HickoryBottoms,B,6/7/2017,108,Single
6212017HBB8,OTU532,GS,100,BOLD:AAF9306,Animalia,Arthropoda,Insecta,Diptera,Psychodidae,Psychoda,Psychoda alternata,24,6/21/2017,HickoryBottoms,B,6/7/2017,108,Single
6212017HBB8,OTU587,GS,100,BOLD:AAN6371,Animalia,Arthropoda,Arachnida,Araneae,Theridiidae,Wamba,Wamba crispulus,3,6/21/2017,HickoryBottoms,B,6/7/2017,108,Single
6212017HBB8,OTU624,GS,100,BOLD:AAP4712,Animalia,Arthropoda,Insecta,Diptera,Psychodidae,NA,NA,40,6/21/2017,HickoryBottoms,B,6/7/2017,108,Single
6212017HBB8,OTU884,US,0.9715,BOLD:ACG1878,Animalia,Arthropoda,Insecta,Diptera,NA,NA,NA,1,6/21/2017,HickoryBottoms,B,6/7/2017,108,Single
6212017HBB8,OTU898,US,0,BOLD:AAN2636,Animalia,Arthropoda,Insecta,Diptera,NA,NA,NA,1,6/21/2017,HickoryBottoms,B,6/7/2017,108,Single
6212017HBB8,OTU1127,GS,100,BOLD:AAU8651,Animalia,Arthropoda,Insecta,Hymenoptera,Ichneumonidae,NA,NA,73,6/21/2017,HickoryBottoms,B,6/7/2017,108,Single
6212017HBB8,OTU1282,GS,99.4,BOLD:ACU7477,Animalia,Arthropoda,Insecta,Diptera,Tachinidae,NA,NA,58,6/21/2017,HickoryBottoms,B,6/7/2017,108,Single
6212017HBB8,OTU1351,SS,0.94,BOLD:AAB7030,Animalia,Arthropoda,Insecta,Diptera,Chironomidae,Chironomus,Chironomus decorus,4,6/21/2017,HickoryBottoms,B,6/7/2017,108,Single
6212017HBB8,OTU1401,SS,0.78,BOLD:AAF9008,Animalia,Arthropoda,Insecta,Diptera,NA,NA,NA,1,6/21/2017,HickoryBottoms,B,6/7/2017,108,Single
6212017HBB8,OTU1482,SS,0.87,BOLD:AAF9008,Animalia,Arthropoda,Insecta,Diptera,Limoniidae,Helius,Helius flavipes,7,6/21/2017,HickoryBottoms,B,6/7/2017,108,Single
6212017HBB8,OTU1554,SS,0.92,BOLD:AAP2734,Animalia,Arthropoda,Insecta,Diptera,Limoniidae,Erioptera,Erioptera parva,144,6/21/2017,HickoryBottoms,B,6/7/2017,108,Single
6212017HBB8,OTU1647,SS,0.79,BOLD:ACU8967,Animalia,Arthropoda,Insecta,NA,NA,NA,NA,23,6/21/2017,HickoryBottoms,B,6/7/2017,108,Single
6212017HBB8,OTU1719,GS,97.2,BOLD:AAG0149,Animalia,Arthropoda,Insecta,Lepidoptera,NA,NA,NA,3,6/21/2017,HickoryBottoms,B,6/7/2017,108,Single
6212017HBB8,OTU1799,SS,0.24,BOLD:AAA4967,Animalia,Arthropoda,Insecta,Lepidoptera,NA,NA,NA,3,6/21/2017,HickoryBottoms,B,6/7/2017,108,Single
6212017HBB8,OTU1896,US,0.9201,BOLD:AAA0693,Animalia,Arthropoda,Insecta,Lepidoptera,NA,NA,NA,40,6/21/2017,HickoryBottoms,B,6/7/2017,108,Single
6212017HBB9,OTU23,GS,100,BOLD:AAF9008,Animalia,Arthropoda,Insecta,Diptera,Limoniidae,Helius,Helius flavipes,52462,6/21/2017,HickoryBottoms,B,6/7/2017,108,Single
6212017HBB9,OTU198,GS,99.4,BOLD:ABZ1242,Animalia,Arthropoda,Insecta,Diptera,Chironomidae,NA,NA,9,6/21/2017,HickoryBottoms,B,6/7/2017,108,Single
6212017HBB9,OTU310,GS,100,BOLD:ABX7479,Animalia,Arthropoda,Insecta,Diptera,Chironomidae,Parachironomus,NA,3,6/21/2017,HickoryBottoms,B,6/7/2017,108,Single
6212017HBB9,OTU557,GS,98.3,BOLD:AAO7609,Animalia,Arthropoda,Insecta,Diptera,NA,NA,NA,3,6/21/2017,HickoryBottoms,B,6/7/2017,108,Single
6212017HBB9,OTU655,SS,0.61,BOLD:AAA3776,Animalia,Arthropoda,Insecta,Diptera,NA,NA,NA,4,6/21/2017,HickoryBottoms,B,6/7/2017,108,Single
6212017HBB9,OTU661,SS,0.27,BOLD:ABV9305,Animalia,Arthropoda,Insecta,Diptera,NA,NA,NA,19,6/21/2017,HickoryBottoms,B,6/7/2017,108,Single
6212017HBB9,OTU871,GS,100,BOLD:AAA6740,Animalia,Arthropoda,Insecta,Lepidoptera,Tortricidae,Proteoteras,Proteoteras aesculana,1,6/21/2017,HickoryBottoms,B,6/7/2017,108,Single
6212017HBB9,OTU918,GS,100,BOLD:AAF9310,Animalia,Arthropoda,Insecta,Diptera,Psychodidae,NA,NA,2,6/21/2017,HickoryBottoms,B,6/7/2017,108,Single
6212017HBB9,OTU956,SS,0.08,BOLD:ACN4095,Animalia,Arthropoda,Insecta,Diptera,NA,NA,NA,23,6/21/2017,HickoryBottoms,B,6/7/2017,108,Single
6212017HBB9,OTU1176,US,0.9249,BOLD:AAF4632,Animalia,Arthropoda,Insecta,Diptera,NA,NA,NA,2,6/21/2017,HickoryBottoms,B,6/7/2017,108,Single
6212017HBB9,OTU1196,GS,100,BOLD:ACI5114,Animalia,Arthropoda,Insecta,Diptera,Cecidomyiidae,NA,NA,42,6/21/2017,HickoryBottoms,B,6/7/2017,108,Single
6212017HBB9,OTU1265,SS,0.83,BOLD:AAF4632,Animalia,Arthropoda,Insecta,Diptera,Limoniidae,Epiphragma,Epiphragma solatrix,7,6/21/2017,HickoryBottoms,B,6/7/2017,108,Single
6212017HBB9,OTU1317,SS,0.01,BOLD:AAN5451,Animalia,Arthropoda,Arachnida,Araneae,Araneidae,Eustala,NA,3,6/21/2017,HickoryBottoms,B,6/7/2017,108,Single
6212017HBB9,OTU1351,SS,0.94,BOLD:AAB7030,Animalia,Arthropoda,Insecta,Diptera,Chironomidae,Chironomus,Chironomus decorus,23,6/21/2017,HickoryBottoms,B,6/7/2017,108,Single
6212017HBB9,OTU1399,SS,0.28,BOLD:AAX9373,Animalia,Arthropoda,Insecta,Diptera,NA,NA,NA,3,6/21/2017,HickoryBottoms,B,6/7/2017,108,Single
6212017HBB9,OTU1401,SS,0.78,BOLD:AAF9008,Animalia,Arthropoda,Insecta,Diptera,NA,NA,NA,3,6/21/2017,HickoryBottoms,B,6/7/2017,108,Single
6212017HBB9,OTU1522,SS,0.57,BOLD:AAF9008,Animalia,Arthropoda,Insecta,Diptera,NA,NA,NA,8,6/21/2017,HickoryBottoms,B,6/7/2017,108,Single
6212017HBB9,OTU1664,SS,0.26,BOLD:AAF9008,Animalia,Arthropoda,Insecta,Diptera,NA,NA,NA,18,6/21/2017,HickoryBottoms,B,6/7/2017,108,Single
6212017HBB9,OTU1774,SS,0.08,BOLD:ABU9995,Animalia,Arthropoda,Insecta,Diptera,NA,NA,NA,2,6/21/2017,HickoryBottoms,B,6/7/2017,108,Single
6212017HBC1,OTU4,GS,100,BOLD:AAN5882,Animalia,Arthropoda,Insecta,Diptera,Limoniidae,Erioptera,Erioptera caliptera,11308,6/21/2017,HickoryBottoms,C,6/7/2017,94,Single
6212017HBC1,OTU115,GS,100,BOLD:AAA4942,Animalia,Arthropoda,Arachnida,Araneae,Tetragnathidae,Tetragnatha,Tetragnatha elongata,20,6/21/2017,HickoryBottoms,C,6/7/2017,94,Single
6212017HBC1,OTU212,US,1,BOLD:ACE7661,Animalia,Arthropoda,Arachnida,Araneae,NA,NA,NA,34,6/21/2017,HickoryBottoms,C,6/7/2017,94,Single
6212017HBC1,OTU557,GS,98.3,BOLD:AAO7609,Animalia,Arthropoda,Insecta,Diptera,NA,NA,NA,1,6/21/2017,HickoryBottoms,C,6/7/2017,94,Single
6212017HBC1,OTU840,US,0.0169,BOLD:AAU7129,Animalia,Arthropoda,Insecta,Coleoptera,NA,NA,NA,1,6/21/2017,HickoryBottoms,C,6/7/2017,94,Single
6212017HBC1,OTU854,US,0.9715,BOLD:ACN7368,Animalia,Arthropoda,Insecta,Diptera,NA,NA,NA,1,6/21/2017,HickoryBottoms,C,6/7/2017,94,Single
6212017HBC1,OTU861,SS,0.32,BOLD:AAG8269,Animalia,Arthropoda,Insecta,Diptera,NA,NA,NA,1,6/21/2017,HickoryBottoms,C,6/7/2017,94,Single
6212017HBC1,OTU865,US,7e-04,BOLD:AAG0758,Animalia,Arthropoda,Insecta,Lepidoptera,NA,NA,NA,2,6/21/2017,HickoryBottoms,C,6/7/2017,94,Single
6212017HBC1,OTU978,SS,0.71,BOLD:AAG5479,Animalia,Arthropoda,Insecta,Diptera,Chironomidae,NA,NA,3,6/21/2017,HickoryBottoms,C,6/7/2017,94,Single
6212017HBC1,OTU1040,SS,0.14,BOLD:AAU6662,Animalia,Arthropoda,Insecta,Diptera,NA,NA,NA,3,6/21/2017,HickoryBottoms,C,6/7/2017,94,Single
6212017HBC1,OTU1053,US,1,BOLD:ACI5356,Animalia,Arthropoda,Insecta,Diptera,NA,NA,NA,8,6/21/2017,HickoryBottoms,C,6/7/2017,94,Single
6212017HBC1,OTU1244,SS,0.81,BOLD:AAN5882,Animalia,Arthropoda,Insecta,Diptera,Limoniidae,Erioptera,Erioptera caliptera,19,6/21/2017,HickoryBottoms,C,6/7/2017,94,Single
6212017HBC1,OTU1292,GS,97.8,BOLD:AAN5882,Animalia,Arthropoda,Insecta,Diptera,Limoniidae,Erioptera,Erioptera caliptera,3,6/21/2017,HickoryBottoms,C,6/7/2017,94,Single
6212017HBC1,OTU1316,US,1,BOLD:ACY1564,Animalia,Arthropoda,Insecta,Coleoptera,NA,NA,NA,6,6/21/2017,HickoryBottoms,C,6/7/2017,94,Single
6212017HBC1,OTU1390,GS,99.4,BOLD:AAF6833,Animalia,Arthropoda,Insecta,Lepidoptera,Tineidae,Philonome,Philonome clemensella,1,6/21/2017,HickoryBottoms,C,6/7/2017,94,Single
6212017HBC1,OTU1648,US,0.8732,BOLD:AAG0758,Animalia,Arthropoda,Insecta,Lepidoptera,NA,NA,NA,1,6/21/2017,HickoryBottoms,C,6/7/2017,94,Single
6212017HBC10,OTU10,GS,100,BOLD:ACF3057,Animalia,Arthropoda,Insecta,Lepidoptera,Tineidae,Acrolophus,Acrolophus mortipennella,441,6/21/2017,HickoryBottoms,C,6/7/2017,94,Single
6212017HBC10,OTU14,GS,99.4,BOLD:AAO3940,Animalia,Arthropoda,Insecta,Diptera,Limoniidae,Rhipidia,NA,19726,6/21/2017,HickoryBottoms,C,6/7/2017,94,Single
6212017HBC10,OTU17,GS,100,BOLD:AAB3702,Animalia,Arthropoda,Insecta,Trichoptera,Hydropsychidae,Potamyia,Potamyia flava,191,6/21/2017,HickoryBottoms,C,6/7/2017,94,Single
6212017HBC10,OTU73,GS,100,BOLD:AAD6926,Animalia,Arthropoda,Arachnida,Araneae,Anyphaenidae,Anyphaena,Anyphaena pectorosa,29,6/21/2017,HickoryBottoms,C,6/7/2017,94,Single
6212017HBC10,OTU97,GS,100,BOLD:AAB7935,Animalia,Arthropoda,Arachnida,Araneae,Araneidae,Eustala,Eustala cepina,33,6/21/2017,HickoryBottoms,C,6/7/2017,94,Single
6212017HBC10,OTU115,GS,100,BOLD:AAA4942,Animalia,Arthropoda,Arachnida,Araneae,Tetragnathidae,Tetragnatha,Tetragnatha elongata,360,6/21/2017,HickoryBottoms,C,6/7/2017,94,Single
6212017HBC10,OTU120,GS,100,BOLD:AAV3042,Animalia,Arthropoda,Arachnida,Araneae,Theridiidae,Theridion,Theridion albidum,34,6/21/2017,HickoryBottoms,C,6/7/2017,94,Single
6212017HBC10,OTU174,GS,97.2,BOLD:AAD2010,Animalia,Arthropoda,Insecta,Lepidoptera,Tineidae,Acrolophus,Acrolophus propinqua,27,6/21/2017,HickoryBottoms,C,6/7/2017,94,Single
6212017HBC10,OTU198,GS,99.4,BOLD:ABZ1242,Animalia,Arthropoda,Insecta,Diptera,Chironomidae,NA,NA,9,6/21/2017,HickoryBottoms,C,6/7/2017,94,Single
6212017HBC10,OTU212,US,1,BOLD:ACE7661,Animalia,Arthropoda,Arachnida,Araneae,NA,NA,NA,167,6/21/2017,HickoryBottoms,C,6/7/2017,94,Single
6212017HBC10,OTU218,GS,100,BOLD:AAA4274,Animalia,Arthropoda,Insecta,Lepidoptera,Tineidae,Acrolophus,Acrolophus texanella,44,6/21/2017,HickoryBottoms,C,6/7/2017,94,Single
6212017HBC10,OTU260,US,1,None,Animalia,Arthropoda,Insecta,Diptera,NA,NA,NA,10,6/21/2017,HickoryBottoms,C,6/7/2017,94,Single
6212017HBC10,OTU433,GS,99.4,BOLD:AAC5286,Animalia,Arthropoda,Insecta,Lepidoptera,Tineidae,Xylesthia,Xylesthia pruniramiella,5,6/21/2017,HickoryBottoms,C,6/7/2017,94,Single
6212017HBC10,OTU457,GS,100,BOLD:ABY9153,Animalia,Arthropoda,Insecta,Lepidoptera,Oecophoridae,Epicallima,Epicallima argenticinctella,6,6/21/2017,HickoryBottoms,C,6/7/2017,94,Single
6212017HBC10,OTU543,GS,100,BOLD:AAA7928,Animalia,Arthropoda,Insecta,Lepidoptera,Blastobasidae,Blastobasis,Blastobasis taurusella,2,6/21/2017,HickoryBottoms,C,6/7/2017,94,Single
6212017HBC10,OTU548,GS,99.4,BOLD:AAC0126,Animalia,Arthropoda,Insecta,Lepidoptera,Tortricidae,Coelostathma,Coelostathma discopunctana,6,6/21/2017,HickoryBottoms,C,6/7/2017,94,Single
6212017HBC10,OTU557,GS,98.3,BOLD:AAO7609,Animalia,Arthropoda,Insecta,Diptera,NA,NA,NA,13,6/21/2017,HickoryBottoms,C,6/7/2017,94,Single
6212017HBC10,OTU593,GS,100,BOLD:ACN2382,Animalia,Arthropoda,Insecta,Diptera,Chironomidae,Polypedilum,NA,2,6/21/2017,HickoryBottoms,C,6/7/2017,94,Single
6212017HBC10,OTU637,US,0.9934,BOLD:AAH6851,Animalia,Arthropoda,Insecta,Coleoptera,NA,NA,NA,9,6/21/2017,HickoryBottoms,C,6/7/2017,94,Single
6212017HBC10,OTU645,GS,100,BOLD:AAG8824,Animalia,Arthropoda,Insecta,Hemiptera,Miridae,Hyaliodes,Hyaliodes harti,1,6/21/2017,HickoryBottoms,C,6/7/2017,94,Single
6212017HBC10,OTU656,GS,99.4,BOLD:AAZ0144,Animalia,Arthropoda,Insecta,Diptera,Chironomidae,Chironomus,NA,3,6/21/2017,HickoryBottoms,C,6/7/2017,94,Single
6212017HBC10,OTU718,US,0.7924,BOLD:AAG0758,Animalia,Arthropoda,Insecta,NA,NA,NA,NA,10,6/21/2017,HickoryBottoms,C,6/7/2017,94,Single
6212017HBC10,OTU854,US,0.9715,BOLD:ACN7368,Animalia,Arthropoda,Insecta,Diptera,NA,NA,NA,2,6/21/2017,HickoryBottoms,C,6/7/2017,94,Single
6212017HBC10,OTU907,SS,0.01,BOLD:AAO3940,Animalia,Arthropoda,Insecta,Diptera,Limoniidae,Rhipidia,NA,6,6/21/2017,HickoryBottoms,C,6/7/2017,94,Single
6212017HBC10,OTU935,SS,0.01,BOLD:AAO3940,Animalia,Arthropoda,Insecta,Diptera,Limoniidae,Rhipidia,NA,23,6/21/2017,HickoryBottoms,C,6/7/2017,94,Single
6212017HBC10,OTU947,US,0.9546,BOLD:AAG0758,Animalia,Arthropoda,Insecta,Lepidoptera,NA,NA,NA,1,6/21/2017,HickoryBottoms,C,6/7/2017,94,Single
6212017HBC10,OTU978,SS,0.71,BOLD:AAG5479,Animalia,Arthropoda,Insecta,Diptera,Chironomidae,NA,NA,2,6/21/2017,HickoryBottoms,C,6/7/2017,94,Single
6212017HBC10,OTU983,US,0.8732,BOLD:ACS8552,Animalia,Arthropoda,Insecta,Diptera,NA,NA,NA,1,6/21/2017,HickoryBottoms,C,6/7/2017,94,Single
6212017HBC10,OTU1021,US,0.0017,BOLD:AAG0758,Animalia,Arthropoda,Insecta,Lepidoptera,NA,NA,NA,1,6/21/2017,HickoryBottoms,C,6/7/2017,94,Single
6212017HBC10,OTU1040,SS,0.14,BOLD:AAU6662,Animalia,Arthropoda,Insecta,Diptera,NA,NA,NA,13,6/21/2017,HickoryBottoms,C,6/7/2017,94,Single
6212017HBC10,OTU1053,US,1,BOLD:ACI5356,Animalia,Arthropoda,Insecta,Diptera,NA,NA,NA,51,6/21/2017,HickoryBottoms,C,6/7/2017,94,Single
6212017HBC10,OTU1102,SS,0.23,BOLD:ACX4343,Animalia,Arthropoda,Insecta,Coleoptera,NA,NA,NA,1,6/21/2017,HickoryBottoms,C,6/7/2017,94,Single
6212017HBC10,OTU1208,GS,97.8,BOLD:ACB0845,Animalia,Arthropoda,Insecta,Neuroptera,Hemerobiidae,Sympherobius,NA,4,6/21/2017,HickoryBottoms,C,6/7/2017,94,Single
6212017HBC10,OTU1246,GS,99.4,BOLD:AAK9049,Animalia,Arthropoda,Insecta,Lepidoptera,Tineidae,Nemapogon,NA,3,6/21/2017,HickoryBottoms,C,6/7/2017,94,Single
6212017HBC10,OTU1296,GS,97.2,BOLD:AAD2334,Animalia,Arthropoda,Insecta,Lepidoptera,Tineidae,Acrolophus,Acrolophus hasbroucki,3,6/21/2017,HickoryBottoms,C,6/7/2017,94,Single
6212017HBC10,OTU1316,US,1,BOLD:ACY1564,Animalia,Arthropoda,Insecta,Coleoptera,NA,NA,NA,26,6/21/2017,HickoryBottoms,C,6/7/2017,94,Single
6212017HBC10,OTU1330,US,0.9249,BOLD:ACP5792,Animalia,Arthropoda,Insecta,Diptera,NA,NA,NA,16,6/21/2017,HickoryBottoms,C,6/7/2017,94,Single
6212017HBC10,OTU1350,GS,97.2,BOLD:AAA7067,Animalia,Arthropoda,Insecta,Diptera,Culicidae,Aedes,Aedes vexans,9,6/21/2017,HickoryBottoms,C,6/7/2017,94,Single
6212017HBC10,OTU1352,GS,100,BOLD:ABW2707,Animalia,Arthropoda,Insecta,Diptera,Chironomidae,Polypedilum,NA,3,6/21/2017,HickoryBottoms,C,6/7/2017,94,Single
6212017HBC10,OTU1390,GS,99.4,BOLD:AAF6833,Animalia,Arthropoda,Insecta,Lepidoptera,Tineidae,Philonome,Philonome clemensella,2,6/21/2017,HickoryBottoms,C,6/7/2017,94,Single
6212017HBC10,OTU1547,GS,98.9,BOLD:AAA9667,Animalia,Arthropoda,Insecta,Lepidoptera,Oecophoridae,Epicallima,Epicallima argenticinctella,2,6/21/2017,HickoryBottoms,C,6/7/2017,94,Single
6212017HBC10,OTU1648,US,0.8732,BOLD:AAG0758,Animalia,Arthropoda,Insecta,Lepidoptera,NA,NA,NA,4,6/21/2017,HickoryBottoms,C,6/7/2017,94,Single
6212017HBC10,OTU1705,SS,0.26,BOLD:ADH4973,Animalia,Arthropoda,Insecta,Diptera,NA,NA,NA,1,6/21/2017,HickoryBottoms,C,6/7/2017,94,Single
6212017HBC10,OTU1721,GSL,97.8,BOLD:AAE4545,Animalia,Arthropoda,Insecta,Lepidoptera,NA,NA,NA,1,6/21/2017,HickoryBottoms,C,6/7/2017,94,Single
6212017HBC10,OTU1733,US,0.9715,BOLD:AAU6662,Animalia,Arthropoda,Insecta,Diptera,NA,NA,NA,1,6/21/2017,HickoryBottoms,C,6/7/2017,94,Single
6212017HBC2,OTU16,GS,100,BOLD:AAA7067,Animalia,Arthropoda,Insecta,Diptera,Culicidae,Aedes,Aedes vexans,4556,6/21/2017,HickoryBottoms,C,6/7/2017,94,Single
6212017HBC2,OTU57,GS,100,BOLD:AAI1618,Animalia,Arthropoda,Insecta,Diptera,Culicidae,Coquillettidia,Coquillettidia perturbans,4048,6/21/2017,HickoryBottoms,C,6/7/2017,94,Single
6212017HBC2,OTU116,GS,100,BOLD:AAG0758,Animalia,Arthropoda,Insecta,Coleoptera,Pyrochroidae,Dendroides,Dendroides canadensis,51,6/21/2017,HickoryBottoms,C,6/7/2017,94,Single
6212017HBC2,OTU198,GS,99.4,BOLD:ABZ1242,Animalia,Arthropoda,Insecta,Diptera,Chironomidae,NA,NA,4,6/21/2017,HickoryBottoms,C,6/7/2017,94,Single
6212017HBC2,OTU268,US,0.9963,BOLD:ACT8457,Animalia,Arthropoda,Insecta,Hymenoptera,NA,NA,NA,403,6/21/2017,HickoryBottoms,C,6/7/2017,94,Single
6212017HBC2,OTU426,GS,98.9,BOLD:ABX4602,Animalia,Arthropoda,Insecta,Blattodea,Ectobiidae,NA,NA,18,6/21/2017,HickoryBottoms,C,6/7/2017,94,Single
6212017HBC2,OTU657,GS,98.9,BOLD:AAH2909,Animalia,Arthropoda,Insecta,Coleoptera,Hydrophilidae,Helocombus,Helocombus bifidus,2,6/21/2017,HickoryBottoms,C,6/7/2017,94,Single
6212017HBC2,OTU749,GS,98.3,BOLD:AAU4916,Animalia,Arthropoda,Insecta,Diptera,Mycetophilidae,Mycomya,Mycomya winnertzi,11,6/21/2017,HickoryBottoms,C,6/7/2017,94,Single
6212017HBC2,OTU779,GS,99.4,BOLD:ABW9743,Animalia,Arthropoda,Insecta,Hemiptera,Cicadellidae,Scaphoideus,NA,6,6/21/2017,HickoryBottoms,C,6/7/2017,94,Single
6212017HBC2,OTU923,GS,100,BOLD:AAN5931,Animalia,Arthropoda,Insecta,Coleoptera,Scirtidae,Cyphon,NA,1,6/21/2017,HickoryBottoms,C,6/7/2017,94,Single
6212017HBC2,OTU1078,SS,0.86,BOLD:AAG0758,Animalia,Arthropoda,Insecta,Coleoptera,Pyrochroidae,Dendroides,Dendroides canadensis,1,6/21/2017,HickoryBottoms,C,6/7/2017,94,Single
6212017HBC2,OTU1130,SS,0.64,BOLD:AAN4385,Animalia,Arthropoda,Insecta,Diptera,NA,NA,NA,5,6/21/2017,HickoryBottoms,C,6/7/2017,94,Single
6212017HBC2,OTU1240,GS,98.9,BOLD:AAI4410,Animalia,Arthropoda,Insecta,Lepidoptera,Tineidae,NA,NA,2,6/21/2017,HickoryBottoms,C,6/7/2017,94,Single
6212017HBC2,OTU1246,GS,99.4,BOLD:AAK9049,Animalia,Arthropoda,Insecta,Lepidoptera,Tineidae,Nemapogon,NA,23,6/21/2017,HickoryBottoms,C,6/7/2017,94,Single
6212017HBC2,OTU1350,GS,97.2,BOLD:AAA7067,Animalia,Arthropoda,Insecta,Diptera,Culicidae,Aedes,Aedes vexans,53,6/21/2017,HickoryBottoms,C,6/7/2017,94,Single
6212017HBC2,OTU1363,GS,100,BOLD:AAH0074,Animalia,Arthropoda,Insecta,Coleoptera,Scirtidae,Cyphon,Cyphon obscurus,1,6/21/2017,HickoryBottoms,C,6/7/2017,94,Single
6212017HBC2,OTU1434,GS,97.6,BOLD:AAA7067,Animalia,Arthropoda,Insecta,Diptera,Culicidae,Aedes,Aedes vexans,55,6/21/2017,HickoryBottoms,C,6/7/2017,94,Single
6212017HBC2,OTU1497,SS,0.97,BOLD:AAI1618,Animalia,Arthropoda,Insecta,Diptera,Culicidae,Coquillettidia,Coquillettidia perturbans,3,6/21/2017,HickoryBottoms,C,6/7/2017,94,Single
6212017HBC2,OTU1691,GS,97.2,BOLD:AAH2909,Animalia,Arthropoda,Insecta,Coleoptera,Hydrophilidae,Helocombus,Helocombus bifidus,1,6/21/2017,HickoryBottoms,C,6/7/2017,94,Single
6212017HBC2,OTU1809,GS,100,BOLD:AAB7659,Animalia,Arthropoda,Insecta,Lepidoptera,Erebidae,Sigela,Sigela brauneata,1,6/21/2017,HickoryBottoms,C,6/7/2017,94,Single
6212017HBC3,OTU1,US,0.0026,BOLD:AAD6798,Animalia,Arthropoda,Insecta,Diptera,NA,NA,NA,1591,6/21/2017,HickoryBottoms,C,6/7/2017,94,Single
6212017HBC3,OTU5,GS,99.4,BOLD:AAN5451,Animalia,Arthropoda,Arachnida,Araneae,Araneidae,Eustala,NA,2147,6/21/2017,HickoryBottoms,C,6/7/2017,94,Single
6212017HBC3,OTU10,GS,100,BOLD:ACF3057,Animalia,Arthropoda,Insecta,Lepidoptera,Tineidae,Acrolophus,Acrolophus mortipennella,3716,6/21/2017,HickoryBottoms,C,6/7/2017,94,Single
6212017HBC3,OTU16,GS,100,BOLD:AAA7067,Animalia,Arthropoda,Insecta,Diptera,Culicidae,Aedes,Aedes vexans,1217,6/21/2017,HickoryBottoms,C,6/7/2017,94,Single
6212017HBC3,OTU31,GS,100,BOLD:AAM6212,Animalia,Arthropoda,Insecta,Diptera,Chironomidae,Axarus,Axarus festivus,17443,6/21/2017,HickoryBottoms,C,6/7/2017,94,Single
6212017HBC3,OTU57,GS,100,BOLD:AAI1618,Animalia,Arthropoda,Insecta,Diptera,Culicidae,Coquillettidia,Coquillettidia perturbans,2022,6/21/2017,HickoryBottoms,C,6/7/2017,94,Single
6212017HBC3,OTU68,GS,100,BOLD:AAB7030,Animalia,Arthropoda,Insecta,Diptera,Chironomidae,Chironomus,Chironomus decorus,238,6/21/2017,HickoryBottoms,C,6/7/2017,94,Single
6212017HBC3,OTU70,GS,100,BOLD:ABY9168,Animalia,Arthropoda,Insecta,Lepidoptera,Tortricidae,Clepsis,Clepsis peritana,91,6/21/2017,HickoryBottoms,C,6/7/2017,94,Single
6212017HBC3,OTU73,GS,100,BOLD:AAD6926,Animalia,Arthropoda,Arachnida,Araneae,Anyphaenidae,Anyphaena,Anyphaena pectorosa,108,6/21/2017,HickoryBottoms,C,6/7/2017,94,Single
6212017HBC3,OTU87,US,0,BOLD:ABY2339,Animalia,Arthropoda,Insecta,Diptera,NA,NA,NA,133,6/21/2017,HickoryBottoms,C,6/7/2017,94,Single
6212017HBC3,OTU113,GS,99.4,BOLD:AAC5250,Animalia,Arthropoda,Insecta,Diptera,NA,NA,NA,232,6/21/2017,HickoryBottoms,C,6/7/2017,94,Single
6212017HBC3,OTU117,GS,100,BOLD:AAH5449,Animalia,Arthropoda,Insecta,Lepidoptera,Tineidae,Acrolophus,Acrolophus propinqua,53,6/21/2017,HickoryBottoms,C,6/7/2017,94,Single
6212017HBC3,OTU118,US,1,None,Animalia,Arthropoda,Arachnida,Mesostigmata,NA,NA,NA,75,6/21/2017,HickoryBottoms,C,6/7/2017,94,Single
6212017HBC3,OTU120,GS,100,BOLD:AAV3042,Animalia,Arthropoda,Arachnida,Araneae,Theridiidae,Theridion,Theridion albidum,592,6/21/2017,HickoryBottoms,C,6/7/2017,94,Single
6212017HBC3,OTU148,GS,100,BOLD:AAK7352,Animalia,Arthropoda,Arachnida,Araneae,Araneidae,Metepeira,Metepeira labyrinthea,43,6/21/2017,HickoryBottoms,C,6/7/2017,94,Single
6212017HBC3,OTU174,GS,97.2,BOLD:AAD2010,Animalia,Arthropoda,Insecta,Lepidoptera,Tineidae,Acrolophus,Acrolophus propinqua,104,6/21/2017,HickoryBottoms,C,6/7/2017,94,Single
6212017HBC3,OTU179,US,0.3913,None,Animalia,Arthropoda,Arachnida,Araneae,NA,NA,NA,76,6/21/2017,HickoryBottoms,C,6/7/2017,94,Single
6212017HBC3,OTU190,GS,100,BOLD:ABY7666,Animalia,Arthropoda,Insecta,Diptera,Culicidae,Culex,Culex territans,871,6/21/2017,HickoryBottoms,C,6/7/2017,94,Single
6212017HBC3,OTU198,GS,99.4,BOLD:ABZ1242,Animalia,Arthropoda,Insecta,Diptera,Chironomidae,NA,NA,435,6/21/2017,HickoryBottoms,C,6/7/2017,94,Single
6212017HBC3,OTU214,GS,99.4,BOLD:AAW6795,Animalia,Arthropoda,Insecta,Diptera,NA,NA,NA,73,6/21/2017,HickoryBottoms,C,6/7/2017,94,Single
6212017HBC3,OTU215,GS,100,BOLD:AAA2490,Animalia,Arthropoda,Insecta,Lepidoptera,Crambidae,Palpita,Palpita magniferalis,42,6/21/2017,HickoryBottoms,C,6/7/2017,94,Single
6212017HBC3,OTU218,GS,100,BOLD:AAA4274,Animalia,Arthropoda,Insecta,Lepidoptera,Tineidae,Acrolophus,Acrolophus texanella,84,6/21/2017,HickoryBottoms,C,6/7/2017,94,Single
6212017HBC3,OTU248,SS,0.79,BOLD:ABX5321,Animalia,Arthropoda,Insecta,Diptera,Tipulidae,NA,NA,445,6/21/2017,HickoryBottoms,C,6/7/2017,94,Single
6212017HBC3,OTU270,GS,100,BOLD:AAB6541,Animalia,Arthropoda,Insecta,Lepidoptera,Gelechiidae,Coleotechnites,Coleotechnites florae,7,6/21/2017,HickoryBottoms,C,6/7/2017,94,Single
6212017HBC3,OTU285,GS,100,BOLD:AAD2340,Animalia,Arthropoda,Insecta,Lepidoptera,Tineidae,Scardiella,Scardiella approximatella,16,6/21/2017,HickoryBottoms,C,6/7/2017,94,Single
6212017HBC3,OTU287,GS,98.9,BOLD:AAG5457,Animalia,Arthropoda,Insecta,Diptera,Chironomidae,NA,NA,216,6/21/2017,HickoryBottoms,C,6/7/2017,94,Single
6212017HBC3,OTU298,GS,100,BOLD:ACB8970,Animalia,Arthropoda,Insecta,Lepidoptera,Cosmopterigidae,NA,NA,32,6/21/2017,HickoryBottoms,C,6/7/2017,94,Single
6212017HBC3,OTU304,GS,100,BOLD:AAD6122,Animalia,Arthropoda,Insecta,Diptera,NA,NA,NA,42,6/21/2017,HickoryBottoms,C,6/7/2017,94,Single
6212017HBC3,OTU323,GS,98.9,BOLD:AAA5103,Animalia,Arthropoda,Insecta,Diptera,Culicidae,Anopheles,Anopheles crucians,10,6/21/2017,HickoryBottoms,C,6/7/2017,94,Single
6212017HBC3,OTU326,US,0.9936,BOLD:ACL7430,Animalia,Arthropoda,Insecta,Hemiptera,NA,NA,NA,1589,6/21/2017,HickoryBottoms,C,6/7/2017,94,Single
6212017HBC3,OTU364,GS,100,BOLD:AAF8338,Animalia,Arthropoda,Insecta,Diptera,Tipulidae,Tipula,Tipula furca,381,6/21/2017,HickoryBottoms,C,6/7/2017,94,Single
6212017HBC3,OTU442,GS,97.2,BOLD:ABU6554,Animalia,Arthropoda,Insecta,Diptera,NA,NA,NA,7,6/21/2017,HickoryBottoms,C,6/7/2017,94,Single
6212017HBC3,OTU446,GS,100,BOLD:AAD1537,Animalia,Arthropoda,Insecta,Lepidoptera,Tortricidae,Gretchena,Gretchena bolliana,56,6/21/2017,HickoryBottoms,C,6/7/2017,94,Single
6212017HBC3,OTU447,US,0.9916,BOLD:AAW5176,Animalia,Arthropoda,Arachnida,Araneae,NA,NA,NA,11,6/21/2017,HickoryBottoms,C,6/7/2017,94,Single
6212017HBC3,OTU487,GS,100,BOLD:AAJ9298,Animalia,Arthropoda,Insecta,Lepidoptera,Geometridae,Melanolophia,Melanolophia signataria,13,6/21/2017,HickoryBottoms,C,6/7/2017,94,Single
6212017HBC3,OTU489,GS,100,BOLD:ABX9225,Animalia,Arthropoda,Insecta,Diptera,Limoniidae,Rhipidia,NA,347,6/21/2017,HickoryBottoms,C,6/7/2017,94,Single
6212017HBC3,OTU517,US,0,None,Animalia,Arthropoda,Insecta,Diptera,NA,NA,NA,2,6/21/2017,HickoryBottoms,C,6/7/2017,94,Single
6212017HBC3,OTU557,GS,98.3,BOLD:AAO7609,Animalia,Arthropoda,Insecta,Diptera,NA,NA,NA,23,6/21/2017,HickoryBottoms,C,6/7/2017,94,Single
6212017HBC3,OTU568,GS,100,BOLD:AAG9675,Animalia,Arthropoda,Insecta,Diptera,Dolichopodidae,NA,NA,351,6/21/2017,HickoryBottoms,C,6/7/2017,94,Single
6212017HBC3,OTU583,GS,100,BOLD:AAA4884,Animalia,Arthropoda,Insecta,Lepidoptera,Geometridae,Macaria,Macaria aemulataria,4,6/21/2017,HickoryBottoms,C,6/7/2017,94,Single
6212017HBC3,OTU636,GS,99.4,BOLD:AAM6230,Animalia,Arthropoda,Insecta,Diptera,Chironomidae,Chironomus,NA,3,6/21/2017,HickoryBottoms,C,6/7/2017,94,Single
6212017HBC3,OTU659,GS,100,BOLD:AAE6851,Animalia,Arthropoda,Arachnida,Araneae,Salticidae,Paraphidippus,Paraphidippus aurantius,17,6/21/2017,HickoryBottoms,C,6/7/2017,94,Single
6212017HBC3,OTU666,GS,98.9,BOLD:ABW2671,Animalia,Arthropoda,Insecta,Diptera,Tipulidae,NA,NA,6,6/21/2017,HickoryBottoms,C,6/7/2017,94,Single
6212017HBC3,OTU723,GS,100,BOLD:AAG5453,Animalia,Arthropoda,Insecta,Diptera,Chironomidae,Chironomus,Chironomus bifurcatus,28,6/21/2017,HickoryBottoms,C,6/7/2017,94,Single
6212017HBC3,OTU754,US,1,BOLD:AAV1202,Animalia,Arthropoda,Insecta,Coleoptera,NA,NA,NA,4,6/21/2017,HickoryBottoms,C,6/7/2017,94,Single
6212017HBC3,OTU854,US,0.9715,BOLD:ACN7368,Animalia,Arthropoda,Insecta,Diptera,NA,NA,NA,3,6/21/2017,HickoryBottoms,C,6/7/2017,94,Single
6212017HBC3,OTU900,GS,100,BOLD:AAN6333,Animalia,Arthropoda,Arachnida,Araneae,Theridiidae,Theridion,Theridion albidum,1,6/21/2017,HickoryBottoms,C,6/7/2017,94,Single
6212017HBC3,OTU907,SS,0.01,BOLD:AAO3940,Animalia,Arthropoda,Insecta,Diptera,Limoniidae,Rhipidia,NA,6,6/21/2017,HickoryBottoms,C,6/7/2017,94,Single
6212017HBC3,OTU956,SS,0.08,BOLD:ACN4095,Animalia,Arthropoda,Insecta,Diptera,NA,NA,NA,8,6/21/2017,HickoryBottoms,C,6/7/2017,94,Single
6212017HBC3,OTU997,US,0.9963,BOLD:ACW3032,Animalia,Arthropoda,Insecta,Diptera,NA,NA,NA,93,6/21/2017,HickoryBottoms,C,6/7/2017,94,Single
6212017HBC3,OTU1007,GS,100,BOLD:AAB9820,Animalia,Arthropoda,Insecta,Lepidoptera,Autostichidae,Glyphidocera,Glyphidocera dimorphella,18,6/21/2017,HickoryBottoms,C,6/7/2017,94,Single
6212017HBC3,OTU1068,GS,99.4,BOLD:AAE3407,Animalia,Arthropoda,Insecta,Blattodea,Ectobiidae,Parcoblatta,Parcoblatta pennsylvanica,103,6/21/2017,HickoryBottoms,C,6/7/2017,94,Single
6212017HBC3,OTU1071,GS,100,BOLD:AAC4311,Animalia,Arthropoda,Insecta,Lepidoptera,Lecithoceridae,Martyringa,Martyringa latipennis,105,6/21/2017,HickoryBottoms,C,6/7/2017,94,Single
6212017HBC3,OTU1074,GS,98.3,BOLD:ACI4905,Animalia,Arthropoda,Insecta,Hemiptera,Miridae,Pilophorus,Pilophorus setiger,129,6/21/2017,HickoryBottoms,C,6/7/2017,94,Single
6212017HBC3,OTU1097,GS,97.2,BOLD:AAN5451,Animalia,Arthropoda,Arachnida,Araneae,Araneidae,Eustala,NA,86,6/21/2017,HickoryBottoms,C,6/7/2017,94,Single
6212017HBC3,OTU1100,GS,97,BOLD:AAF9064,Animalia,Arthropoda,Insecta,Diptera,Limoniidae,Elephantomyia,Elephantomyia westwoodi,3,6/21/2017,HickoryBottoms,C,6/7/2017,94,Single
6212017HBC3,OTU1167,US,0.9859,BOLD:ACH2408,Animalia,Arthropoda,Insecta,Diptera,NA,NA,NA,1,6/21/2017,HickoryBottoms,C,6/7/2017,94,Single
6212017HBC3,OTU1172,SS,0.83,BOLD:AAD6926,Animalia,Arthropoda,Arachnida,Araneae,Anyphaenidae,Anyphaena,Anyphaena pectorosa,2,6/21/2017,HickoryBottoms,C,6/7/2017,94,Single
6212017HBC3,OTU1258,GS,100,BOLD:AAP5530,Animalia,Arthropoda,Insecta,Lepidoptera,Gelechiidae,Gelechia,Gelechia albisparsella,105,6/21/2017,HickoryBottoms,C,6/7/2017,94,Single
6212017HBC3,OTU1296,GS,97.2,BOLD:AAD2334,Animalia,Arthropoda,Insecta,Lepidoptera,Tineidae,Acrolophus,Acrolophus hasbroucki,216,6/21/2017,HickoryBottoms,C,6/7/2017,94,Single
6212017HBC3,OTU1310,GS,99.4,BOLD:ABU5828,Animalia,Arthropoda,Insecta,Diptera,NA,NA,NA,58,6/21/2017,HickoryBottoms,C,6/7/2017,94,Single
6212017HBC3,OTU1317,SS,0.01,BOLD:AAN5451,Animalia,Arthropoda,Arachnida,Araneae,Araneidae,Eustala,NA,10,6/21/2017,HickoryBottoms,C,6/7/2017,94,Single
6212017HBC3,OTU1350,GS,97.2,BOLD:AAA7067,Animalia,Arthropoda,Insecta,Diptera,Culicidae,Aedes,Aedes vexans,43,6/21/2017,HickoryBottoms,C,6/7/2017,94,Single
6212017HBC3,OTU1351,SS,0.94,BOLD:AAB7030,Animalia,Arthropoda,Insecta,Diptera,Chironomidae,Chironomus,Chironomus decorus,95,6/21/2017,HickoryBottoms,C,6/7/2017,94,Single
6212017HBC3,OTU1399,SS,0.28,BOLD:AAX9373,Animalia,Arthropoda,Insecta,Diptera,NA,NA,NA,6,6/21/2017,HickoryBottoms,C,6/7/2017,94,Single
6212017HBC3,OTU1434,GS,97.6,BOLD:AAA7067,Animalia,Arthropoda,Insecta,Diptera,Culicidae,Aedes,Aedes vexans,57,6/21/2017,HickoryBottoms,C,6/7/2017,94,Single
6212017HBC3,OTU1478,US,1,None,Animalia,Arthropoda,Insecta,Mantodea,NA,NA,NA,9,6/21/2017,HickoryBottoms,C,6/7/2017,94,Single
6212017HBC3,OTU1497,SS,0.97,BOLD:AAI1618,Animalia,Arthropoda,Insecta,Diptera,Culicidae,Coquillettidia,Coquillettidia perturbans,55,6/21/2017,HickoryBottoms,C,6/7/2017,94,Single
6212017HBC3,OTU1514,SS,0.75,BOLD:ABX5321,Animalia,Arthropoda,Insecta,Diptera,NA,NA,NA,25,6/21/2017,HickoryBottoms,C,6/7/2017,94,Single
6212017HBC3,OTU1547,GS,98.9,BOLD:AAA9667,Animalia,Arthropoda,Insecta,Lepidoptera,Oecophoridae,Epicallima,Epicallima argenticinctella,7,6/21/2017,HickoryBottoms,C,6/7/2017,94,Single
6212017HBC3,OTU1614,SS,0.59,BOLD:ACI6897,Animalia,Arthropoda,Insecta,Diptera,NA,NA,NA,2,6/21/2017,HickoryBottoms,C,6/7/2017,94,Single
6212017HBC3,OTU1637,US,1,BOLD:AAY5839,Animalia,Arthropoda,Collembola,Entomobryomorpha,NA,NA,NA,2,6/21/2017,HickoryBottoms,C,6/7/2017,94,Single
6212017HBC3,OTU1661,SS,0.25,BOLD:AAG4950,Animalia,Arthropoda,Insecta,Diptera,NA,NA,NA,7,6/21/2017,HickoryBottoms,C,6/7/2017,94,Single
6212017HBC3,OTU1719,GS,97.2,BOLD:AAG0149,Animalia,Arthropoda,Insecta,Lepidoptera,NA,NA,NA,1,6/21/2017,HickoryBottoms,C,6/7/2017,94,Single
6212017HBC3,OTU1741,GS,98.3,BOLD:AAP9050,Animalia,Arthropoda,Insecta,Diptera,Ceratopogonidae,NA,NA,54,6/21/2017,HickoryBottoms,C,6/7/2017,94,Single
6212017HBC3,OTU1777,US,0.9881,BOLD:AAH3614,Animalia,Arthropoda,Insecta,Lepidoptera,NA,NA,NA,16,6/21/2017,HickoryBottoms,C,6/7/2017,94,Single
6212017HBC3,OTU1800,US,0.3913,None,Animalia,Arthropoda,Insecta,Diptera,NA,NA,NA,3,6/21/2017,HickoryBottoms,C,6/7/2017,94,Single
6212017HBC3,OTU1807,GS,99.4,BOLD:AAE4971,Animalia,Arthropoda,Insecta,Lepidoptera,NA,NA,NA,2,6/21/2017,HickoryBottoms,C,6/7/2017,94,Single
6212017HBC3,OTU1842,SS,0.82,BOLD:AAM6212,Animalia,Arthropoda,Insecta,Diptera,Chironomidae,Axarus,Axarus festivus,41,6/21/2017,HickoryBottoms,C,6/7/2017,94,Single
6212017HBC3,OTU1912,SS,0.54,BOLD:ABW8802,Animalia,Arthropoda,Insecta,Hemiptera,Miridae,Pilophorus,NA,16,6/21/2017,HickoryBottoms,C,6/7/2017,94,Single
6212017HBC4,OTU1,US,0.0026,BOLD:AAD6798,Animalia,Arthropoda,Insecta,Diptera,NA,NA,NA,939,6/21/2017,HickoryBottoms,C,6/7/2017,94,Single
6212017HBC4,OTU7,GS,100,BOLD:AAF4632,Animalia,Arthropoda,Insecta,Diptera,Limoniidae,Epiphragma,Epiphragma solatrix,829,6/21/2017,HickoryBottoms,C,6/7/2017,94,Single
6212017HBC4,OTU9,US,0.7924,BOLD:AAG8502,Animalia,Arthropoda,Insecta,NA,NA,NA,NA,351,6/21/2017,HickoryBottoms,C,6/7/2017,94,Single
6212017HBC4,OTU10,GS,100,BOLD:ACF3057,Animalia,Arthropoda,Insecta,Lepidoptera,Tineidae,Acrolophus,Acrolophus mortipennella,166,6/21/2017,HickoryBottoms,C,6/7/2017,94,Single
6212017HBC4,OTU16,GS,100,BOLD:AAA7067,Animalia,Arthropoda,Insecta,Diptera,Culicidae,Aedes,Aedes vexans,18209,6/21/2017,HickoryBottoms,C,6/7/2017,94,Single
6212017HBC4,OTU47,GS,100,BOLD:AAN5881,Animalia,Arthropoda,Insecta,Diptera,Limoniidae,NA,NA,540,6/21/2017,HickoryBottoms,C,6/7/2017,94,Single
6212017HBC4,OTU65,GS,100,BOLD:AAA1517,Animalia,Arthropoda,Insecta,Lepidoptera,Tortricidae,Choristoneura,Choristoneura rosaceana,432,6/21/2017,HickoryBottoms,C,6/7/2017,94,Single
6212017HBC4,OTU73,GS,100,BOLD:AAD6926,Animalia,Arthropoda,Arachnida,Araneae,Anyphaenidae,Anyphaena,Anyphaena pectorosa,167,6/21/2017,HickoryBottoms,C,6/7/2017,94,Single
6212017HBC4,OTU119,GS,100,BOLD:ABZ2971,Animalia,Arthropoda,Insecta,Lepidoptera,Tortricidae,Platynota,Platynota exasperatana,10821,6/21/2017,HickoryBottoms,C,6/7/2017,94,Single
6212017HBC4,OTU129,GS,100,BOLD:AAG2647,Animalia,Arthropoda,Insecta,Diptera,Chaoboridae,Chaoborus,Chaoborus punctipennis,212,6/21/2017,HickoryBottoms,C,6/7/2017,94,Single
6212017HBC4,OTU135,GS,99.4,BOLD:AAA5872,Animalia,Arthropoda,Insecta,Lepidoptera,Gelechiidae,Chionodes,Chionodes mediofuscella,227,6/21/2017,HickoryBottoms,C,6/7/2017,94,Single
6212017HBC4,OTU190,GS,100,BOLD:ABY7666,Animalia,Arthropoda,Insecta,Diptera,Culicidae,Culex,Culex territans,1214,6/21/2017,HickoryBottoms,C,6/7/2017,94,Single
6212017HBC4,OTU197,GS,100,BOLD:AAN6380,Animalia,Arthropoda,Arachnida,Araneae,Araneidae,Neoscona,NA,23,6/21/2017,HickoryBottoms,C,6/7/2017,94,Single
6212017HBC4,OTU198,GS,99.4,BOLD:ABZ1242,Animalia,Arthropoda,Insecta,Diptera,Chironomidae,NA,NA,400,6/21/2017,HickoryBottoms,C,6/7/2017,94,Single
6212017HBC4,OTU213,GS,100,BOLD:AAD4936,Animalia,Arthropoda,Insecta,Lepidoptera,Gracillariidae,Caloptilia,Caloptilia sassafrasella,306,6/21/2017,HickoryBottoms,C,6/7/2017,94,Single
6212017HBC4,OTU215,GS,100,BOLD:AAA2490,Animalia,Arthropoda,Insecta,Lepidoptera,Crambidae,Palpita,Palpita magniferalis,1420,6/21/2017,HickoryBottoms,C,6/7/2017,94,Single
6212017HBC4,OTU278,GS,100,BOLD:AAB3590,Animalia,Arthropoda,Insecta,Lepidoptera,Gelechiidae,Chionodes,Chionodes discoocellella,271,6/21/2017,HickoryBottoms,C,6/7/2017,94,Single
6212017HBC4,OTU310,GS,100,BOLD:ABX7479,Animalia,Arthropoda,Insecta,Diptera,Chironomidae,Parachironomus,NA,107,6/21/2017,HickoryBottoms,C,6/7/2017,94,Single
6212017HBC4,OTU347,GS,100,BOLD:AAD2111,Animalia,Arthropoda,Arachnida,Araneae,Thomisidae,Tmarus,Tmarus angulatus,88,6/21/2017,HickoryBottoms,C,6/7/2017,94,Single
6212017HBC4,OTU442,GS,97.2,BOLD:ABU6554,Animalia,Arthropoda,Insecta,Diptera,NA,NA,NA,292,6/21/2017,HickoryBottoms,C,6/7/2017,94,Single
6212017HBC4,OTU529,GS,100,BOLD:AAG3825,Animalia,Arthropoda,Arachnida,Araneae,Anyphaenidae,Wulfila,NA,56,6/21/2017,HickoryBottoms,C,6/7/2017,94,Single
6212017HBC4,OTU952,US,0,BOLD:AAD4292,Animalia,Arthropoda,Insecta,Diptera,NA,NA,NA,49,6/21/2017,HickoryBottoms,C,6/7/2017,94,Single
6212017HBC4,OTU953,GS,100,BOLD:ABW2530,Animalia,Arthropoda,Insecta,Diptera,Tabanidae,NA,NA,26,6/21/2017,HickoryBottoms,C,6/7/2017,94,Single
6212017HBC4,OTU976,GS,97.2,BOLD:AAA5872,Animalia,Arthropoda,Insecta,Lepidoptera,Gelechiidae,Chionodes,Chionodes mediofuscella,49,6/21/2017,HickoryBottoms,C,6/7/2017,94,Single
6212017HBC4,OTU1014,US,1,BOLD:AAD0583,Animalia,Arthropoda,Insecta,Diptera,NA,NA,NA,75,6/21/2017,HickoryBottoms,C,6/7/2017,94,Single
6212017HBC4,OTU1172,SS,0.83,BOLD:AAD6926,Animalia,Arthropoda,Arachnida,Araneae,Anyphaenidae,Anyphaena,Anyphaena pectorosa,10,6/21/2017,HickoryBottoms,C,6/7/2017,94,Single
6212017HBC4,OTU1210,GS,97.2,BOLD:AAF4632,Animalia,Arthropoda,Insecta,Diptera,Limoniidae,Epiphragma,Epiphragma solatrix,12,6/21/2017,HickoryBottoms,C,6/7/2017,94,Single
6212017HBC4,OTU1228,US,0,None,Animalia,Arthropoda,Arachnida,Araneae,NA,NA,NA,7,6/21/2017,HickoryBottoms,C,6/7/2017,94,Single
6212017HBC4,OTU1265,SS,0.83,BOLD:AAF4632,Animalia,Arthropoda,Insecta,Diptera,Limoniidae,Epiphragma,Epiphragma solatrix,16,6/21/2017,HickoryBottoms,C,6/7/2017,94,Single
6212017HBC4,OTU1291,GS,98.9,BOLD:AAB8467,Animalia,Arthropoda,Insecta,Lepidoptera,Erebidae,Phalaenostola,Phalaenostola eumelusalis,1,6/21/2017,HickoryBottoms,C,6/7/2017,94,Single
6212017HBC4,OTU1350,GS,97.2,BOLD:AAA7067,Animalia,Arthropoda,Insecta,Diptera,Culicidae,Aedes,Aedes vexans,1239,6/21/2017,HickoryBottoms,C,6/7/2017,94,Single
6212017HBC4,OTU1351,SS,0.94,BOLD:AAB7030,Animalia,Arthropoda,Insecta,Diptera,Chironomidae,Chironomus,Chironomus decorus,11,6/21/2017,HickoryBottoms,C,6/7/2017,94,Single
6212017HBC4,OTU1368,GS,97.2,BOLD:ABU6554,Animalia,Arthropoda,Insecta,Diptera,NA,NA,NA,1,6/21/2017,HickoryBottoms,C,6/7/2017,94,Single
6212017HBC4,OTU1372,US,1,BOLD:ACT9238,Animalia,Arthropoda,Insecta,Diptera,NA,NA,NA,18,6/21/2017,HickoryBottoms,C,6/7/2017,94,Single
6212017HBC4,OTU1434,GS,97.6,BOLD:AAA7067,Animalia,Arthropoda,Insecta,Diptera,Culicidae,Aedes,Aedes vexans,3,6/21/2017,HickoryBottoms,C,6/7/2017,94,Single
6212017HBC4,OTU1483,GS,98.9,BOLD:AAB6943,Animalia,Arthropoda,Insecta,Diptera,Culicidae,Culex,Culex territans,628,6/21/2017,HickoryBottoms,C,6/7/2017,94,Single
6212017HBC4,OTU1494,US,0.8732,BOLD:AAF4632,Animalia,Arthropoda,Insecta,Diptera,NA,NA,NA,1,6/21/2017,HickoryBottoms,C,6/7/2017,94,Single
6212017HBC4,OTU1683,SS,0.84,BOLD:AAF4632,Animalia,Arthropoda,Insecta,Diptera,Limoniidae,Epiphragma,Epiphragma solatrix,5,6/21/2017,HickoryBottoms,C,6/7/2017,94,Single
6212017HBC4,OTU1916,US,0.3081,BOLD:ABZ8652,Animalia,Arthropoda,Insecta,Ephemeroptera,NA,NA,NA,12,6/21/2017,HickoryBottoms,C,6/7/2017,94,Single
6212017HBC5,OTU5,GS,99.4,BOLD:AAN5451,Animalia,Arthropoda,Arachnida,Araneae,Araneidae,Eustala,NA,11478,6/21/2017,HickoryBottoms,C,6/7/2017,94,Single
6212017HBC5,OTU10,GS,100,BOLD:ACF3057,Animalia,Arthropoda,Insecta,Lepidoptera,Tineidae,Acrolophus,Acrolophus mortipennella,725,6/21/2017,HickoryBottoms,C,6/7/2017,94,Single
6212017HBC5,OTU11,GS,99.4,BOLD:AAG3848,Animalia,Arthropoda,Insecta,Diptera,Culicidae,Culex,Culex erraticus,1670,6/21/2017,HickoryBottoms,C,6/7/2017,94,Single
6212017HBC5,OTU14,GS,99.4,BOLD:AAO3940,Animalia,Arthropoda,Insecta,Diptera,Limoniidae,Rhipidia,NA,978,6/21/2017,HickoryBottoms,C,6/7/2017,94,Single
6212017HBC5,OTU16,GS,100,BOLD:AAA7067,Animalia,Arthropoda,Insecta,Diptera,Culicidae,Aedes,Aedes vexans,6245,6/21/2017,HickoryBottoms,C,6/7/2017,94,Single
6212017HBC5,OTU17,GS,100,BOLD:AAB3702,Animalia,Arthropoda,Insecta,Trichoptera,Hydropsychidae,Potamyia,Potamyia flava,217,6/21/2017,HickoryBottoms,C,6/7/2017,94,Single
6212017HBC5,OTU25,GS,100,BOLD:ACF0083,Animalia,Arthropoda,Insecta,Diptera,Tabanidae,Tabanus,Tabanus similis,3338,6/21/2017,HickoryBottoms,C,6/7/2017,94,Single
6212017HBC5,OTU26,GS,98.8,BOLD:ACM8443,Animalia,Arthropoda,Insecta,Diptera,Tabanidae,Hybomitra,Hybomitra epistates,256,6/21/2017,HickoryBottoms,C,6/7/2017,94,Single
6212017HBC5,OTU57,GS,100,BOLD:AAI1618,Animalia,Arthropoda,Insecta,Diptera,Culicidae,Coquillettidia,Coquillettidia perturbans,432,6/21/2017,HickoryBottoms,C,6/7/2017,94,Single
6212017HBC5,OTU68,GS,100,BOLD:AAB7030,Animalia,Arthropoda,Insecta,Diptera,Chironomidae,Chironomus,Chironomus decorus,1264,6/21/2017,HickoryBottoms,C,6/7/2017,94,Single
6212017HBC5,OTU71,GSL,100,BOLD:AAA7661,Animalia,Arthropoda,Insecta,Diptera,Culicidae,NA,NA,85,6/21/2017,HickoryBottoms,C,6/7/2017,94,Single
6212017HBC5,OTU101,US,0.2887,None,Animalia,Arthropoda,Insecta,Hemiptera,NA,NA,NA,274,6/21/2017,HickoryBottoms,C,6/7/2017,94,Single
6212017HBC5,OTU115,GS,100,BOLD:AAA4942,Animalia,Arthropoda,Arachnida,Araneae,Tetragnathidae,Tetragnatha,Tetragnatha elongata,18,6/21/2017,HickoryBottoms,C,6/7/2017,94,Single
6212017HBC5,OTU123,GS,99.4,BOLD:AAM8787,Animalia,Arthropoda,Insecta,Lepidoptera,Gelechiidae,Dichomeris,Dichomeris laetitia,341,6/21/2017,HickoryBottoms,C,6/7/2017,94,Single
6212017HBC5,OTU158,GS,100,BOLD:AAH3230,Animalia,Arthropoda,Insecta,Psocodea,Psocidae,NA,NA,13,6/21/2017,HickoryBottoms,C,6/7/2017,94,Single
6212017HBC5,OTU162,GS,100,BOLD:ACI5326,Animalia,Arthropoda,Insecta,Hemiptera,Miridae,Hyaliodes,Hyaliodes vitripennis,40,6/21/2017,HickoryBottoms,C,6/7/2017,94,Single
6212017HBC5,OTU190,GS,100,BOLD:ABY7666,Animalia,Arthropoda,Insecta,Diptera,Culicidae,Culex,Culex territans,751,6/21/2017,HickoryBottoms,C,6/7/2017,94,Single
6212017HBC5,OTU198,GS,99.4,BOLD:ABZ1242,Animalia,Arthropoda,Insecta,Diptera,Chironomidae,NA,NA,218,6/21/2017,HickoryBottoms,C,6/7/2017,94,Single
6212017HBC5,OTU213,GS,100,BOLD:AAD4936,Animalia,Arthropoda,Insecta,Lepidoptera,Gracillariidae,Caloptilia,Caloptilia sassafrasella,37,6/21/2017,HickoryBottoms,C,6/7/2017,94,Single
6212017HBC5,OTU216,GS,100,BOLD:AAG5659,Animalia,Arthropoda,Arachnida,Araneae,Tetragnathidae,Tetragnatha,Tetragnatha viridis,14,6/21/2017,HickoryBottoms,C,6/7/2017,94,Single
6212017HBC5,OTU255,GS,100,BOLD:AAG4956,Animalia,Arthropoda,Insecta,Diptera,Mycetophilidae,Greenomyia,NA,16,6/21/2017,HickoryBottoms,C,6/7/2017,94,Single
6212017HBC5,OTU270,GS,100,BOLD:AAB6541,Animalia,Arthropoda,Insecta,Lepidoptera,Gelechiidae,Coleotechnites,Coleotechnites florae,35,6/21/2017,HickoryBottoms,C,6/7/2017,94,Single
6212017HBC5,OTU275,GS,100,BOLD:AAA5695,Animalia,Arthropoda,Insecta,Trichoptera,Hydropsychidae,Cheumatopsyche,Cheumatopsyche analis,165,6/21/2017,HickoryBottoms,C,6/7/2017,94,Single
6212017HBC5,OTU300,GS,100,BOLD:AAA8310,Animalia,Arthropoda,Insecta,Lepidoptera,Crambidae,Anageshna,Anageshna primordialis,389,6/21/2017,HickoryBottoms,C,6/7/2017,94,Single
6212017HBC5,OTU335,GS,99.4,BOLD:AAM6295,Animalia,Arthropoda,Insecta,Diptera,Chaoboridae,NA,NA,52,6/21/2017,HickoryBottoms,C,6/7/2017,94,Single
6212017HBC5,OTU354,SS,0.48,BOLD:AAM6278,Animalia,Arthropoda,Insecta,Diptera,NA,NA,NA,31,6/21/2017,HickoryBottoms,C,6/7/2017,94,Single
6212017HBC5,OTU369,SS,0.79,BOLD:ACS7984,Animalia,Arthropoda,Insecta,Hemiptera,NA,NA,NA,4,6/21/2017,HickoryBottoms,C,6/7/2017,94,Single
6212017HBC5,OTU397,GS,100,BOLD:ACA9043,Animalia,Arthropoda,Insecta,Coleoptera,NA,NA,NA,157,6/21/2017,HickoryBottoms,C,6/7/2017,94,Single
6212017HBC5,OTU415,GS,100,BOLD:AAP8030,Animalia,Arthropoda,Insecta,Lepidoptera,Blastobasidae,Blastobasis,NA,27,6/21/2017,HickoryBottoms,C,6/7/2017,94,Single
6212017HBC5,OTU469,GS,100,BOLD:AAR7014,Animalia,Arthropoda,Insecta,Lepidoptera,Gracillariidae,Neurobathra,Neurobathra strigifinitella,25,6/21/2017,HickoryBottoms,C,6/7/2017,94,Single
6212017HBC5,OTU486,GS,100,BOLD:ACL3824,Animalia,Arthropoda,Insecta,Diptera,Chironomidae,NA,NA,24,6/21/2017,HickoryBottoms,C,6/7/2017,94,Single
6212017HBC5,OTU503,GS,99.4,BOLD:AAG6486,Animalia,Arthropoda,Insecta,Diptera,Ceratopogonidae,Bezzia,Bezzia nobilis,30,6/21/2017,HickoryBottoms,C,6/7/2017,94,Single
6212017HBC5,OTU541,US,0.9919,BOLD:AAJ2923,Animalia,Arthropoda,Insecta,Hemiptera,NA,NA,NA,36,6/21/2017,HickoryBottoms,C,6/7/2017,94,Single
6212017HBC5,OTU549,GS,100,BOLD:AAM8604,Animalia,Arthropoda,Insecta,Lepidoptera,NA,NA,NA,107,6/21/2017,HickoryBottoms,C,6/7/2017,94,Single
6212017HBC5,OTU550,SS,0.63,BOLD:AAZ2096,Animalia,Arthropoda,Insecta,Hemiptera,NA,NA,NA,23,6/21/2017,HickoryBottoms,C,6/7/2017,94,Single
6212017HBC5,OTU557,GS,98.3,BOLD:AAO7609,Animalia,Arthropoda,Insecta,Diptera,NA,NA,NA,28,6/21/2017,HickoryBottoms,C,6/7/2017,94,Single
6212017HBC5,OTU570,SS,0.63,BOLD:ACA3248,Animalia,Arthropoda,Insecta,Hymenoptera,NA,NA,NA,228,6/21/2017,HickoryBottoms,C,6/7/2017,94,Single
6212017HBC5,OTU689,SS,0.68,BOLD:ACR6277,Animalia,Arthropoda,Insecta,Hemiptera,NA,NA,NA,13,6/21/2017,HickoryBottoms,C,6/7/2017,94,Single
6212017HBC5,OTU695,SS,0.59,BOLD:AAN3697,Animalia,Arthropoda,Insecta,Hymenoptera,NA,NA,NA,22,6/21/2017,HickoryBottoms,C,6/7/2017,94,Single
6212017HBC5,OTU749,GS,98.3,BOLD:AAU4916,Animalia,Arthropoda,Insecta,Diptera,Mycetophilidae,Mycomya,Mycomya winnertzi,188,6/21/2017,HickoryBottoms,C,6/7/2017,94,Single
6212017HBC5,OTU796,GS,100,BOLD:AAH4950,Animalia,Arthropoda,Insecta,Lepidoptera,NA,NA,NA,20,6/21/2017,HickoryBottoms,C,6/7/2017,94,Single
6212017HBC5,OTU858,GS,99.4,BOLD:AAP1271,Animalia,Arthropoda,Insecta,Diptera,Chironomidae,NA,NA,8,6/21/2017,HickoryBottoms,C,6/7/2017,94,Single
6212017HBC5,OTU890,GS,100,BOLD:ACE3004,Animalia,Arthropoda,Insecta,Lepidoptera,Erebidae,Hyperstrotia,Hyperstrotia nana,4,6/21/2017,HickoryBottoms,C,6/7/2017,94,Single
6212017HBC5,OTU963,GS,99.4,BOLD:ACC7263,Animalia,Arthropoda,Insecta,Diptera,Mycetophilidae,Mycetophila,NA,46,6/21/2017,HickoryBottoms,C,6/7/2017,94,Single
6212017HBC5,OTU978,SS,0.71,BOLD:AAG5479,Animalia,Arthropoda,Insecta,Diptera,Chironomidae,NA,NA,27,6/21/2017,HickoryBottoms,C,6/7/2017,94,Single
6212017HBC5,OTU1019,US,1,None,Animalia,Arthropoda,Insecta,Ephemeroptera,NA,NA,NA,84,6/21/2017,HickoryBottoms,C,6/7/2017,94,Single
6212017HBC5,OTU1024,GS,99.4,BOLD:ACY3656,Animalia,Arthropoda,Insecta,Diptera,Mycetophilidae,Neoempheria,NA,85,6/21/2017,HickoryBottoms,C,6/7/2017,94,Single
6212017HBC5,OTU1047,GS,99.4,BOLD:ACC8989,Animalia,Arthropoda,Insecta,Lepidoptera,Batrachedridae,Batrachedra,NA,1,6/21/2017,HickoryBottoms,C,6/7/2017,94,Single
6212017HBC5,OTU1069,US,1,BOLD:ACK5963,Animalia,Arthropoda,Diplopoda,Polydesmida,NA,NA,NA,4,6/21/2017,HickoryBottoms,C,6/7/2017,94,Single
6212017HBC5,OTU1097,GS,97.2,BOLD:AAN5451,Animalia,Arthropoda,Arachnida,Araneae,Araneidae,Eustala,NA,375,6/21/2017,HickoryBottoms,C,6/7/2017,94,Single
6212017HBC5,OTU1098,US,0.9916,BOLD:ACH2670,Animalia,Arthropoda,Insecta,Coleoptera,NA,NA,NA,33,6/21/2017,HickoryBottoms,C,6/7/2017,94,Single
6212017HBC5,OTU1124,GS,98.9,BOLD:AAA4477,Animalia,Arthropoda,Insecta,Lepidoptera,Geometridae,Protitame,Protitame virginalis,106,6/21/2017,HickoryBottoms,C,6/7/2017,94,Single
6212017HBC5,OTU1156,GS,100,BOLD:ABX9810,Animalia,Arthropoda,Insecta,Diptera,NA,NA,NA,5,6/21/2017,HickoryBottoms,C,6/7/2017,94,Single
6212017HBC5,OTU1188,US,1,None,Animalia,Arthropoda,Insecta,Diptera,NA,NA,NA,8,6/21/2017,HickoryBottoms,C,6/7/2017,94,Single
6212017HBC5,OTU1208,GS,97.8,BOLD:ACB0845,Animalia,Arthropoda,Insecta,Neuroptera,Hemerobiidae,Sympherobius,NA,48,6/21/2017,HickoryBottoms,C,6/7/2017,94,Single
6212017HBC5,OTU1212,SS,0.52,BOLD:ABX7282,Animalia,Arthropoda,Insecta,Hemiptera,NA,NA,NA,4,6/21/2017,HickoryBottoms,C,6/7/2017,94,Single
6212017HBC5,OTU1294,GS,97.2,BOLD:AAG4573,Animalia,Arthropoda,Insecta,Diptera,Tabanidae,Tabanus,Tabanus similis,23,6/21/2017,HickoryBottoms,C,6/7/2017,94,Single
6212017HBC5,OTU1296,GS,97.2,BOLD:AAD2334,Animalia,Arthropoda,Insecta,Lepidoptera,Tineidae,Acrolophus,Acrolophus hasbroucki,14,6/21/2017,HickoryBottoms,C,6/7/2017,94,Single
6212017HBC5,OTU1317,SS,0.01,BOLD:AAN5451,Animalia,Arthropoda,Arachnida,Araneae,Araneidae,Eustala,NA,20,6/21/2017,HickoryBottoms,C,6/7/2017,94,Single
6212017HBC5,OTU1333,GS,99.4,BOLD:AAI3281,Animalia,Arthropoda,Insecta,Lepidoptera,Gelechiidae,Monochroa,NA,36,6/21/2017,HickoryBottoms,C,6/7/2017,94,Single
6212017HBC5,OTU1350,GS,97.2,BOLD:AAA7067,Animalia,Arthropoda,Insecta,Diptera,Culicidae,Aedes,Aedes vexans,117,6/21/2017,HickoryBottoms,C,6/7/2017,94,Single
6212017HBC5,OTU1351,SS,0.94,BOLD:AAB7030,Animalia,Arthropoda,Insecta,Diptera,Chironomidae,Chironomus,Chironomus decorus,87,6/21/2017,HickoryBottoms,C,6/7/2017,94,Single
6212017HBC5,OTU1352,GS,100,BOLD:ABW2707,Animalia,Arthropoda,Insecta,Diptera,Chironomidae,Polypedilum,NA,2,6/21/2017,HickoryBottoms,C,6/7/2017,94,Single
6212017HBC5,OTU1361,GS,100,BOLD:AAC0584,Animalia,Arthropoda,Insecta,Diptera,Culicidae,Anopheles,Anopheles punctipennis,2,6/21/2017,HickoryBottoms,C,6/7/2017,94,Single
6212017HBC5,OTU1409,GS,98.3,BOLD:AAE7788,Animalia,Arthropoda,Insecta,Diptera,Culicidae,Culex,Culex salinarius,36,6/21/2017,HickoryBottoms,C,6/7/2017,94,Single
6212017HBC5,OTU1432,US,1,None,Animalia,Arthropoda,Arachnida,Araneae,NA,NA,NA,28,6/21/2017,HickoryBottoms,C,6/7/2017,94,Single
6212017HBC5,OTU1434,GS,97.6,BOLD:AAA7067,Animalia,Arthropoda,Insecta,Diptera,Culicidae,Aedes,Aedes vexans,36,6/21/2017,HickoryBottoms,C,6/7/2017,94,Single
6212017HBC5,OTU1483,GS,98.9,BOLD:AAB6943,Animalia,Arthropoda,Insecta,Diptera,Culicidae,Culex,Culex territans,311,6/21/2017,HickoryBottoms,C,6/7/2017,94,Single
6212017HBC5,OTU1497,SS,0.97,BOLD:AAI1618,Animalia,Arthropoda,Insecta,Diptera,Culicidae,Coquillettidia,Coquillettidia perturbans,22,6/21/2017,HickoryBottoms,C,6/7/2017,94,Single
6212017HBC5,OTU1529,GS,99.4,BOLD:AAH4490,Animalia,Arthropoda,Insecta,Lepidoptera,Gracillariidae,Phyllonorycter,Phyllonorycter argentinotella,17,6/21/2017,HickoryBottoms,C,6/7/2017,94,Single
6212017HBC5,OTU1560,GS,97.2,BOLD:AAU4916,Animalia,Arthropoda,Insecta,Diptera,Mycetophilidae,Mycomya,Mycomya winnertzi,135,6/21/2017,HickoryBottoms,C,6/7/2017,94,Single
6212017HBC5,OTU1615,SS,0.57,BOLD:ACQ5757,Animalia,Arthropoda,Insecta,Diptera,NA,NA,NA,13,6/21/2017,HickoryBottoms,C,6/7/2017,94,Single
6212017HBC5,OTU1674,SS,0.4,BOLD:ACB6407,Animalia,Arthropoda,Insecta,Hymenoptera,NA,NA,NA,4,6/21/2017,HickoryBottoms,C,6/7/2017,94,Single
6212017HBC5,OTU1680,GS,99.4,BOLD:AAP5120,Animalia,Arthropoda,Insecta,Diptera,Chironomidae,Polypedilum,NA,9,6/21/2017,HickoryBottoms,C,6/7/2017,94,Single
6212017HBC5,OTU1748,SS,0.6,BOLD:ACF8409,Animalia,Arthropoda,Insecta,Diptera,NA,NA,NA,1,6/21/2017,HickoryBottoms,C,6/7/2017,94,Single
6212017HBC5,OTU1756,SS,0.97,BOLD:AAG3848,Animalia,Arthropoda,Insecta,Diptera,Culicidae,Culex,Culex erraticus,6,6/21/2017,HickoryBottoms,C,6/7/2017,94,Single
6212017HBC5,OTU1780,GS,100,BOLD:ACT4964,Animalia,Arthropoda,Insecta,Lepidoptera,Cosmopterigidae,NA,NA,1,6/21/2017,HickoryBottoms,C,6/7/2017,94,Single
6212017HBC5,OTU1871,SS,0.85,BOLD:AAG3848,Animalia,Arthropoda,Insecta,Diptera,Culicidae,Culex,Culex erraticus,3,6/21/2017,HickoryBottoms,C,6/7/2017,94,Single
6212017HBC5,OTU1872,GS,99.4,BOLD:AAD2569,Animalia,Arthropoda,Insecta,Lepidoptera,Gracillariidae,Caloptilia,Caloptilia negundella,17,6/21/2017,HickoryBottoms,C,6/7/2017,94,Single
6212017HBC6,OTU1,US,0.0026,BOLD:AAD6798,Animalia,Arthropoda,Insecta,Diptera,NA,NA,NA,8296,6/21/2017,HickoryBottoms,C,6/7/2017,94,Single
6212017HBC6,OTU5,GS,99.4,BOLD:AAN5451,Animalia,Arthropoda,Arachnida,Araneae,Araneidae,Eustala,NA,1023,6/21/2017,HickoryBottoms,C,6/7/2017,94,Single
6212017HBC6,OTU14,GS,99.4,BOLD:AAO3940,Animalia,Arthropoda,Insecta,Diptera,Limoniidae,Rhipidia,NA,373,6/21/2017,HickoryBottoms,C,6/7/2017,94,Single
6212017HBC6,OTU16,GS,100,BOLD:AAA7067,Animalia,Arthropoda,Insecta,Diptera,Culicidae,Aedes,Aedes vexans,810,6/21/2017,HickoryBottoms,C,6/7/2017,94,Single
6212017HBC6,OTU25,GS,100,BOLD:ACF0083,Animalia,Arthropoda,Insecta,Diptera,Tabanidae,Tabanus,Tabanus similis,732,6/21/2017,HickoryBottoms,C,6/7/2017,94,Single
6212017HBC6,OTU31,GS,100,BOLD:AAM6212,Animalia,Arthropoda,Insecta,Diptera,Chironomidae,Axarus,Axarus festivus,682,6/21/2017,HickoryBottoms,C,6/7/2017,94,Single
6212017HBC6,OTU35,GS,100,BOLD:ABW4215,Animalia,Arthropoda,Insecta,Diptera,Chironomidae,Glyptotendipes,Glyptotendipes meridionalis,607,6/21/2017,HickoryBottoms,C,6/7/2017,94,Single
6212017HBC6,OTU57,GS,100,BOLD:AAI1618,Animalia,Arthropoda,Insecta,Diptera,Culicidae,Coquillettidia,Coquillettidia perturbans,90,6/21/2017,HickoryBottoms,C,6/7/2017,94,Single
6212017HBC6,OTU67,GS,100,BOLD:AAO3948,Animalia,Arthropoda,Insecta,Diptera,Tipulidae,Nephrotoma,Nephrotoma macrocera,75,6/21/2017,HickoryBottoms,C,6/7/2017,94,Single
6212017HBC6,OTU68,GS,100,BOLD:AAB7030,Animalia,Arthropoda,Insecta,Diptera,Chironomidae,Chironomus,Chironomus decorus,319,6/21/2017,HickoryBottoms,C,6/7/2017,94,Single
6212017HBC6,OTU80,US,1,BOLD:ACK1206,Animalia,Arthropoda,Insecta,Neuroptera,NA,NA,NA,3779,6/21/2017,HickoryBottoms,C,6/7/2017,94,Single
6212017HBC6,OTU102,GS,98.9,BOLD:ACY6809,Animalia,Arthropoda,Arachnida,Trombidiformes,Arrenuridae,Arrenurus,NA,12682,6/21/2017,HickoryBottoms,C,6/7/2017,94,Single
6212017HBC6,OTU116,GS,100,BOLD:AAG0758,Animalia,Arthropoda,Insecta,Coleoptera,Pyrochroidae,Dendroides,Dendroides canadensis,42,6/21/2017,HickoryBottoms,C,6/7/2017,94,Single
6212017HBC6,OTU120,GS,100,BOLD:AAV3042,Animalia,Arthropoda,Arachnida,Araneae,Theridiidae,Theridion,Theridion albidum,22,6/21/2017,HickoryBottoms,C,6/7/2017,94,Single
6212017HBC6,OTU129,GS,100,BOLD:AAG2647,Animalia,Arthropoda,Insecta,Diptera,Chaoboridae,Chaoborus,Chaoborus punctipennis,4133,6/21/2017,HickoryBottoms,C,6/7/2017,94,Single
6212017HBC6,OTU144,GS,100,BOLD:AAN6304,Animalia,Arthropoda,Arachnida,Araneae,Araneidae,Araneus,Araneus guttulatus,77,6/21/2017,HickoryBottoms,C,6/7/2017,94,Single
6212017HBC6,OTU169,GS,97.2,BOLD:AAO2061,Animalia,Arthropoda,Insecta,Blattodea,Ectobiidae,Parcoblatta,NA,30,6/21/2017,HickoryBottoms,C,6/7/2017,94,Single
6212017HBC6,OTU190,GS,100,BOLD:ABY7666,Animalia,Arthropoda,Insecta,Diptera,Culicidae,Culex,Culex territans,204,6/21/2017,HickoryBottoms,C,6/7/2017,94,Single
6212017HBC6,OTU198,GS,99.4,BOLD:ABZ1242,Animalia,Arthropoda,Insecta,Diptera,Chironomidae,NA,NA,206,6/21/2017,HickoryBottoms,C,6/7/2017,94,Single
6212017HBC6,OTU214,GS,99.4,BOLD:AAW6795,Animalia,Arthropoda,Insecta,Diptera,NA,NA,NA,56,6/21/2017,HickoryBottoms,C,6/7/2017,94,Single
6212017HBC6,OTU215,GS,100,BOLD:AAA2490,Animalia,Arthropoda,Insecta,Lepidoptera,Crambidae,Palpita,Palpita magniferalis,88,6/21/2017,HickoryBottoms,C,6/7/2017,94,Single
6212017HBC6,OTU265,GS,100,BOLD:AAQ3192,Animalia,Arthropoda,Insecta,Lepidoptera,Dryadaulidae,Dryadaula,NA,48,6/21/2017,HickoryBottoms,C,6/7/2017,94,Single
6212017HBC6,OTU270,GS,100,BOLD:AAB6541,Animalia,Arthropoda,Insecta,Lepidoptera,Gelechiidae,Coleotechnites,Coleotechnites florae,13,6/21/2017,HickoryBottoms,C,6/7/2017,94,Single
6212017HBC6,OTU287,GS,98.9,BOLD:AAG5457,Animalia,Arthropoda,Insecta,Diptera,Chironomidae,NA,NA,54,6/21/2017,HickoryBottoms,C,6/7/2017,94,Single
6212017HBC6,OTU304,GS,100,BOLD:AAD6122,Animalia,Arthropoda,Insecta,Diptera,NA,NA,NA,19,6/21/2017,HickoryBottoms,C,6/7/2017,94,Single
6212017HBC6,OTU322,GS,100,BOLD:AAC2499,Animalia,Arthropoda,Insecta,Diptera,Drosophilidae,Drosophila,Drosophila suzukii,82,6/21/2017,HickoryBottoms,C,6/7/2017,94,Single
6212017HBC6,OTU489,GS,100,BOLD:ABX9225,Animalia,Arthropoda,Insecta,Diptera,Limoniidae,Rhipidia,NA,7,6/21/2017,HickoryBottoms,C,6/7/2017,94,Single
6212017HBC6,OTU492,GS,97.8,BOLD:AAF5253,Animalia,Arthropoda,Insecta,Lepidoptera,Argyresthiidae,Argyresthia,NA,681,6/21/2017,HickoryBottoms,C,6/7/2017,94,Single
6212017HBC6,OTU550,SS,0.63,BOLD:AAZ2096,Animalia,Arthropoda,Insecta,Hemiptera,NA,NA,NA,4,6/21/2017,HickoryBottoms,C,6/7/2017,94,Single
6212017HBC6,OTU637,US,0.9934,BOLD:AAH6851,Animalia,Arthropoda,Insecta,Coleoptera,NA,NA,NA,56,6/21/2017,HickoryBottoms,C,6/7/2017,94,Single
6212017HBC6,OTU652,US,0.2259,BOLD:ACR5415,Animalia,Arthropoda,Insecta,Coleoptera,NA,NA,NA,8,6/21/2017,HickoryBottoms,C,6/7/2017,94,Single
6212017HBC6,OTU689,SS,0.68,BOLD:ACR6277,Animalia,Arthropoda,Insecta,Hemiptera,NA,NA,NA,5,6/21/2017,HickoryBottoms,C,6/7/2017,94,Single
6212017HBC6,OTU713,GS,99.4,BOLD:AAM7602,Animalia,Arthropoda,Insecta,Coleoptera,Cerambycidae,NA,NA,531,6/21/2017,HickoryBottoms,C,6/7/2017,94,Single
6212017HBC6,OTU844,GS,100,BOLD:AAH5546,Animalia,Arthropoda,Insecta,Lepidoptera,Gelechiidae,Frumenta,Frumenta nundinella,27,6/21/2017,HickoryBottoms,C,6/7/2017,94,Single
6212017HBC6,OTU891,GSL,100,BOLD:AAB3762,Animalia,Arthropoda,Insecta,Lepidoptera,Notodontidae,Lochmaeus,Lochmaeus manteo,61,6/21/2017,HickoryBottoms,C,6/7/2017,94,Single
6212017HBC6,OTU953,GS,100,BOLD:ABW2530,Animalia,Arthropoda,Insecta,Diptera,Tabanidae,NA,NA,87,6/21/2017,HickoryBottoms,C,6/7/2017,94,Single
6212017HBC6,OTU965,GS,99.4,BOLD:ABW2933,Animalia,Arthropoda,Insecta,Hemiptera,Phylloxeridae,NA,NA,6,6/21/2017,HickoryBottoms,C,6/7/2017,94,Single
6212017HBC6,OTU968,GS,99.4,BOLD:ACB9565,Animalia,Arthropoda,Arachnida,Araneae,Clubionidae,Clubiona,Clubiona pygmaea,40,6/21/2017,HickoryBottoms,C,6/7/2017,94,Single
6212017HBC6,OTU1068,GS,99.4,BOLD:AAE3407,Animalia,Arthropoda,Insecta,Blattodea,Ectobiidae,Parcoblatta,Parcoblatta pennsylvanica,23,6/21/2017,HickoryBottoms,C,6/7/2017,94,Single
6212017HBC6,OTU1097,GS,97.2,BOLD:AAN5451,Animalia,Arthropoda,Arachnida,Araneae,Araneidae,Eustala,NA,25,6/21/2017,HickoryBottoms,C,6/7/2017,94,Single
6212017HBC6,OTU1127,GS,100,BOLD:AAU8651,Animalia,Arthropoda,Insecta,Hymenoptera,Ichneumonidae,NA,NA,46,6/21/2017,HickoryBottoms,C,6/7/2017,94,Single
6212017HBC6,OTU1128,GS,100,BOLD:ABW2675,Animalia,Arthropoda,Insecta,Diptera,Tipulidae,Brachypremna,NA,21,6/21/2017,HickoryBottoms,C,6/7/2017,94,Single
6212017HBC6,OTU1236,GS,99.4,BOLD:AAN5354,Animalia,Arthropoda,Insecta,Diptera,Chironomidae,NA,NA,7,6/21/2017,HickoryBottoms,C,6/7/2017,94,Single
6212017HBC6,OTU1350,GS,97.2,BOLD:AAA7067,Animalia,Arthropoda,Insecta,Diptera,Culicidae,Aedes,Aedes vexans,27,6/21/2017,HickoryBottoms,C,6/7/2017,94,Single
6212017HBC6,OTU1351,SS,0.94,BOLD:AAB7030,Animalia,Arthropoda,Insecta,Diptera,Chironomidae,Chironomus,Chironomus decorus,64,6/21/2017,HickoryBottoms,C,6/7/2017,94,Single
6212017HBC6,OTU1363,GS,100,BOLD:AAH0074,Animalia,Arthropoda,Insecta,Coleoptera,Scirtidae,Cyphon,Cyphon obscurus,26,6/21/2017,HickoryBottoms,C,6/7/2017,94,Single
6212017HBC6,OTU1434,GS,97.6,BOLD:AAA7067,Animalia,Arthropoda,Insecta,Diptera,Culicidae,Aedes,Aedes vexans,2,6/21/2017,HickoryBottoms,C,6/7/2017,94,Single
6212017HBC6,OTU1656,US,0.9715,BOLD:AAD6798,Animalia,Arthropoda,Insecta,Diptera,NA,NA,NA,2,6/21/2017,HickoryBottoms,C,6/7/2017,94,Single
6212017HBC6,OTU1676,US,0,BOLD:AAU6656,Animalia,Arthropoda,Insecta,Diptera,NA,NA,NA,53,6/21/2017,HickoryBottoms,C,6/7/2017,94,Single
6212017HBC6,OTU1719,GS,97.2,BOLD:AAG0149,Animalia,Arthropoda,Insecta,Lepidoptera,NA,NA,NA,67,6/21/2017,HickoryBottoms,C,6/7/2017,94,Single
6212017HBC6,OTU1744,SS,0.01,BOLD:ACY2511,Animalia,Arthropoda,Arachnida,Trombidiformes,Eupodidae,NA,NA,27,6/21/2017,HickoryBottoms,C,6/7/2017,94,Single
6212017HBC6,OTU1761,GS,100,BOLD:AAG7267,Animalia,Arthropoda,Insecta,Odonata,Libellulidae,NA,NA,17,6/21/2017,HickoryBottoms,C,6/7/2017,94,Single
6212017HBC7,OTU1,US,0.0026,BOLD:AAD6798,Animalia,Arthropoda,Insecta,Diptera,NA,NA,NA,162,6/21/2017,HickoryBottoms,C,6/7/2017,94,Single
6212017HBC7,OTU5,GS,99.4,BOLD:AAN5451,Animalia,Arthropoda,Arachnida,Araneae,Araneidae,Eustala,NA,6402,6/21/2017,HickoryBottoms,C,6/7/2017,94,Single
6212017HBC7,OTU10,GS,100,BOLD:ACF3057,Animalia,Arthropoda,Insecta,Lepidoptera,Tineidae,Acrolophus,Acrolophus mortipennella,825,6/21/2017,HickoryBottoms,C,6/7/2017,94,Single
6212017HBC7,OTU11,GS,99.4,BOLD:AAG3848,Animalia,Arthropoda,Insecta,Diptera,Culicidae,Culex,Culex erraticus,1228,6/21/2017,HickoryBottoms,C,6/7/2017,94,Single
6212017HBC7,OTU14,GS,99.4,BOLD:AAO3940,Animalia,Arthropoda,Insecta,Diptera,Limoniidae,Rhipidia,NA,751,6/21/2017,HickoryBottoms,C,6/7/2017,94,Single
6212017HBC7,OTU16,GS,100,BOLD:AAA7067,Animalia,Arthropoda,Insecta,Diptera,Culicidae,Aedes,Aedes vexans,4363,6/21/2017,HickoryBottoms,C,6/7/2017,94,Single
6212017HBC7,OTU17,GS,100,BOLD:AAB3702,Animalia,Arthropoda,Insecta,Trichoptera,Hydropsychidae,Potamyia,Potamyia flava,379,6/21/2017,HickoryBottoms,C,6/7/2017,94,Single
6212017HBC7,OTU20,US,0.9885,BOLD:ACL8445,Animalia,Arthropoda,Insecta,Diptera,NA,NA,NA,11746,6/21/2017,HickoryBottoms,C,6/7/2017,94,Single
6212017HBC7,OTU25,GS,100,BOLD:ACF0083,Animalia,Arthropoda,Insecta,Diptera,Tabanidae,Tabanus,Tabanus similis,2639,6/21/2017,HickoryBottoms,C,6/7/2017,94,Single
6212017HBC7,OTU26,GS,98.8,BOLD:ACM8443,Animalia,Arthropoda,Insecta,Diptera,Tabanidae,Hybomitra,Hybomitra epistates,120,6/21/2017,HickoryBottoms,C,6/7/2017,94,Single
6212017HBC7,OTU57,GS,100,BOLD:AAI1618,Animalia,Arthropoda,Insecta,Diptera,Culicidae,Coquillettidia,Coquillettidia perturbans,218,6/21/2017,HickoryBottoms,C,6/7/2017,94,Single
6212017HBC7,OTU68,GS,100,BOLD:AAB7030,Animalia,Arthropoda,Insecta,Diptera,Chironomidae,Chironomus,Chironomus decorus,423,6/21/2017,HickoryBottoms,C,6/7/2017,94,Single
6212017HBC7,OTU87,US,0,BOLD:ABY2339,Animalia,Arthropoda,Insecta,Diptera,NA,NA,NA,190,6/21/2017,HickoryBottoms,C,6/7/2017,94,Single
6212017HBC7,OTU101,US,0.2887,None,Animalia,Arthropoda,Insecta,Hemiptera,NA,NA,NA,314,6/21/2017,HickoryBottoms,C,6/7/2017,94,Single
6212017HBC7,OTU123,GS,99.4,BOLD:AAM8787,Animalia,Arthropoda,Insecta,Lepidoptera,Gelechiidae,Dichomeris,Dichomeris laetitia,244,6/21/2017,HickoryBottoms,C,6/7/2017,94,Single
6212017HBC7,OTU190,GS,100,BOLD:ABY7666,Animalia,Arthropoda,Insecta,Diptera,Culicidae,Culex,Culex territans,252,6/21/2017,HickoryBottoms,C,6/7/2017,94,Single
6212017HBC7,OTU198,GS,99.4,BOLD:ABZ1242,Animalia,Arthropoda,Insecta,Diptera,Chironomidae,NA,NA,71,6/21/2017,HickoryBottoms,C,6/7/2017,94,Single
6212017HBC7,OTU209,GS,100,BOLD:AAF9019,Animalia,Arthropoda,Insecta,Diptera,NA,NA,NA,3488,6/21/2017,HickoryBottoms,C,6/7/2017,94,Single
6212017HBC7,OTU213,GS,100,BOLD:AAD4936,Animalia,Arthropoda,Insecta,Lepidoptera,Gracillariidae,Caloptilia,Caloptilia sassafrasella,30,6/21/2017,HickoryBottoms,C,6/7/2017,94,Single
6212017HBC7,OTU238,GS,100,BOLD:AAC2281,Animalia,Arthropoda,Insecta,Diptera,Culicidae,Anopheles,Anopheles quadrimaculatus,26,6/21/2017,HickoryBottoms,C,6/7/2017,94,Single
6212017HBC7,OTU255,GS,100,BOLD:AAG4956,Animalia,Arthropoda,Insecta,Diptera,Mycetophilidae,Greenomyia,NA,26,6/21/2017,HickoryBottoms,C,6/7/2017,94,Single
6212017HBC7,OTU270,GS,100,BOLD:AAB6541,Animalia,Arthropoda,Insecta,Lepidoptera,Gelechiidae,Coleotechnites,Coleotechnites florae,24,6/21/2017,HickoryBottoms,C,6/7/2017,94,Single
6212017HBC7,OTU275,GS,100,BOLD:AAA5695,Animalia,Arthropoda,Insecta,Trichoptera,Hydropsychidae,Cheumatopsyche,Cheumatopsyche analis,511,6/21/2017,HickoryBottoms,C,6/7/2017,94,Single
6212017HBC7,OTU335,GS,99.4,BOLD:AAM6295,Animalia,Arthropoda,Insecta,Diptera,Chaoboridae,NA,NA,72,6/21/2017,HickoryBottoms,C,6/7/2017,94,Single
6212017HBC7,OTU350,GS,99.4,BOLD:AAL7361,Animalia,Arthropoda,Insecta,Diptera,Chironomidae,Procladius,NA,17,6/21/2017,HickoryBottoms,C,6/7/2017,94,Single
6212017HBC7,OTU354,SS,0.48,BOLD:AAM6278,Animalia,Arthropoda,Insecta,Diptera,NA,NA,NA,42,6/21/2017,HickoryBottoms,C,6/7/2017,94,Single
6212017HBC7,OTU369,SS,0.79,BOLD:ACS7984,Animalia,Arthropoda,Insecta,Hemiptera,NA,NA,NA,19,6/21/2017,HickoryBottoms,C,6/7/2017,94,Single
6212017HBC7,OTU446,GS,100,BOLD:AAD1537,Animalia,Arthropoda,Insecta,Lepidoptera,Tortricidae,Gretchena,Gretchena bolliana,6,6/21/2017,HickoryBottoms,C,6/7/2017,94,Single
6212017HBC7,OTU447,US,0.9916,BOLD:AAW5176,Animalia,Arthropoda,Arachnida,Araneae,NA,NA,NA,10,6/21/2017,HickoryBottoms,C,6/7/2017,94,Single
6212017HBC7,OTU469,GS,100,BOLD:AAR7014,Animalia,Arthropoda,Insecta,Lepidoptera,Gracillariidae,Neurobathra,Neurobathra strigifinitella,30,6/21/2017,HickoryBottoms,C,6/7/2017,94,Single
6212017HBC7,OTU486,GS,100,BOLD:ACL3824,Animalia,Arthropoda,Insecta,Diptera,Chironomidae,NA,NA,68,6/21/2017,HickoryBottoms,C,6/7/2017,94,Single
6212017HBC7,OTU493,GS,99.4,BOLD:ABY7387,Animalia,Arthropoda,Insecta,Lepidoptera,Limacodidae,Lithacodes,Lithacodes fasciola,4,6/21/2017,HickoryBottoms,C,6/7/2017,94,Single
6212017HBC7,OTU541,US,0.9919,BOLD:AAJ2923,Animalia,Arthropoda,Insecta,Hemiptera,NA,NA,NA,88,6/21/2017,HickoryBottoms,C,6/7/2017,94,Single
6212017HBC7,OTU549,GS,100,BOLD:AAM8604,Animalia,Arthropoda,Insecta,Lepidoptera,NA,NA,NA,8,6/21/2017,HickoryBottoms,C,6/7/2017,94,Single
6212017HBC7,OTU557,GS,98.3,BOLD:AAO7609,Animalia,Arthropoda,Insecta,Diptera,NA,NA,NA,25,6/21/2017,HickoryBottoms,C,6/7/2017,94,Single
6212017HBC7,OTU570,SS,0.63,BOLD:ACA3248,Animalia,Arthropoda,Insecta,Hymenoptera,NA,NA,NA,64,6/21/2017,HickoryBottoms,C,6/7/2017,94,Single
6212017HBC7,OTU580,GS,98.3,BOLD:ABZ0908,Animalia,Arthropoda,Insecta,Diptera,Tipulidae,Nephrotoma,Nephrotoma ferruginea,9,6/21/2017,HickoryBottoms,C,6/7/2017,94,Single
6212017HBC7,OTU686,US,0.9919,BOLD:ACT2785,Animalia,Arthropoda,Insecta,Hymenoptera,NA,NA,NA,17,6/21/2017,HickoryBottoms,C,6/7/2017,94,Single
6212017HBC7,OTU695,SS,0.59,BOLD:AAN3697,Animalia,Arthropoda,Insecta,Hymenoptera,NA,NA,NA,24,6/21/2017,HickoryBottoms,C,6/7/2017,94,Single
6212017HBC7,OTU749,GS,98.3,BOLD:AAU4916,Animalia,Arthropoda,Insecta,Diptera,Mycetophilidae,Mycomya,Mycomya winnertzi,163,6/21/2017,HickoryBottoms,C,6/7/2017,94,Single
6212017HBC7,OTU796,GS,100,BOLD:AAH4950,Animalia,Arthropoda,Insecta,Lepidoptera,NA,NA,NA,8,6/21/2017,HickoryBottoms,C,6/7/2017,94,Single
6212017HBC7,OTU890,GS,100,BOLD:ACE3004,Animalia,Arthropoda,Insecta,Lepidoptera,Erebidae,Hyperstrotia,Hyperstrotia nana,16,6/21/2017,HickoryBottoms,C,6/7/2017,94,Single
6212017HBC7,OTU912,US,0,BOLD:ACK2644,Animalia,Arthropoda,Insecta,Diptera,NA,NA,NA,56,6/21/2017,HickoryBottoms,C,6/7/2017,94,Single
6212017HBC7,OTU963,GS,99.4,BOLD:ACC7263,Animalia,Arthropoda,Insecta,Diptera,Mycetophilidae,Mycetophila,NA,36,6/21/2017,HickoryBottoms,C,6/7/2017,94,Single
6212017HBC7,OTU978,SS,0.71,BOLD:AAG5479,Animalia,Arthropoda,Insecta,Diptera,Chironomidae,NA,NA,6,6/21/2017,HickoryBottoms,C,6/7/2017,94,Single
6212017HBC7,OTU1047,GS,99.4,BOLD:ACC8989,Animalia,Arthropoda,Insecta,Lepidoptera,Batrachedridae,Batrachedra,NA,1,6/21/2017,HickoryBottoms,C,6/7/2017,94,Single
6212017HBC7,OTU1074,GS,98.3,BOLD:ACI4905,Animalia,Arthropoda,Insecta,Hemiptera,Miridae,Pilophorus,Pilophorus setiger,32,6/21/2017,HickoryBottoms,C,6/7/2017,94,Single
6212017HBC7,OTU1097,GS,97.2,BOLD:AAN5451,Animalia,Arthropoda,Arachnida,Araneae,Araneidae,Eustala,NA,292,6/21/2017,HickoryBottoms,C,6/7/2017,94,Single
6212017HBC7,OTU1098,US,0.9916,BOLD:ACH2670,Animalia,Arthropoda,Insecta,Coleoptera,NA,NA,NA,44,6/21/2017,HickoryBottoms,C,6/7/2017,94,Single
6212017HBC7,OTU1124,GS,98.9,BOLD:AAA4477,Animalia,Arthropoda,Insecta,Lepidoptera,Geometridae,Protitame,Protitame virginalis,10,6/21/2017,HickoryBottoms,C,6/7/2017,94,Single
6212017HBC7,OTU1188,US,1,None,Animalia,Arthropoda,Insecta,Diptera,NA,NA,NA,21,6/21/2017,HickoryBottoms,C,6/7/2017,94,Single
6212017HBC7,OTU1208,GS,97.8,BOLD:ACB0845,Animalia,Arthropoda,Insecta,Neuroptera,Hemerobiidae,Sympherobius,NA,11,6/21/2017,HickoryBottoms,C,6/7/2017,94,Single
6212017HBC7,OTU1212,SS,0.52,BOLD:ABX7282,Animalia,Arthropoda,Insecta,Hemiptera,NA,NA,NA,5,6/21/2017,HickoryBottoms,C,6/7/2017,94,Single
6212017HBC7,OTU1296,GS,97.2,BOLD:AAD2334,Animalia,Arthropoda,Insecta,Lepidoptera,Tineidae,Acrolophus,Acrolophus hasbroucki,14,6/21/2017,HickoryBottoms,C,6/7/2017,94,Single
6212017HBC7,OTU1317,SS,0.01,BOLD:AAN5451,Animalia,Arthropoda,Arachnida,Araneae,Araneidae,Eustala,NA,6,6/21/2017,HickoryBottoms,C,6/7/2017,94,Single
6212017HBC7,OTU1333,GS,99.4,BOLD:AAI3281,Animalia,Arthropoda,Insecta,Lepidoptera,Gelechiidae,Monochroa,NA,10,6/21/2017,HickoryBottoms,C,6/7/2017,94,Single
6212017HBC7,OTU1345,GS,100,BOLD:AAL7329,Animalia,Arthropoda,Insecta,Diptera,Chironomidae,Dicrotendipes,Dicrotendipes modestus,1,6/21/2017,HickoryBottoms,C,6/7/2017,94,Single
6212017HBC7,OTU1350,GS,97.2,BOLD:AAA7067,Animalia,Arthropoda,Insecta,Diptera,Culicidae,Aedes,Aedes vexans,103,6/21/2017,HickoryBottoms,C,6/7/2017,94,Single
6212017HBC7,OTU1351,SS,0.94,BOLD:AAB7030,Animalia,Arthropoda,Insecta,Diptera,Chironomidae,Chironomus,Chironomus decorus,57,6/21/2017,HickoryBottoms,C,6/7/2017,94,Single
6212017HBC7,OTU1352,GS,100,BOLD:ABW2707,Animalia,Arthropoda,Insecta,Diptera,Chironomidae,Polypedilum,NA,12,6/21/2017,HickoryBottoms,C,6/7/2017,94,Single
6212017HBC7,OTU1409,GS,98.3,BOLD:AAE7788,Animalia,Arthropoda,Insecta,Diptera,Culicidae,Culex,Culex salinarius,105,6/21/2017,HickoryBottoms,C,6/7/2017,94,Single
6212017HBC7,OTU1434,GS,97.6,BOLD:AAA7067,Animalia,Arthropoda,Insecta,Diptera,Culicidae,Aedes,Aedes vexans,10,6/21/2017,HickoryBottoms,C,6/7/2017,94,Single
6212017HBC7,OTU1445,SS,0.44,BOLD:ABV1417,Animalia,Arthropoda,Insecta,Diptera,NA,NA,NA,24,6/21/2017,HickoryBottoms,C,6/7/2017,94,Single
6212017HBC7,OTU1483,GS,98.9,BOLD:AAB6943,Animalia,Arthropoda,Insecta,Diptera,Culicidae,Culex,Culex territans,55,6/21/2017,HickoryBottoms,C,6/7/2017,94,Single
6212017HBC7,OTU1529,GS,99.4,BOLD:AAH4490,Animalia,Arthropoda,Insecta,Lepidoptera,Gracillariidae,Phyllonorycter,Phyllonorycter argentinotella,14,6/21/2017,HickoryBottoms,C,6/7/2017,94,Single
6212017HBC7,OTU1533,US,1,None,Animalia,Arthropoda,Arachnida,Araneae,NA,NA,NA,30,6/21/2017,HickoryBottoms,C,6/7/2017,94,Single
6212017HBC7,OTU1560,GS,97.2,BOLD:AAU4916,Animalia,Arthropoda,Insecta,Diptera,Mycetophilidae,Mycomya,Mycomya winnertzi,189,6/21/2017,HickoryBottoms,C,6/7/2017,94,Single
6212017HBC7,OTU1569,SS,0.91,BOLD:AAB3702,Animalia,Arthropoda,Insecta,Trichoptera,Hydropsychidae,Potamyia,Potamyia flava,1,6/21/2017,HickoryBottoms,C,6/7/2017,94,Single
6212017HBC7,OTU1615,SS,0.57,BOLD:ACQ5757,Animalia,Arthropoda,Insecta,Diptera,NA,NA,NA,15,6/21/2017,HickoryBottoms,C,6/7/2017,94,Single
6212017HBC7,OTU1664,SS,0.26,BOLD:AAF9008,Animalia,Arthropoda,Insecta,Diptera,NA,NA,NA,4,6/21/2017,HickoryBottoms,C,6/7/2017,94,Single
6212017HBC7,OTU1674,SS,0.4,BOLD:ACB6407,Animalia,Arthropoda,Insecta,Hymenoptera,NA,NA,NA,19,6/21/2017,HickoryBottoms,C,6/7/2017,94,Single
6212017HBC7,OTU1756,SS,0.97,BOLD:AAG3848,Animalia,Arthropoda,Insecta,Diptera,Culicidae,Culex,Culex erraticus,3,6/21/2017,HickoryBottoms,C,6/7/2017,94,Single
6212017HBC7,OTU1795,US,0.9963,BOLD:AAG3179,Animalia,Arthropoda,Insecta,Diptera,NA,NA,NA,174,6/21/2017,HickoryBottoms,C,6/7/2017,94,Single
6212017HBC7,OTU1800,US,0.3913,None,Animalia,Arthropoda,Insecta,Diptera,NA,NA,NA,13,6/21/2017,HickoryBottoms,C,6/7/2017,94,Single
6212017HBC7,OTU1824,US,0.0049,BOLD:AAB3269,Animalia,Arthropoda,Insecta,Diptera,NA,NA,NA,11,6/21/2017,HickoryBottoms,C,6/7/2017,94,Single
6212017HBC7,OTU1872,GS,99.4,BOLD:AAD2569,Animalia,Arthropoda,Insecta,Lepidoptera,Gracillariidae,Caloptilia,Caloptilia negundella,52,6/21/2017,HickoryBottoms,C,6/7/2017,94,Single
6212017HBC7,OTU1902,US,1,BOLD:ABU9234,Animalia,Arthropoda,Insecta,Psocodea,NA,NA,NA,4,6/21/2017,HickoryBottoms,C,6/7/2017,94,Single
6212017HBC7,OTU1919,GS,98.3,BOLD:ACJ1988,Animalia,Arthropoda,Insecta,Diptera,Ceratopogonidae,NA,NA,4,6/21/2017,HickoryBottoms,C,6/7/2017,94,Single
6212017HBC8,OTU9,US,0.7924,BOLD:AAG8502,Animalia,Arthropoda,Insecta,NA,NA,NA,NA,16729,6/21/2017,HickoryBottoms,C,6/7/2017,94,Single
6212017HBC8,OTU10,GS,100,BOLD:ACF3057,Animalia,Arthropoda,Insecta,Lepidoptera,Tineidae,Acrolophus,Acrolophus mortipennella,1246,6/21/2017,HickoryBottoms,C,6/7/2017,94,Single
6212017HBC8,OTU21,GS,100,BOLD:ACR3763,Animalia,Arthropoda,Insecta,Coleoptera,Ptilodactylidae,Ptilodactyla,Ptilodactyla serricollis,13342,6/21/2017,HickoryBottoms,C,6/7/2017,94,Single
6212017HBC8,OTU81,US,0,BOLD:ABV3248,Animalia,Arthropoda,Insecta,Diptera,NA,NA,NA,834,6/21/2017,HickoryBottoms,C,6/7/2017,94,Single
6212017HBC8,OTU96,US,0,BOLD:ACL3138,Animalia,Arthropoda,Insecta,Diptera,NA,NA,NA,1035,6/21/2017,HickoryBottoms,C,6/7/2017,94,Single
6212017HBC8,OTU115,GS,100,BOLD:AAA4942,Animalia,Arthropoda,Arachnida,Araneae,Tetragnathidae,Tetragnatha,Tetragnatha elongata,82,6/21/2017,HickoryBottoms,C,6/7/2017,94,Single
6212017HBC8,OTU117,GS,100,BOLD:AAH5449,Animalia,Arthropoda,Insecta,Lepidoptera,Tineidae,Acrolophus,Acrolophus propinqua,225,6/21/2017,HickoryBottoms,C,6/7/2017,94,Single
6212017HBC8,OTU174,GS,97.2,BOLD:AAD2010,Animalia,Arthropoda,Insecta,Lepidoptera,Tineidae,Acrolophus,Acrolophus propinqua,46,6/21/2017,HickoryBottoms,C,6/7/2017,94,Single
6212017HBC8,OTU354,SS,0.48,BOLD:AAM6278,Animalia,Arthropoda,Insecta,Diptera,NA,NA,NA,5,6/21/2017,HickoryBottoms,C,6/7/2017,94,Single
6212017HBC8,OTU557,GS,98.3,BOLD:AAO7609,Animalia,Arthropoda,Insecta,Diptera,NA,NA,NA,3,6/21/2017,HickoryBottoms,C,6/7/2017,94,Single
6212017HBC8,OTU574,GS,100,BOLD:AAB7238,Animalia,Arthropoda,Insecta,Lepidoptera,Tortricidae,Ancylis,Ancylis platanana,11,6/21/2017,HickoryBottoms,C,6/7/2017,94,Single
6212017HBC8,OTU593,GS,100,BOLD:ACN2382,Animalia,Arthropoda,Insecta,Diptera,Chironomidae,Polypedilum,NA,22,6/21/2017,HickoryBottoms,C,6/7/2017,94,Single
6212017HBC8,OTU621,US,0.9885,BOLD:ACR5140,Animalia,Arthropoda,Insecta,Coleoptera,NA,NA,NA,5,6/21/2017,HickoryBottoms,C,6/7/2017,94,Single
6212017HBC8,OTU707,GS,100,BOLD:ACA3244,Animalia,Arthropoda,Insecta,Diptera,Chironomidae,Polypedilum,Polypedilum convictum,73,6/21/2017,HickoryBottoms,C,6/7/2017,94,Single
6212017HBC8,OTU807,GS,99.4,BOLD:AAD2595,Animalia,Arthropoda,Insecta,Diptera,Culicidae,Anopheles,Anopheles walkeri,2,6/21/2017,HickoryBottoms,C,6/7/2017,94,Single
6212017HBC8,OTU859,GS,100,BOLD:AAB6961,Animalia,Arthropoda,Insecta,Lepidoptera,Tortricidae,Larisa,Larisa subsolana,1,6/21/2017,HickoryBottoms,C,6/7/2017,94,Single
6212017HBC8,OTU924,GS,100,BOLD:AAB1670,Animalia,Arthropoda,Insecta,Lepidoptera,Noctuidae,Marimatha,Marimatha nigrofimbria,59,6/21/2017,HickoryBottoms,C,6/7/2017,94,Single
6212017HBC8,OTU949,GS,100,BOLD:AAP3003,Animalia,Arthropoda,Insecta,Diptera,Chironomidae,NA,NA,17,6/21/2017,HickoryBottoms,C,6/7/2017,94,Single
6212017HBC8,OTU1085,GS,98.9,BOLD:ACZ3313,Animalia,Arthropoda,Insecta,Coleoptera,Ptilodactylidae,Ptilodactyla,Ptilodactyla carinata,1,6/21/2017,HickoryBottoms,C,6/7/2017,94,Single
6212017HBC8,OTU1104,GS,100,BOLD:AAC8999,Animalia,Arthropoda,Insecta,Lepidoptera,Tortricidae,Aethes,Aethes angustana,7,6/21/2017,HickoryBottoms,C,6/7/2017,94,Single
6212017HBC8,OTU1192,US,0.9967,BOLD:AAU9820,Animalia,Arthropoda,Insecta,Hymenoptera,NA,NA,NA,38,6/21/2017,HickoryBottoms,C,6/7/2017,94,Single
6212017HBC8,OTU1263,GS,98.3,BOLD:ACY7461,Animalia,Arthropoda,Insecta,Coleoptera,NA,NA,NA,131,6/21/2017,HickoryBottoms,C,6/7/2017,94,Single
6212017HBC8,OTU1296,GS,97.2,BOLD:AAD2334,Animalia,Arthropoda,Insecta,Lepidoptera,Tineidae,Acrolophus,Acrolophus hasbroucki,4,6/21/2017,HickoryBottoms,C,6/7/2017,94,Single
6212017HBC8,OTU1352,GS,100,BOLD:ABW2707,Animalia,Arthropoda,Insecta,Diptera,Chironomidae,Polypedilum,NA,5,6/21/2017,HickoryBottoms,C,6/7/2017,94,Single
6212017HBC8,OTU1353,SS,0.11,BOLD:ABU9995,Animalia,Arthropoda,Insecta,Diptera,NA,NA,NA,3,6/21/2017,HickoryBottoms,C,6/7/2017,94,Single
6212017HBC8,OTU1719,GS,97.2,BOLD:AAG0149,Animalia,Arthropoda,Insecta,Lepidoptera,NA,NA,NA,15,6/21/2017,HickoryBottoms,C,6/7/2017,94,Single
6212017HBC9,OTU4,GS,100,BOLD:AAN5882,Animalia,Arthropoda,Insecta,Diptera,Limoniidae,Erioptera,Erioptera caliptera,12946,6/21/2017,HickoryBottoms,C,6/7/2017,94,Single
6212017HBC9,OTU13,GS,100,BOLD:ABV1771,Animalia,Arthropoda,Insecta,Diptera,Limoniidae,NA,NA,1003,6/21/2017,HickoryBottoms,C,6/7/2017,94,Single
6212017HBC9,OTU16,GS,100,BOLD:AAA7067,Animalia,Arthropoda,Insecta,Diptera,Culicidae,Aedes,Aedes vexans,932,6/21/2017,HickoryBottoms,C,6/7/2017,94,Single
6212017HBC9,OTU21,GS,100,BOLD:ACR3763,Animalia,Arthropoda,Insecta,Coleoptera,Ptilodactylidae,Ptilodactyla,Ptilodactyla serricollis,11457,6/21/2017,HickoryBottoms,C,6/7/2017,94,Single
6212017HBC9,OTU26,GS,98.8,BOLD:ACM8443,Animalia,Arthropoda,Insecta,Diptera,Tabanidae,Hybomitra,Hybomitra epistates,225,6/21/2017,HickoryBottoms,C,6/7/2017,94,Single
6212017HBC9,OTU68,GS,100,BOLD:AAB7030,Animalia,Arthropoda,Insecta,Diptera,Chironomidae,Chironomus,Chironomus decorus,46,6/21/2017,HickoryBottoms,C,6/7/2017,94,Single
6212017HBC9,OTU83,GS,100,BOLD:ABA5203,Animalia,Arthropoda,Insecta,Diptera,Limoniidae,Dicranomyia,Dicranomyia frontalis,7519,6/21/2017,HickoryBottoms,C,6/7/2017,94,Single
6212017HBC9,OTU133,US,0,BOLD:AAH1180,Animalia,Arthropoda,Insecta,Hemiptera,NA,NA,NA,277,6/21/2017,HickoryBottoms,C,6/7/2017,94,Single
6212017HBC9,OTU198,GS,99.4,BOLD:ABZ1242,Animalia,Arthropoda,Insecta,Diptera,Chironomidae,NA,NA,15,6/21/2017,HickoryBottoms,C,6/7/2017,94,Single
6212017HBC9,OTU213,GS,100,BOLD:AAD4936,Animalia,Arthropoda,Insecta,Lepidoptera,Gracillariidae,Caloptilia,Caloptilia sassafrasella,10,6/21/2017,HickoryBottoms,C,6/7/2017,94,Single
6212017HBC9,OTU214,GS,99.4,BOLD:AAW6795,Animalia,Arthropoda,Insecta,Diptera,NA,NA,NA,122,6/21/2017,HickoryBottoms,C,6/7/2017,94,Single
6212017HBC9,OTU216,GS,100,BOLD:AAG5659,Animalia,Arthropoda,Arachnida,Araneae,Tetragnathidae,Tetragnatha,Tetragnatha viridis,72,6/21/2017,HickoryBottoms,C,6/7/2017,94,Single
6212017HBC9,OTU227,GS,99.4,BOLD:AAO3939,Animalia,Arthropoda,Insecta,Diptera,Limoniidae,Dicranomyia,NA,601,6/21/2017,HickoryBottoms,C,6/7/2017,94,Single
6212017HBC9,OTU272,GS,100,BOLD:AAJ3819,Animalia,Arthropoda,Insecta,Diptera,Clusiidae,Sobarocephala,Sobarocephala setipes,7,6/21/2017,HickoryBottoms,C,6/7/2017,94,Single
6212017HBC9,OTU335,GS,99.4,BOLD:AAM6295,Animalia,Arthropoda,Insecta,Diptera,Chaoboridae,NA,NA,23,6/21/2017,HickoryBottoms,C,6/7/2017,94,Single
6212017HBC9,OTU433,GS,99.4,BOLD:AAC5286,Animalia,Arthropoda,Insecta,Lepidoptera,Tineidae,Xylesthia,Xylesthia pruniramiella,3,6/21/2017,HickoryBottoms,C,6/7/2017,94,Single
6212017HBC9,OTU439,GS,100,BOLD:AAI3406,Animalia,Arthropoda,Insecta,Coleoptera,Cerambycidae,Obrium,Obrium rufulum,7,6/21/2017,HickoryBottoms,C,6/7/2017,94,Single
6212017HBC9,OTU517,US,0,None,Animalia,Arthropoda,Insecta,Diptera,NA,NA,NA,2,6/21/2017,HickoryBottoms,C,6/7/2017,94,Single
6212017HBC9,OTU527,GS,100,BOLD:ABX0334,Animalia,Arthropoda,Insecta,Hemiptera,Miridae,Tropidosteptes,Tropidosteptes amoenus,4,6/21/2017,HickoryBottoms,C,6/7/2017,94,Single
6212017HBC9,OTU541,US,0.9919,BOLD:AAJ2923,Animalia,Arthropoda,Insecta,Hemiptera,NA,NA,NA,8,6/21/2017,HickoryBottoms,C,6/7/2017,94,Single
6212017HBC9,OTU550,SS,0.63,BOLD:AAZ2096,Animalia,Arthropoda,Insecta,Hemiptera,NA,NA,NA,2,6/21/2017,HickoryBottoms,C,6/7/2017,94,Single
6212017HBC9,OTU557,GS,98.3,BOLD:AAO7609,Animalia,Arthropoda,Insecta,Diptera,NA,NA,NA,3,6/21/2017,HickoryBottoms,C,6/7/2017,94,Single
6212017HBC9,OTU593,GS,100,BOLD:ACN2382,Animalia,Arthropoda,Insecta,Diptera,Chironomidae,Polypedilum,NA,9,6/21/2017,HickoryBottoms,C,6/7/2017,94,Single
6212017HBC9,OTU635,GS,97.2,BOLD:AAN5882,Animalia,Arthropoda,Insecta,Diptera,Limoniidae,Erioptera,Erioptera caliptera,109,6/21/2017,HickoryBottoms,C,6/7/2017,94,Single
6212017HBC9,OTU655,SS,0.61,BOLD:AAA3776,Animalia,Arthropoda,Insecta,Diptera,NA,NA,NA,2,6/21/2017,HickoryBottoms,C,6/7/2017,94,Single
6212017HBC9,OTU689,SS,0.68,BOLD:ACR6277,Animalia,Arthropoda,Insecta,Hemiptera,NA,NA,NA,1,6/21/2017,HickoryBottoms,C,6/7/2017,94,Single
6212017HBC9,OTU707,GS,100,BOLD:ACA3244,Animalia,Arthropoda,Insecta,Diptera,Chironomidae,Polypedilum,Polypedilum convictum,300,6/21/2017,HickoryBottoms,C,6/7/2017,94,Single
6212017HBC9,OTU829,GS,99.4,BOLD:AAG6500,Animalia,Arthropoda,Insecta,Diptera,Ceratopogonidae,Atrichopogon,Atrichopogon fusculus,3,6/21/2017,HickoryBottoms,C,6/7/2017,94,Single
6212017HBC9,OTU940,US,0,BOLD:ACT8457,Animalia,Arthropoda,Insecta,Hymenoptera,NA,NA,NA,104,6/21/2017,HickoryBottoms,C,6/7/2017,94,Single
6212017HBC9,OTU978,SS,0.71,BOLD:AAG5479,Animalia,Arthropoda,Insecta,Diptera,Chironomidae,NA,NA,6,6/21/2017,HickoryBottoms,C,6/7/2017,94,Single
6212017HBC9,OTU1034,US,7e-04,BOLD:AAI5631,Animalia,Arthropoda,Insecta,Mecoptera,NA,NA,NA,6,6/21/2017,HickoryBottoms,C,6/7/2017,94,Single
6212017HBC9,OTU1040,SS,0.14,BOLD:AAU6662,Animalia,Arthropoda,Insecta,Diptera,NA,NA,NA,1,6/21/2017,HickoryBottoms,C,6/7/2017,94,Single
6212017HBC9,OTU1074,GS,98.3,BOLD:ACI4905,Animalia,Arthropoda,Insecta,Hemiptera,Miridae,Pilophorus,Pilophorus setiger,3,6/21/2017,HickoryBottoms,C,6/7/2017,94,Single
6212017HBC9,OTU1085,GS,98.9,BOLD:ACZ3313,Animalia,Arthropoda,Insecta,Coleoptera,Ptilodactylidae,Ptilodactyla,Ptilodactyla carinata,1,6/21/2017,HickoryBottoms,C,6/7/2017,94,Single
6212017HBC9,OTU1102,SS,0.23,BOLD:ACX4343,Animalia,Arthropoda,Insecta,Coleoptera,NA,NA,NA,1,6/21/2017,HickoryBottoms,C,6/7/2017,94,Single
6212017HBC9,OTU1189,US,0.9844,BOLD:ABY0555,Animalia,Arthropoda,Insecta,Diptera,NA,NA,NA,2,6/21/2017,HickoryBottoms,C,6/7/2017,94,Single
6212017HBC9,OTU1212,SS,0.52,BOLD:ABX7282,Animalia,Arthropoda,Insecta,Hemiptera,NA,NA,NA,2,6/21/2017,HickoryBottoms,C,6/7/2017,94,Single
6212017HBC9,OTU1292,GS,97.8,BOLD:AAN5882,Animalia,Arthropoda,Insecta,Diptera,Limoniidae,Erioptera,Erioptera caliptera,5,6/21/2017,HickoryBottoms,C,6/7/2017,94,Single
6212017HBC9,OTU1350,GS,97.2,BOLD:AAA7067,Animalia,Arthropoda,Insecta,Diptera,Culicidae,Aedes,Aedes vexans,14,6/21/2017,HickoryBottoms,C,6/7/2017,94,Single
6212017HBC9,OTU1351,SS,0.94,BOLD:AAB7030,Animalia,Arthropoda,Insecta,Diptera,Chironomidae,Chironomus,Chironomus decorus,20,6/21/2017,HickoryBottoms,C,6/7/2017,94,Single
6212017HBC9,OTU1434,GS,97.6,BOLD:AAA7067,Animalia,Arthropoda,Insecta,Diptera,Culicidae,Aedes,Aedes vexans,23,6/21/2017,HickoryBottoms,C,6/7/2017,94,Single
6212017HBC9,OTU1480,US,0.9249,BOLD:AAN5882,Animalia,Arthropoda,Insecta,Diptera,NA,NA,NA,2,6/21/2017,HickoryBottoms,C,6/7/2017,94,Single
6212017HBC9,OTU1512,GS,98.9,BOLD:ACU8828,Animalia,Arthropoda,Insecta,Coleoptera,Cleridae,NA,NA,2,6/21/2017,HickoryBottoms,C,6/7/2017,94,Single
6212017HBC9,OTU1721,GSL,97.8,BOLD:AAE4545,Animalia,Arthropoda,Insecta,Lepidoptera,NA,NA,NA,1,6/21/2017,HickoryBottoms,C,6/7/2017,94,Single
6212017HBD1,OTU1,US,0.0026,BOLD:AAD6798,Animalia,Arthropoda,Insecta,Diptera,NA,NA,NA,1120,6/21/2017,HickoryBottoms,D,6/7/2017,113,Single
6212017HBD1,OTU4,GS,100,BOLD:AAN5882,Animalia,Arthropoda,Insecta,Diptera,Limoniidae,Erioptera,Erioptera caliptera,395,6/21/2017,HickoryBottoms,D,6/7/2017,113,Single
6212017HBD1,OTU5,GS,99.4,BOLD:AAN5451,Animalia,Arthropoda,Arachnida,Araneae,Araneidae,Eustala,NA,6896,6/21/2017,HickoryBottoms,D,6/7/2017,113,Single
6212017HBD1,OTU14,GS,99.4,BOLD:AAO3940,Animalia,Arthropoda,Insecta,Diptera,Limoniidae,Rhipidia,NA,475,6/21/2017,HickoryBottoms,D,6/7/2017,113,Single
6212017HBD1,OTU16,GS,100,BOLD:AAA7067,Animalia,Arthropoda,Insecta,Diptera,Culicidae,Aedes,Aedes vexans,6899,6/21/2017,HickoryBottoms,D,6/7/2017,113,Single
6212017HBD1,OTU23,GS,100,BOLD:AAF9008,Animalia,Arthropoda,Insecta,Diptera,Limoniidae,Helius,Helius flavipes,906,6/21/2017,HickoryBottoms,D,6/7/2017,113,Single
6212017HBD1,OTU25,GS,100,BOLD:ACF0083,Animalia,Arthropoda,Insecta,Diptera,Tabanidae,Tabanus,Tabanus similis,12994,6/21/2017,HickoryBottoms,D,6/7/2017,113,Single
6212017HBD1,OTU26,GS,98.8,BOLD:ACM8443,Animalia,Arthropoda,Insecta,Diptera,Tabanidae,Hybomitra,Hybomitra epistates,1182,6/21/2017,HickoryBottoms,D,6/7/2017,113,Single
6212017HBD1,OTU34,GS,100,BOLD:AAM6211,Animalia,Arthropoda,Insecta,Diptera,Chironomidae,Glyptotendipes,NA,91,6/21/2017,HickoryBottoms,D,6/7/2017,113,Single
6212017HBD1,OTU47,GS,100,BOLD:AAN5881,Animalia,Arthropoda,Insecta,Diptera,Limoniidae,NA,NA,630,6/21/2017,HickoryBottoms,D,6/7/2017,113,Single
6212017HBD1,OTU57,GS,100,BOLD:AAI1618,Animalia,Arthropoda,Insecta,Diptera,Culicidae,Coquillettidia,Coquillettidia perturbans,94,6/21/2017,HickoryBottoms,D,6/7/2017,113,Single
6212017HBD1,OTU68,GS,100,BOLD:AAB7030,Animalia,Arthropoda,Insecta,Diptera,Chironomidae,Chironomus,Chironomus decorus,2427,6/21/2017,HickoryBottoms,D,6/7/2017,113,Single
6212017HBD1,OTU88,GS,100,BOLD:AAE0434,Animalia,Arthropoda,Insecta,Diptera,Culicidae,Uranotaenia,Uranotaenia sapphirina,237,6/21/2017,HickoryBottoms,D,6/7/2017,113,Single
6212017HBD1,OTU89,GS,98.3,BOLD:ABW2415,Animalia,Arthropoda,Insecta,Diptera,Tipulidae,Nephrotoma,Nephrotoma okefenoke,1031,6/21/2017,HickoryBottoms,D,6/7/2017,113,Single
6212017HBD1,OTU141,GS,100,BOLD:ABX6186,Animalia,Arthropoda,Insecta,Diptera,Tipulidae,Nephrotoma,Nephrotoma ferruginea,113,6/21/2017,HickoryBottoms,D,6/7/2017,113,Single
6212017HBD1,OTU157,US,0,BOLD:ACJ3184,Animalia,Arthropoda,Insecta,Hymenoptera,NA,NA,NA,19,6/21/2017,HickoryBottoms,D,6/7/2017,113,Single
6212017HBD1,OTU198,GS,99.4,BOLD:ABZ1242,Animalia,Arthropoda,Insecta,Diptera,Chironomidae,NA,NA,240,6/21/2017,HickoryBottoms,D,6/7/2017,113,Single
6212017HBD1,OTU214,GS,99.4,BOLD:AAW6795,Animalia,Arthropoda,Insecta,Diptera,NA,NA,NA,84,6/21/2017,HickoryBottoms,D,6/7/2017,113,Single
6212017HBD1,OTU238,GS,100,BOLD:AAC2281,Animalia,Arthropoda,Insecta,Diptera,Culicidae,Anopheles,Anopheles quadrimaculatus,24,6/21/2017,HickoryBottoms,D,6/7/2017,113,Single
6212017HBD1,OTU253,GS,100,BOLD:AAN6384,Animalia,Arthropoda,Arachnida,Araneae,Pisauridae,Dolomedes,Dolomedes scriptus,26,6/21/2017,HickoryBottoms,D,6/7/2017,113,Single
6212017HBD1,OTU272,GS,100,BOLD:AAJ3819,Animalia,Arthropoda,Insecta,Diptera,Clusiidae,Sobarocephala,Sobarocephala setipes,327,6/21/2017,HickoryBottoms,D,6/7/2017,113,Single
6212017HBD1,OTU275,GS,100,BOLD:AAA5695,Animalia,Arthropoda,Insecta,Trichoptera,Hydropsychidae,Cheumatopsyche,Cheumatopsyche analis,147,6/21/2017,HickoryBottoms,D,6/7/2017,113,Single
6212017HBD1,OTU283,GS,100,BOLD:AAZ5968,Animalia,Arthropoda,Insecta,Diptera,Limoniidae,NA,NA,117,6/21/2017,HickoryBottoms,D,6/7/2017,113,Single
6212017HBD1,OTU287,GS,98.9,BOLD:AAG5457,Animalia,Arthropoda,Insecta,Diptera,Chironomidae,NA,NA,143,6/21/2017,HickoryBottoms,D,6/7/2017,113,Single
6212017HBD1,OTU310,GS,100,BOLD:ABX7479,Animalia,Arthropoda,Insecta,Diptera,Chironomidae,Parachironomus,NA,30,6/21/2017,HickoryBottoms,D,6/7/2017,113,Single
6212017HBD1,OTU312,US,1,None,Animalia,Arthropoda,Insecta,Diptera,NA,NA,NA,1341,6/21/2017,HickoryBottoms,D,6/7/2017,113,Single
6212017HBD1,OTU457,GS,100,BOLD:ABY9153,Animalia,Arthropoda,Insecta,Lepidoptera,Oecophoridae,Epicallima,Epicallima argenticinctella,45,6/21/2017,HickoryBottoms,D,6/7/2017,113,Single
6212017HBD1,OTU469,GS,100,BOLD:AAR7014,Animalia,Arthropoda,Insecta,Lepidoptera,Gracillariidae,Neurobathra,Neurobathra strigifinitella,19,6/21/2017,HickoryBottoms,D,6/7/2017,113,Single
6212017HBD1,OTU513,SS,0.71,BOLD:ABY8891,Animalia,Arthropoda,Insecta,Diptera,NA,NA,NA,15,6/21/2017,HickoryBottoms,D,6/7/2017,113,Single
6212017HBD1,OTU542,US,1,None,Animalia,Arthropoda,Insecta,Diptera,NA,NA,NA,363,6/21/2017,HickoryBottoms,D,6/7/2017,113,Single
6212017HBD1,OTU554,SS,0.58,BOLD:ABY1337,Animalia,Arthropoda,Insecta,Hemiptera,Miridae,NA,NA,84,6/21/2017,HickoryBottoms,D,6/7/2017,113,Single
6212017HBD1,OTU636,GS,99.4,BOLD:AAM6230,Animalia,Arthropoda,Insecta,Diptera,Chironomidae,Chironomus,NA,29,6/21/2017,HickoryBottoms,D,6/7/2017,113,Single
6212017HBD1,OTU680,GS,97.2,BOLD:AAF9008,Animalia,Arthropoda,Insecta,Diptera,Limoniidae,Helius,Helius flavipes,27,6/21/2017,HickoryBottoms,D,6/7/2017,113,Single
6212017HBD1,OTU707,GS,100,BOLD:ACA3244,Animalia,Arthropoda,Insecta,Diptera,Chironomidae,Polypedilum,Polypedilum convictum,63,6/21/2017,HickoryBottoms,D,6/7/2017,113,Single
6212017HBD1,OTU848,GS,100,BOLD:AAD5417,Animalia,Arthropoda,Arachnida,Araneae,Clubionidae,Clubiona,Clubiona obesa,1,6/21/2017,HickoryBottoms,D,6/7/2017,113,Single
6212017HBD1,OTU897,SS,0.6,BOLD:AAV5563,Animalia,Arthropoda,Insecta,Diptera,NA,NA,NA,168,6/21/2017,HickoryBottoms,D,6/7/2017,113,Single
6212017HBD1,OTU941,GS,99.4,BOLD:AAB4365,Animalia,Arthropoda,Insecta,Ephemeroptera,Heptageniidae,Maccaffertium,Maccaffertium exiguum,120,6/21/2017,HickoryBottoms,D,6/7/2017,113,Single
6212017HBD1,OTU949,GS,100,BOLD:AAP3003,Animalia,Arthropoda,Insecta,Diptera,Chironomidae,NA,NA,66,6/21/2017,HickoryBottoms,D,6/7/2017,113,Single
6212017HBD1,OTU1097,GS,97.2,BOLD:AAN5451,Animalia,Arthropoda,Arachnida,Araneae,Araneidae,Eustala,NA,277,6/21/2017,HickoryBottoms,D,6/7/2017,113,Single
6212017HBD1,OTU1199,US,0.9859,BOLD:ACI6015,Animalia,Arthropoda,Insecta,Lepidoptera,NA,NA,NA,55,6/21/2017,HickoryBottoms,D,6/7/2017,113,Single
6212017HBD1,OTU1210,GS,97.2,BOLD:AAF4632,Animalia,Arthropoda,Insecta,Diptera,Limoniidae,Epiphragma,Epiphragma solatrix,6,6/21/2017,HickoryBottoms,D,6/7/2017,113,Single
6212017HBD1,OTU1268,GS,97.8,BOLD:AAM6211,Animalia,Arthropoda,Insecta,Diptera,Chironomidae,Glyptotendipes,NA,10,6/21/2017,HickoryBottoms,D,6/7/2017,113,Single
6212017HBD1,OTU1271,GS,100,BOLD:AAP3004,Animalia,Arthropoda,Insecta,Diptera,Chironomidae,Chironomus,Chironomus staegeri,5,6/21/2017,HickoryBottoms,D,6/7/2017,113,Single
6212017HBD1,OTU1280,US,1,None,Animalia,Arthropoda,Insecta,Hymenoptera,NA,NA,NA,45,6/21/2017,HickoryBottoms,D,6/7/2017,113,Single
6212017HBD1,OTU1303,GS,98.9,BOLD:ABW4450,Animalia,Arthropoda,Insecta,Diptera,NA,NA,NA,60,6/21/2017,HickoryBottoms,D,6/7/2017,113,Single
6212017HBD1,OTU1317,SS,0.01,BOLD:AAN5451,Animalia,Arthropoda,Arachnida,Araneae,Araneidae,Eustala,NA,25,6/21/2017,HickoryBottoms,D,6/7/2017,113,Single
6212017HBD1,OTU1350,GS,97.2,BOLD:AAA7067,Animalia,Arthropoda,Insecta,Diptera,Culicidae,Aedes,Aedes vexans,102,6/21/2017,HickoryBottoms,D,6/7/2017,113,Single
6212017HBD1,OTU1351,SS,0.94,BOLD:AAB7030,Animalia,Arthropoda,Insecta,Diptera,Chironomidae,Chironomus,Chironomus decorus,176,6/21/2017,HickoryBottoms,D,6/7/2017,113,Single
6212017HBD1,OTU1434,GS,97.6,BOLD:AAA7067,Animalia,Arthropoda,Insecta,Diptera,Culicidae,Aedes,Aedes vexans,7,6/21/2017,HickoryBottoms,D,6/7/2017,113,Single
6212017HBD1,OTU1469,SS,0.21,BOLD:ACU1514,Animalia,Arthropoda,Insecta,Diptera,NA,NA,NA,41,6/21/2017,HickoryBottoms,D,6/7/2017,113,Single
6212017HBD1,OTU1495,US,0.9859,BOLD:AAJ0213,Animalia,Arthropoda,Insecta,Diptera,NA,NA,NA,16,6/21/2017,HickoryBottoms,D,6/7/2017,113,Single
6212017HBD1,OTU1497,SS,0.97,BOLD:AAI1618,Animalia,Arthropoda,Insecta,Diptera,Culicidae,Coquillettidia,Coquillettidia perturbans,5,6/21/2017,HickoryBottoms,D,6/7/2017,113,Single
6212017HBD1,OTU1659,GS,100,BOLD:AAG5506,Animalia,Arthropoda,Insecta,Diptera,Chironomidae,NA,NA,28,6/21/2017,HickoryBottoms,D,6/7/2017,113,Single
6212017HBD1,OTU1664,SS,0.26,BOLD:AAF9008,Animalia,Arthropoda,Insecta,Diptera,NA,NA,NA,2,6/21/2017,HickoryBottoms,D,6/7/2017,113,Single
6212017HBD1,OTU1678,US,1,BOLD:ACJ4504,Animalia,Arthropoda,Arachnida,Araneae,NA,NA,NA,59,6/21/2017,HickoryBottoms,D,6/7/2017,113,Single
6212017HBD1,OTU1733,US,0.9715,BOLD:AAU6662,Animalia,Arthropoda,Insecta,Diptera,NA,NA,NA,39,6/21/2017,HickoryBottoms,D,6/7/2017,113,Single
6212017HBD1,OTU1748,SS,0.6,BOLD:ACF8409,Animalia,Arthropoda,Insecta,Diptera,NA,NA,NA,1,6/21/2017,HickoryBottoms,D,6/7/2017,113,Single
6212017HBD1,OTU1749,SS,0.19,BOLD:AAJ3819,Animalia,Arthropoda,Insecta,Diptera,NA,NA,NA,19,6/21/2017,HickoryBottoms,D,6/7/2017,113,Single
6212017HBD1,OTU1772,GS,98.9,BOLD:ACA3275,Animalia,Arthropoda,Insecta,Diptera,Chironomidae,Dicrotendipes,NA,12,6/21/2017,HickoryBottoms,D,6/7/2017,113,Single
6212017HBD1,OTU1834,SS,0.74,BOLD:AAF4632,Animalia,Arthropoda,Insecta,Diptera,NA,NA,NA,14,6/21/2017,HickoryBottoms,D,6/7/2017,113,Single
6212017HBD10,OTU4,GS,100,BOLD:AAN5882,Animalia,Arthropoda,Insecta,Diptera,Limoniidae,Erioptera,Erioptera caliptera,14626,6/21/2017,HickoryBottoms,D,6/7/2017,113,Single
6212017HBD10,OTU23,GS,100,BOLD:AAF9008,Animalia,Arthropoda,Insecta,Diptera,Limoniidae,Helius,Helius flavipes,22437,6/21/2017,HickoryBottoms,D,6/7/2017,113,Single
6212017HBD10,OTU57,GS,100,BOLD:AAI1618,Animalia,Arthropoda,Insecta,Diptera,Culicidae,Coquillettidia,Coquillettidia perturbans,2705,6/21/2017,HickoryBottoms,D,6/7/2017,113,Single
6212017HBD10,OTU125,GS,100,BOLD:ACX4440,Animalia,Arthropoda,Insecta,Coleoptera,NA,NA,NA,18,6/21/2017,HickoryBottoms,D,6/7/2017,113,Single
6212017HBD10,OTU635,GS,97.2,BOLD:AAN5882,Animalia,Arthropoda,Insecta,Diptera,Limoniidae,Erioptera,Erioptera caliptera,2650,6/21/2017,HickoryBottoms,D,6/7/2017,113,Single
6212017HBD10,OTU657,GS,98.9,BOLD:AAH2909,Animalia,Arthropoda,Insecta,Coleoptera,Hydrophilidae,Helocombus,Helocombus bifidus,5,6/21/2017,HickoryBottoms,D,6/7/2017,113,Single
6212017HBD10,OTU680,GS,97.2,BOLD:AAF9008,Animalia,Arthropoda,Insecta,Diptera,Limoniidae,Helius,Helius flavipes,3945,6/21/2017,HickoryBottoms,D,6/7/2017,113,Single
6212017HBD10,OTU971,GS,100,BOLD:AAD4044,Animalia,Arthropoda,Insecta,Trichoptera,Hydropsychidae,Hydropsyche,Hydropsyche rossi,2,6/21/2017,HickoryBottoms,D,6/7/2017,113,Single
6212017HBD10,OTU1172,SS,0.83,BOLD:AAD6926,Animalia,Arthropoda,Arachnida,Araneae,Anyphaenidae,Anyphaena,Anyphaena pectorosa,8,6/21/2017,HickoryBottoms,D,6/7/2017,113,Single
6212017HBD10,OTU1244,SS,0.81,BOLD:AAN5882,Animalia,Arthropoda,Insecta,Diptera,Limoniidae,Erioptera,Erioptera caliptera,22,6/21/2017,HickoryBottoms,D,6/7/2017,113,Single
6212017HBD10,OTU1292,GS,97.8,BOLD:AAN5882,Animalia,Arthropoda,Insecta,Diptera,Limoniidae,Erioptera,Erioptera caliptera,3,6/21/2017,HickoryBottoms,D,6/7/2017,113,Single
6212017HBD10,OTU1305,US,0.9936,BOLD:AAE3315,Animalia,Arthropoda,Insecta,Hymenoptera,NA,NA,NA,12,6/21/2017,HickoryBottoms,D,6/7/2017,113,Single
6212017HBD10,OTU1401,SS,0.78,BOLD:AAF9008,Animalia,Arthropoda,Insecta,Diptera,NA,NA,NA,5,6/21/2017,HickoryBottoms,D,6/7/2017,113,Single
6212017HBD10,OTU1480,US,0.9249,BOLD:AAN5882,Animalia,Arthropoda,Insecta,Diptera,NA,NA,NA,1,6/21/2017,HickoryBottoms,D,6/7/2017,113,Single
6212017HBD10,OTU1497,SS,0.97,BOLD:AAI1618,Animalia,Arthropoda,Insecta,Diptera,Culicidae,Coquillettidia,Coquillettidia perturbans,8,6/21/2017,HickoryBottoms,D,6/7/2017,113,Single
6212017HBD10,OTU1554,SS,0.92,BOLD:AAP2734,Animalia,Arthropoda,Insecta,Diptera,Limoniidae,Erioptera,Erioptera parva,6,6/21/2017,HickoryBottoms,D,6/7/2017,113,Single
6212017HBD10,OTU1586,GS,100,BOLD:AAZ6988,Animalia,Arthropoda,Insecta,Coleoptera,NA,NA,NA,18,6/21/2017,HickoryBottoms,D,6/7/2017,113,Single
6212017HBD10,OTU1643,US,0.9803,BOLD:ABA6307,Animalia,Arthropoda,Insecta,Diptera,NA,NA,NA,1,6/21/2017,HickoryBottoms,D,6/7/2017,113,Single
6212017HBD10,OTU1664,SS,0.26,BOLD:AAF9008,Animalia,Arthropoda,Insecta,Diptera,NA,NA,NA,3,6/21/2017,HickoryBottoms,D,6/7/2017,113,Single
6212017HBD10,OTU1691,GS,97.2,BOLD:AAH2909,Animalia,Arthropoda,Insecta,Coleoptera,Hydrophilidae,Helocombus,Helocombus bifidus,1,6/21/2017,HickoryBottoms,D,6/7/2017,113,Single
6212017HBD2,OTU4,GS,100,BOLD:AAN5882,Animalia,Arthropoda,Insecta,Diptera,Limoniidae,Erioptera,Erioptera caliptera,217,6/21/2017,HickoryBottoms,D,6/7/2017,113,Single
6212017HBD2,OTU25,GS,100,BOLD:ACF0083,Animalia,Arthropoda,Insecta,Diptera,Tabanidae,Tabanus,Tabanus similis,106,6/21/2017,HickoryBottoms,D,6/7/2017,113,Single
6212017HBD2,OTU214,GS,99.4,BOLD:AAW6795,Animalia,Arthropoda,Insecta,Diptera,NA,NA,NA,9,6/21/2017,HickoryBottoms,D,6/7/2017,113,Single
6212017HBD2,OTU272,GS,100,BOLD:AAJ3819,Animalia,Arthropoda,Insecta,Diptera,Clusiidae,Sobarocephala,Sobarocephala setipes,3,6/21/2017,HickoryBottoms,D,6/7/2017,113,Single
6212017HBD2,OTU439,GS,100,BOLD:AAI3406,Animalia,Arthropoda,Insecta,Coleoptera,Cerambycidae,Obrium,Obrium rufulum,2,6/21/2017,HickoryBottoms,D,6/7/2017,113,Single
6212017HBD2,OTU483,US,0.1429,BOLD:ACK7325,Animalia,Arthropoda,Chilopoda,Scolopendromorpha,NA,NA,NA,51,6/21/2017,HickoryBottoms,D,6/7/2017,113,Single
6212017HBD2,OTU541,US,0.9919,BOLD:AAJ2923,Animalia,Arthropoda,Insecta,Hemiptera,NA,NA,NA,2,6/21/2017,HickoryBottoms,D,6/7/2017,113,Single
6212017HBD2,OTU655,SS,0.61,BOLD:AAA3776,Animalia,Arthropoda,Insecta,Diptera,NA,NA,NA,2,6/21/2017,HickoryBottoms,D,6/7/2017,113,Single
6212017HBD2,OTU689,SS,0.68,BOLD:ACR6277,Animalia,Arthropoda,Insecta,Hemiptera,NA,NA,NA,1,6/21/2017,HickoryBottoms,D,6/7/2017,113,Single
6212017HBD2,OTU754,US,1,BOLD:AAV1202,Animalia,Arthropoda,Insecta,Coleoptera,NA,NA,NA,4,6/21/2017,HickoryBottoms,D,6/7/2017,113,Single
6212017HBD2,OTU861,SS,0.32,BOLD:AAG8269,Animalia,Arthropoda,Insecta,Diptera,NA,NA,NA,2,6/21/2017,HickoryBottoms,D,6/7/2017,113,Single
6212017HBD2,OTU866,GS,100,BOLD:ACT6778,Animalia,Arthropoda,Insecta,Diptera,Keroplatidae,NA,NA,1,6/21/2017,HickoryBottoms,D,6/7/2017,113,Single
6212017HBD2,OTU1244,SS,0.81,BOLD:AAN5882,Animalia,Arthropoda,Insecta,Diptera,Limoniidae,Erioptera,Erioptera caliptera,159,6/21/2017,HickoryBottoms,D,6/7/2017,113,Single
6212017HBD2,OTU1351,SS,0.94,BOLD:AAB7030,Animalia,Arthropoda,Insecta,Diptera,Chironomidae,Chironomus,Chironomus decorus,9,6/21/2017,HickoryBottoms,D,6/7/2017,113,Single
6212017HBD2,OTU1575,SS,0.94,BOLD:AAM6177,Animalia,Arthropoda,Insecta,Diptera,Clusiidae,Sobarocephala,Sobarocephala lachnosternum,1,6/21/2017,HickoryBottoms,D,6/7/2017,113,Single
6212017HBD2,OTU1577,GS,98.3,BOLD:AAB5696,Animalia,Arthropoda,Insecta,Diptera,Culicidae,Aedes,Aedes canadensis,6,6/21/2017,HickoryBottoms,D,6/7/2017,113,Single
6212017HBD2,OTU1748,SS,0.6,BOLD:ACF8409,Animalia,Arthropoda,Insecta,Diptera,NA,NA,NA,12,6/21/2017,HickoryBottoms,D,6/7/2017,113,Single
6212017HBD3,OTU4,GS,100,BOLD:AAN5882,Animalia,Arthropoda,Insecta,Diptera,Limoniidae,Erioptera,Erioptera caliptera,3178,6/21/2017,HickoryBottoms,D,6/7/2017,113,Single
6212017HBD3,OTU5,GS,99.4,BOLD:AAN5451,Animalia,Arthropoda,Arachnida,Araneae,Araneidae,Eustala,NA,1014,6/21/2017,HickoryBottoms,D,6/7/2017,113,Single
6212017HBD3,OTU10,GS,100,BOLD:ACF3057,Animalia,Arthropoda,Insecta,Lepidoptera,Tineidae,Acrolophus,Acrolophus mortipennella,159,6/21/2017,HickoryBottoms,D,6/7/2017,113,Single
6212017HBD3,OTU15,GS,100,BOLD:ABZ0908,Animalia,Arthropoda,Insecta,Diptera,Tipulidae,Nephrotoma,Nephrotoma ferruginea,193,6/21/2017,HickoryBottoms,D,6/7/2017,113,Single
6212017HBD3,OTU16,GS,100,BOLD:AAA7067,Animalia,Arthropoda,Insecta,Diptera,Culicidae,Aedes,Aedes vexans,1788,6/21/2017,HickoryBottoms,D,6/7/2017,113,Single
6212017HBD3,OTU21,GS,100,BOLD:ACR3763,Animalia,Arthropoda,Insecta,Coleoptera,Ptilodactylidae,Ptilodactyla,Ptilodactyla serricollis,119,6/21/2017,HickoryBottoms,D,6/7/2017,113,Single
6212017HBD3,OTU23,GS,100,BOLD:AAF9008,Animalia,Arthropoda,Insecta,Diptera,Limoniidae,Helius,Helius flavipes,309,6/21/2017,HickoryBottoms,D,6/7/2017,113,Single
6212017HBD3,OTU25,GS,100,BOLD:ACF0083,Animalia,Arthropoda,Insecta,Diptera,Tabanidae,Tabanus,Tabanus similis,219,6/21/2017,HickoryBottoms,D,6/7/2017,113,Single
6212017HBD3,OTU31,GS,100,BOLD:AAM6212,Animalia,Arthropoda,Insecta,Diptera,Chironomidae,Axarus,Axarus festivus,3095,6/21/2017,HickoryBottoms,D,6/7/2017,113,Single
6212017HBD3,OTU57,GS,100,BOLD:AAI1618,Animalia,Arthropoda,Insecta,Diptera,Culicidae,Coquillettidia,Coquillettidia perturbans,5231,6/21/2017,HickoryBottoms,D,6/7/2017,113,Single
6212017HBD3,OTU68,GS,100,BOLD:AAB7030,Animalia,Arthropoda,Insecta,Diptera,Chironomidae,Chironomus,Chironomus decorus,201,6/21/2017,HickoryBottoms,D,6/7/2017,113,Single
6212017HBD3,OTU88,GS,100,BOLD:AAE0434,Animalia,Arthropoda,Insecta,Diptera,Culicidae,Uranotaenia,Uranotaenia sapphirina,25,6/21/2017,HickoryBottoms,D,6/7/2017,113,Single
6212017HBD3,OTU115,GS,100,BOLD:AAA4942,Animalia,Arthropoda,Arachnida,Araneae,Tetragnathidae,Tetragnatha,Tetragnatha elongata,47,6/21/2017,HickoryBottoms,D,6/7/2017,113,Single
6212017HBD3,OTU116,GS,100,BOLD:AAG0758,Animalia,Arthropoda,Insecta,Coleoptera,Pyrochroidae,Dendroides,Dendroides canadensis,59,6/21/2017,HickoryBottoms,D,6/7/2017,113,Single
6212017HBD3,OTU117,GS,100,BOLD:AAH5449,Animalia,Arthropoda,Insecta,Lepidoptera,Tineidae,Acrolophus,Acrolophus propinqua,55,6/21/2017,HickoryBottoms,D,6/7/2017,113,Single
6212017HBD3,OTU118,US,1,None,Animalia,Arthropoda,Arachnida,Mesostigmata,NA,NA,NA,74,6/21/2017,HickoryBottoms,D,6/7/2017,113,Single
6212017HBD3,OTU120,GS,100,BOLD:AAV3042,Animalia,Arthropoda,Arachnida,Araneae,Theridiidae,Theridion,Theridion albidum,93,6/21/2017,HickoryBottoms,D,6/7/2017,113,Single
6212017HBD3,OTU122,GS,99.4,BOLD:AAC5568,Animalia,Arthropoda,Insecta,Lepidoptera,Tortricidae,Gypsonoma,Gypsonoma salicicolana,78,6/21/2017,HickoryBottoms,D,6/7/2017,113,Single
6212017HBD3,OTU135,GS,99.4,BOLD:AAA5872,Animalia,Arthropoda,Insecta,Lepidoptera,Gelechiidae,Chionodes,Chionodes mediofuscella,65,6/21/2017,HickoryBottoms,D,6/7/2017,113,Single
6212017HBD3,OTU141,GS,100,BOLD:ABX6186,Animalia,Arthropoda,Insecta,Diptera,Tipulidae,Nephrotoma,Nephrotoma ferruginea,51,6/21/2017,HickoryBottoms,D,6/7/2017,113,Single
6212017HBD3,OTU174,GS,97.2,BOLD:AAD2010,Animalia,Arthropoda,Insecta,Lepidoptera,Tineidae,Acrolophus,Acrolophus propinqua,77,6/21/2017,HickoryBottoms,D,6/7/2017,113,Single
6212017HBD3,OTU190,GS,100,BOLD:ABY7666,Animalia,Arthropoda,Insecta,Diptera,Culicidae,Culex,Culex territans,589,6/21/2017,HickoryBottoms,D,6/7/2017,113,Single
6212017HBD3,OTU198,GS,99.4,BOLD:ABZ1242,Animalia,Arthropoda,Insecta,Diptera,Chironomidae,NA,NA,83,6/21/2017,HickoryBottoms,D,6/7/2017,113,Single
6212017HBD3,OTU214,GS,99.4,BOLD:AAW6795,Animalia,Arthropoda,Insecta,Diptera,NA,NA,NA,1049,6/21/2017,HickoryBottoms,D,6/7/2017,113,Single
6212017HBD3,OTU268,US,0.9963,BOLD:ACT8457,Animalia,Arthropoda,Insecta,Hymenoptera,NA,NA,NA,120,6/21/2017,HickoryBottoms,D,6/7/2017,113,Single
6212017HBD3,OTU272,GS,100,BOLD:AAJ3819,Animalia,Arthropoda,Insecta,Diptera,Clusiidae,Sobarocephala,Sobarocephala setipes,379,6/21/2017,HickoryBottoms,D,6/7/2017,113,Single
6212017HBD3,OTU323,GS,98.9,BOLD:AAA5103,Animalia,Arthropoda,Insecta,Diptera,Culicidae,Anopheles,Anopheles crucians,39,6/21/2017,HickoryBottoms,D,6/7/2017,113,Single
6212017HBD3,OTU354,SS,0.48,BOLD:AAM6278,Animalia,Arthropoda,Insecta,Diptera,NA,NA,NA,11,6/21/2017,HickoryBottoms,D,6/7/2017,113,Single
6212017HBD3,OTU550,SS,0.63,BOLD:AAZ2096,Animalia,Arthropoda,Insecta,Hemiptera,NA,NA,NA,8,6/21/2017,HickoryBottoms,D,6/7/2017,113,Single
6212017HBD3,OTU593,GS,100,BOLD:ACN2382,Animalia,Arthropoda,Insecta,Diptera,Chironomidae,Polypedilum,NA,27,6/21/2017,HickoryBottoms,D,6/7/2017,113,Single
6212017HBD3,OTU598,GS,100,BOLD:AAN7492,Animalia,Arthropoda,Insecta,Neuroptera,Hemerobiidae,Hemerobius,Hemerobius humulinus,154,6/21/2017,HickoryBottoms,D,6/7/2017,113,Single
6212017HBD3,OTU611,GS,98.9,BOLD:ABW1511,Animalia,Arthropoda,Insecta,Diptera,Ceratopogonidae,NA,NA,273,6/21/2017,HickoryBottoms,D,6/7/2017,113,Single
6212017HBD3,OTU635,GS,97.2,BOLD:AAN5882,Animalia,Arthropoda,Insecta,Diptera,Limoniidae,Erioptera,Erioptera caliptera,51,6/21/2017,HickoryBottoms,D,6/7/2017,113,Single
6212017HBD3,OTU642,GS,100,BOLD:AAM7778,Animalia,Arthropoda,Insecta,Coleoptera,Hydrophilidae,Enochrus,Enochrus ochraceus,10,6/21/2017,HickoryBottoms,D,6/7/2017,113,Single
6212017HBD3,OTU655,SS,0.61,BOLD:AAA3776,Animalia,Arthropoda,Insecta,Diptera,NA,NA,NA,35,6/21/2017,HickoryBottoms,D,6/7/2017,113,Single
6212017HBD3,OTU656,GS,99.4,BOLD:AAZ0144,Animalia,Arthropoda,Insecta,Diptera,Chironomidae,Chironomus,NA,23,6/21/2017,HickoryBottoms,D,6/7/2017,113,Single
6212017HBD3,OTU707,GS,100,BOLD:ACA3244,Animalia,Arthropoda,Insecta,Diptera,Chironomidae,Polypedilum,Polypedilum convictum,51,6/21/2017,HickoryBottoms,D,6/7/2017,113,Single
6212017HBD3,OTU709,GS,97.8,BOLD:ABW4416,Animalia,Arthropoda,Insecta,Diptera,NA,NA,NA,29,6/21/2017,HickoryBottoms,D,6/7/2017,113,Single
6212017HBD3,OTU715,SS,0.71,BOLD:ABZ0908,Animalia,Arthropoda,Insecta,Diptera,NA,NA,NA,28,6/21/2017,HickoryBottoms,D,6/7/2017,113,Single
6212017HBD3,OTU717,GSL,100,BOLD:ABZ7359,Animalia,Arthropoda,Insecta,Lepidoptera,Erebidae,Halysidota,NA,386,6/21/2017,HickoryBottoms,D,6/7/2017,113,Single
6212017HBD3,OTU801,GS,100,BOLD:AAC0580,Animalia,Arthropoda,Insecta,Lepidoptera,Pterophoridae,Hellinsia,Hellinsia pan,36,6/21/2017,HickoryBottoms,D,6/7/2017,113,Single
6212017HBD3,OTU859,GS,100,BOLD:AAB6961,Animalia,Arthropoda,Insecta,Lepidoptera,Tortricidae,Larisa,Larisa subsolana,191,6/21/2017,HickoryBottoms,D,6/7/2017,113,Single
6212017HBD3,OTU900,GS,100,BOLD:AAN6333,Animalia,Arthropoda,Arachnida,Araneae,Theridiidae,Theridion,Theridion albidum,1,6/21/2017,HickoryBottoms,D,6/7/2017,113,Single
6212017HBD3,OTU902,US,0,None,Animalia,Arthropoda,Insecta,Hymenoptera,NA,NA,NA,6,6/21/2017,HickoryBottoms,D,6/7/2017,113,Single
6212017HBD3,OTU965,GS,99.4,BOLD:ABW2933,Animalia,Arthropoda,Insecta,Hemiptera,Phylloxeridae,NA,NA,19,6/21/2017,HickoryBottoms,D,6/7/2017,113,Single
6212017HBD3,OTU978,SS,0.71,BOLD:AAG5479,Animalia,Arthropoda,Insecta,Diptera,Chironomidae,NA,NA,27,6/21/2017,HickoryBottoms,D,6/7/2017,113,Single
6212017HBD3,OTU988,GS,100,BOLD:AAP5113,Animalia,Arthropoda,Insecta,Diptera,Chironomidae,NA,NA,26,6/21/2017,HickoryBottoms,D,6/7/2017,113,Single
6212017HBD3,OTU998,GS,100,BOLD:AAN4670,Animalia,Arthropoda,Insecta,Diptera,Anisopodidae,Mycetobia,NA,161,6/21/2017,HickoryBottoms,D,6/7/2017,113,Single
6212017HBD3,OTU1079,GS,100,BOLD:AAI9091,Animalia,Arthropoda,Insecta,Diptera,Drosophilidae,Drosophila,Drosophila tripunctata,15,6/21/2017,HickoryBottoms,D,6/7/2017,113,Single
6212017HBD3,OTU1097,GS,97.2,BOLD:AAN5451,Animalia,Arthropoda,Arachnida,Araneae,Araneidae,Eustala,NA,72,6/21/2017,HickoryBottoms,D,6/7/2017,113,Single
6212017HBD3,OTU1130,SS,0.64,BOLD:AAN4385,Animalia,Arthropoda,Insecta,Diptera,NA,NA,NA,40,6/21/2017,HickoryBottoms,D,6/7/2017,113,Single
6212017HBD3,OTU1212,SS,0.52,BOLD:ABX7282,Animalia,Arthropoda,Insecta,Hemiptera,NA,NA,NA,12,6/21/2017,HickoryBottoms,D,6/7/2017,113,Single
6212017HBD3,OTU1246,GS,99.4,BOLD:AAK9049,Animalia,Arthropoda,Insecta,Lepidoptera,Tineidae,Nemapogon,NA,52,6/21/2017,HickoryBottoms,D,6/7/2017,113,Single
6212017HBD3,OTU1292,GS,97.8,BOLD:AAN5882,Animalia,Arthropoda,Insecta,Diptera,Limoniidae,Erioptera,Erioptera caliptera,4,6/21/2017,HickoryBottoms,D,6/7/2017,113,Single
6212017HBD3,OTU1296,GS,97.2,BOLD:AAD2334,Animalia,Arthropoda,Insecta,Lepidoptera,Tineidae,Acrolophus,Acrolophus hasbroucki,4,6/21/2017,HickoryBottoms,D,6/7/2017,113,Single
6212017HBD3,OTU1317,SS,0.01,BOLD:AAN5451,Animalia,Arthropoda,Arachnida,Araneae,Araneidae,Eustala,NA,7,6/21/2017,HickoryBottoms,D,6/7/2017,113,Single
6212017HBD3,OTU1345,GS,100,BOLD:AAL7329,Animalia,Arthropoda,Insecta,Diptera,Chironomidae,Dicrotendipes,Dicrotendipes modestus,27,6/21/2017,HickoryBottoms,D,6/7/2017,113,Single
6212017HBD3,OTU1350,GS,97.2,BOLD:AAA7067,Animalia,Arthropoda,Insecta,Diptera,Culicidae,Aedes,Aedes vexans,37,6/21/2017,HickoryBottoms,D,6/7/2017,113,Single
6212017HBD3,OTU1351,SS,0.94,BOLD:AAB7030,Animalia,Arthropoda,Insecta,Diptera,Chironomidae,Chironomus,Chironomus decorus,36,6/21/2017,HickoryBottoms,D,6/7/2017,113,Single
6212017HBD3,OTU1370,GS,98.9,BOLD:AAU5275,Animalia,Arthropoda,Insecta,Diptera,Milichiidae,Phyllomyza,NA,58,6/21/2017,HickoryBottoms,D,6/7/2017,113,Single
6212017HBD3,OTU1381,GS,100,BOLD:ACF3514,Animalia,Arthropoda,Insecta,Trichoptera,Leptoceridae,Oecetis,Oecetis inconspicua,53,6/21/2017,HickoryBottoms,D,6/7/2017,113,Single
6212017HBD3,OTU1400,US,7e-04,BOLD:ABX2163,Animalia,Arthropoda,Insecta,Diptera,NA,NA,NA,84,6/21/2017,HickoryBottoms,D,6/7/2017,113,Single
6212017HBD3,OTU1401,SS,0.78,BOLD:AAF9008,Animalia,Arthropoda,Insecta,Diptera,NA,NA,NA,5,6/21/2017,HickoryBottoms,D,6/7/2017,113,Single
6212017HBD3,OTU1417,SS,0.74,BOLD:AAJ2923,Animalia,Arthropoda,Insecta,Hemiptera,NA,NA,NA,4,6/21/2017,HickoryBottoms,D,6/7/2017,113,Single
6212017HBD3,OTU1434,GS,97.6,BOLD:AAA7067,Animalia,Arthropoda,Insecta,Diptera,Culicidae,Aedes,Aedes vexans,46,6/21/2017,HickoryBottoms,D,6/7/2017,113,Single
6212017HBD3,OTU1435,US,0,BOLD:ACR8738,Animalia,Arthropoda,Insecta,Diptera,NA,NA,NA,18,6/21/2017,HickoryBottoms,D,6/7/2017,113,Single
6212017HBD3,OTU1495,US,0.9859,BOLD:AAJ0213,Animalia,Arthropoda,Insecta,Diptera,NA,NA,NA,35,6/21/2017,HickoryBottoms,D,6/7/2017,113,Single
6212017HBD3,OTU1497,SS,0.97,BOLD:AAI1618,Animalia,Arthropoda,Insecta,Diptera,Culicidae,Coquillettidia,Coquillettidia perturbans,32,6/21/2017,HickoryBottoms,D,6/7/2017,113,Single
6212017HBD3,OTU1606,US,0.9715,BOLD:AAU6662,Animalia,Arthropoda,Insecta,Diptera,NA,NA,NA,26,6/21/2017,HickoryBottoms,D,6/7/2017,113,Single
6212017HBD3,OTU1646,GS,97.8,BOLD:ABZ0149,Animalia,Arthropoda,Insecta,Neuroptera,Hemerobiidae,Hemerobius,Hemerobius discretus,77,6/21/2017,HickoryBottoms,D,6/7/2017,113,Single
6212017HBD3,OTU1836,US,0.9967,BOLD:ACF8858,Animalia,Arthropoda,Insecta,Diptera,NA,NA,NA,16,6/21/2017,HickoryBottoms,D,6/7/2017,113,Single
6212017HBD3,OTU1871,SS,0.85,BOLD:AAG3848,Animalia,Arthropoda,Insecta,Diptera,Culicidae,Culex,Culex erraticus,2,6/21/2017,HickoryBottoms,D,6/7/2017,113,Single
6212017HBD3,OTU1881,US,0.9803,BOLD:ACS1056,Animalia,Arthropoda,Insecta,Diptera,NA,NA,NA,9,6/21/2017,HickoryBottoms,D,6/7/2017,113,Single
6212017HBD4,OTU1,US,0.0026,BOLD:AAD6798,Animalia,Arthropoda,Insecta,Diptera,NA,NA,NA,183,6/21/2017,HickoryBottoms,D,6/7/2017,113,Single
6212017HBD4,OTU4,GS,100,BOLD:AAN5882,Animalia,Arthropoda,Insecta,Diptera,Limoniidae,Erioptera,Erioptera caliptera,3962,6/21/2017,HickoryBottoms,D,6/7/2017,113,Single
6212017HBD4,OTU5,GS,99.4,BOLD:AAN5451,Animalia,Arthropoda,Arachnida,Araneae,Araneidae,Eustala,NA,680,6/21/2017,HickoryBottoms,D,6/7/2017,113,Single
6212017HBD4,OTU7,GS,100,BOLD:AAF4632,Animalia,Arthropoda,Insecta,Diptera,Limoniidae,Epiphragma,Epiphragma solatrix,403,6/21/2017,HickoryBottoms,D,6/7/2017,113,Single
6212017HBD4,OTU10,GS,100,BOLD:ACF3057,Animalia,Arthropoda,Insecta,Lepidoptera,Tineidae,Acrolophus,Acrolophus mortipennella,327,6/21/2017,HickoryBottoms,D,6/7/2017,113,Single
6212017HBD4,OTU14,GS,99.4,BOLD:AAO3940,Animalia,Arthropoda,Insecta,Diptera,Limoniidae,Rhipidia,NA,518,6/21/2017,HickoryBottoms,D,6/7/2017,113,Single
6212017HBD4,OTU16,GS,100,BOLD:AAA7067,Animalia,Arthropoda,Insecta,Diptera,Culicidae,Aedes,Aedes vexans,2176,6/21/2017,HickoryBottoms,D,6/7/2017,113,Single
6212017HBD4,OTU21,GS,100,BOLD:ACR3763,Animalia,Arthropoda,Insecta,Coleoptera,Ptilodactylidae,Ptilodactyla,Ptilodactyla serricollis,185,6/21/2017,HickoryBottoms,D,6/7/2017,113,Single
6212017HBD4,OTU31,GS,100,BOLD:AAM6212,Animalia,Arthropoda,Insecta,Diptera,Chironomidae,Axarus,Axarus festivus,789,6/21/2017,HickoryBottoms,D,6/7/2017,113,Single
6212017HBD4,OTU35,GS,100,BOLD:ABW4215,Animalia,Arthropoda,Insecta,Diptera,Chironomidae,Glyptotendipes,Glyptotendipes meridionalis,224,6/21/2017,HickoryBottoms,D,6/7/2017,113,Single
6212017HBD4,OTU57,GS,100,BOLD:AAI1618,Animalia,Arthropoda,Insecta,Diptera,Culicidae,Coquillettidia,Coquillettidia perturbans,2320,6/21/2017,HickoryBottoms,D,6/7/2017,113,Single
6212017HBD4,OTU97,GS,100,BOLD:AAB7935,Animalia,Arthropoda,Arachnida,Araneae,Araneidae,Eustala,Eustala cepina,718,6/21/2017,HickoryBottoms,D,6/7/2017,113,Single
6212017HBD4,OTU111,GS,99.4,BOLD:AAG1794,Animalia,Arthropoda,Arachnida,Araneae,Theridiidae,Theridion,Theridion glaucescens,351,6/21/2017,HickoryBottoms,D,6/7/2017,113,Single
6212017HBD4,OTU135,GS,99.4,BOLD:AAA5872,Animalia,Arthropoda,Insecta,Lepidoptera,Gelechiidae,Chionodes,Chionodes mediofuscella,128,6/21/2017,HickoryBottoms,D,6/7/2017,113,Single
6212017HBD4,OTU169,GS,97.2,BOLD:AAO2061,Animalia,Arthropoda,Insecta,Blattodea,Ectobiidae,Parcoblatta,NA,141,6/21/2017,HickoryBottoms,D,6/7/2017,113,Single
6212017HBD4,OTU190,GS,100,BOLD:ABY7666,Animalia,Arthropoda,Insecta,Diptera,Culicidae,Culex,Culex territans,226,6/21/2017,HickoryBottoms,D,6/7/2017,113,Single
6212017HBD4,OTU268,US,0.9963,BOLD:ACT8457,Animalia,Arthropoda,Insecta,Hymenoptera,NA,NA,NA,496,6/21/2017,HickoryBottoms,D,6/7/2017,113,Single
6212017HBD4,OTU326,US,0.9936,BOLD:ACL7430,Animalia,Arthropoda,Insecta,Hemiptera,NA,NA,NA,15,6/21/2017,HickoryBottoms,D,6/7/2017,113,Single
6212017HBD4,OTU635,GS,97.2,BOLD:AAN5882,Animalia,Arthropoda,Insecta,Diptera,Limoniidae,Erioptera,Erioptera caliptera,33,6/21/2017,HickoryBottoms,D,6/7/2017,113,Single
6212017HBD4,OTU974,GSL,97.8,BOLD:AAI4070,Animalia,Arthropoda,Insecta,Diptera,Tabanidae,Chrysops,NA,1,6/21/2017,HickoryBottoms,D,6/7/2017,113,Single
6212017HBD4,OTU1097,GS,97.2,BOLD:AAN5451,Animalia,Arthropoda,Arachnida,Araneae,Araneidae,Eustala,NA,36,6/21/2017,HickoryBottoms,D,6/7/2017,113,Single
6212017HBD4,OTU1130,SS,0.64,BOLD:AAN4385,Animalia,Arthropoda,Insecta,Diptera,NA,NA,NA,44,6/21/2017,HickoryBottoms,D,6/7/2017,113,Single
6212017HBD4,OTU1246,GS,99.4,BOLD:AAK9049,Animalia,Arthropoda,Insecta,Lepidoptera,Tineidae,Nemapogon,NA,23,6/21/2017,HickoryBottoms,D,6/7/2017,113,Single
6212017HBD4,OTU1292,GS,97.8,BOLD:AAN5882,Animalia,Arthropoda,Insecta,Diptera,Limoniidae,Erioptera,Erioptera caliptera,25,6/21/2017,HickoryBottoms,D,6/7/2017,113,Single
6212017HBD4,OTU1296,GS,97.2,BOLD:AAD2334,Animalia,Arthropoda,Insecta,Lepidoptera,Tineidae,Acrolophus,Acrolophus hasbroucki,11,6/21/2017,HickoryBottoms,D,6/7/2017,113,Single
6212017HBD4,OTU1317,SS,0.01,BOLD:AAN5451,Animalia,Arthropoda,Arachnida,Araneae,Araneidae,Eustala,NA,14,6/21/2017,HickoryBottoms,D,6/7/2017,113,Single
6212017HBD4,OTU1350,GS,97.2,BOLD:AAA7067,Animalia,Arthropoda,Insecta,Diptera,Culicidae,Aedes,Aedes vexans,101,6/21/2017,HickoryBottoms,D,6/7/2017,113,Single
6212017HBD4,OTU1434,GS,97.6,BOLD:AAA7067,Animalia,Arthropoda,Insecta,Diptera,Culicidae,Aedes,Aedes vexans,27,6/21/2017,HickoryBottoms,D,6/7/2017,113,Single
6212017HBD4,OTU1480,US,0.9249,BOLD:AAN5882,Animalia,Arthropoda,Insecta,Diptera,NA,NA,NA,1,6/21/2017,HickoryBottoms,D,6/7/2017,113,Single
6212017HBD4,OTU1683,SS,0.84,BOLD:AAF4632,Animalia,Arthropoda,Insecta,Diptera,Limoniidae,Epiphragma,Epiphragma solatrix,22,6/21/2017,HickoryBottoms,D,6/7/2017,113,Single
6212017HBD4,OTU1748,SS,0.6,BOLD:ACF8409,Animalia,Arthropoda,Insecta,Diptera,NA,NA,NA,1,6/21/2017,HickoryBottoms,D,6/7/2017,113,Single
6212017HBD5,OTU1,US,0.0026,BOLD:AAD6798,Animalia,Arthropoda,Insecta,Diptera,NA,NA,NA,170,6/21/2017,HickoryBottoms,D,6/7/2017,113,Single
6212017HBD5,OTU5,GS,99.4,BOLD:AAN5451,Animalia,Arthropoda,Arachnida,Araneae,Araneidae,Eustala,NA,12598,6/21/2017,HickoryBottoms,D,6/7/2017,113,Single
6212017HBD5,OTU10,GS,100,BOLD:ACF3057,Animalia,Arthropoda,Insecta,Lepidoptera,Tineidae,Acrolophus,Acrolophus mortipennella,162,6/21/2017,HickoryBottoms,D,6/7/2017,113,Single
6212017HBD5,OTU16,GS,100,BOLD:AAA7067,Animalia,Arthropoda,Insecta,Diptera,Culicidae,Aedes,Aedes vexans,1093,6/21/2017,HickoryBottoms,D,6/7/2017,113,Single
6212017HBD5,OTU25,GS,100,BOLD:ACF0083,Animalia,Arthropoda,Insecta,Diptera,Tabanidae,Tabanus,Tabanus similis,10948,6/21/2017,HickoryBottoms,D,6/7/2017,113,Single
6212017HBD5,OTU31,GS,100,BOLD:AAM6212,Animalia,Arthropoda,Insecta,Diptera,Chironomidae,Axarus,Axarus festivus,319,6/21/2017,HickoryBottoms,D,6/7/2017,113,Single
6212017HBD5,OTU57,GS,100,BOLD:AAI1618,Animalia,Arthropoda,Insecta,Diptera,Culicidae,Coquillettidia,Coquillettidia perturbans,315,6/21/2017,HickoryBottoms,D,6/7/2017,113,Single
6212017HBD5,OTU68,GS,100,BOLD:AAB7030,Animalia,Arthropoda,Insecta,Diptera,Chironomidae,Chironomus,Chironomus decorus,443,6/21/2017,HickoryBottoms,D,6/7/2017,113,Single
6212017HBD5,OTU73,GS,100,BOLD:AAD6926,Animalia,Arthropoda,Arachnida,Araneae,Anyphaenidae,Anyphaena,Anyphaena pectorosa,246,6/21/2017,HickoryBottoms,D,6/7/2017,113,Single
6212017HBD5,OTU78,US,1,BOLD:AAY8864,Animalia,Arthropoda,Insecta,Diptera,NA,NA,NA,53,6/21/2017,HickoryBottoms,D,6/7/2017,113,Single
6212017HBD5,OTU94,US,0,BOLD:ACO4929,Animalia,Arthropoda,Insecta,Hymenoptera,NA,NA,NA,70,6/21/2017,HickoryBottoms,D,6/7/2017,113,Single
6212017HBD5,OTU97,GS,100,BOLD:AAB7935,Animalia,Arthropoda,Arachnida,Araneae,Araneidae,Eustala,Eustala cepina,2021,6/21/2017,HickoryBottoms,D,6/7/2017,113,Single
6212017HBD5,OTU99,US,1,BOLD:ACF7919,Animalia,Arthropoda,Collembola,Poduromorpha,NA,NA,NA,114,6/21/2017,HickoryBottoms,D,6/7/2017,113,Single
6212017HBD5,OTU115,GS,100,BOLD:AAA4942,Animalia,Arthropoda,Arachnida,Araneae,Tetragnathidae,Tetragnatha,Tetragnatha elongata,355,6/21/2017,HickoryBottoms,D,6/7/2017,113,Single
6212017HBD5,OTU120,GS,100,BOLD:AAV3042,Animalia,Arthropoda,Arachnida,Araneae,Theridiidae,Theridion,Theridion albidum,200,6/21/2017,HickoryBottoms,D,6/7/2017,113,Single
6212017HBD5,OTU158,GS,100,BOLD:AAH3230,Animalia,Arthropoda,Insecta,Psocodea,Psocidae,NA,NA,15,6/21/2017,HickoryBottoms,D,6/7/2017,113,Single
6212017HBD5,OTU169,GS,97.2,BOLD:AAO2061,Animalia,Arthropoda,Insecta,Blattodea,Ectobiidae,Parcoblatta,NA,74,6/21/2017,HickoryBottoms,D,6/7/2017,113,Single
6212017HBD5,OTU174,GS,97.2,BOLD:AAD2010,Animalia,Arthropoda,Insecta,Lepidoptera,Tineidae,Acrolophus,Acrolophus propinqua,110,6/21/2017,HickoryBottoms,D,6/7/2017,113,Single
6212017HBD5,OTU196,GS,99.4,BOLD:ACE4102,Animalia,Arthropoda,Arachnida,Araneae,Araneidae,Mangora,Mangora placida,343,6/21/2017,HickoryBottoms,D,6/7/2017,113,Single
6212017HBD5,OTU198,GS,99.4,BOLD:ABZ1242,Animalia,Arthropoda,Insecta,Diptera,Chironomidae,NA,NA,51,6/21/2017,HickoryBottoms,D,6/7/2017,113,Single
6212017HBD5,OTU212,US,1,BOLD:ACE7661,Animalia,Arthropoda,Arachnida,Araneae,NA,NA,NA,10,6/21/2017,HickoryBottoms,D,6/7/2017,113,Single
6212017HBD5,OTU216,GS,100,BOLD:AAG5659,Animalia,Arthropoda,Arachnida,Araneae,Tetragnathidae,Tetragnatha,Tetragnatha viridis,66,6/21/2017,HickoryBottoms,D,6/7/2017,113,Single
6212017HBD5,OTU231,GS,100,BOLD:AAD2590,Animalia,Arthropoda,Insecta,Lepidoptera,Gracillariidae,Caloptilia,Caloptilia packardella,45,6/21/2017,HickoryBottoms,D,6/7/2017,113,Single
6212017HBD5,OTU235,GS,100,BOLD:AAG3918,Animalia,Arthropoda,Insecta,Diptera,Chironomidae,Procladius,NA,16,6/21/2017,HickoryBottoms,D,6/7/2017,113,Single
6212017HBD5,OTU270,GS,100,BOLD:AAB6541,Animalia,Arthropoda,Insecta,Lepidoptera,Gelechiidae,Coleotechnites,Coleotechnites florae,47,6/21/2017,HickoryBottoms,D,6/7/2017,113,Single
6212017HBD5,OTU272,GS,100,BOLD:AAJ3819,Animalia,Arthropoda,Insecta,Diptera,Clusiidae,Sobarocephala,Sobarocephala setipes,100,6/21/2017,HickoryBottoms,D,6/7/2017,113,Single
6212017HBD5,OTU275,GS,100,BOLD:AAA5695,Animalia,Arthropoda,Insecta,Trichoptera,Hydropsychidae,Cheumatopsyche,Cheumatopsyche analis,17,6/21/2017,HickoryBottoms,D,6/7/2017,113,Single
6212017HBD5,OTU278,GS,100,BOLD:AAB3590,Animalia,Arthropoda,Insecta,Lepidoptera,Gelechiidae,Chionodes,Chionodes discoocellella,12,6/21/2017,HickoryBottoms,D,6/7/2017,113,Single
6212017HBD5,OTU283,GS,100,BOLD:AAZ5968,Animalia,Arthropoda,Insecta,Diptera,Limoniidae,NA,NA,30,6/21/2017,HickoryBottoms,D,6/7/2017,113,Single
6212017HBD5,OTU290,GS,100,BOLD:AAE4427,Animalia,Arthropoda,Insecta,Lepidoptera,Tineidae,Xylesthia,Xylesthia pruniramiella,43,6/21/2017,HickoryBottoms,D,6/7/2017,113,Single
6212017HBD5,OTU298,GS,100,BOLD:ACB8970,Animalia,Arthropoda,Insecta,Lepidoptera,Cosmopterigidae,NA,NA,25,6/21/2017,HickoryBottoms,D,6/7/2017,113,Single
6212017HBD5,OTU335,GS,99.4,BOLD:AAM6295,Animalia,Arthropoda,Insecta,Diptera,Chaoboridae,NA,NA,662,6/21/2017,HickoryBottoms,D,6/7/2017,113,Single
6212017HBD5,OTU354,SS,0.48,BOLD:AAM6278,Animalia,Arthropoda,Insecta,Diptera,NA,NA,NA,3,6/21/2017,HickoryBottoms,D,6/7/2017,113,Single
6212017HBD5,OTU378,GS,100,BOLD:AAG8597,Animalia,Arthropoda,Insecta,Lepidoptera,NA,NA,NA,19,6/21/2017,HickoryBottoms,D,6/7/2017,113,Single
6212017HBD5,OTU402,US,1,BOLD:AAN6364,Animalia,Arthropoda,Arachnida,Scorpiones,NA,NA,NA,90,6/21/2017,HickoryBottoms,D,6/7/2017,113,Single
6212017HBD5,OTU438,GS,100,BOLD:AAE4977,Animalia,Arthropoda,Insecta,Lepidoptera,Tineidae,Homosetia,Homosetia costisignella,45,6/21/2017,HickoryBottoms,D,6/7/2017,113,Single
6212017HBD5,OTU466,SS,0.16,BOLD:AAI3871,Animalia,Arthropoda,Insecta,Lepidoptera,NA,NA,NA,16,6/21/2017,HickoryBottoms,D,6/7/2017,113,Single
6212017HBD5,OTU469,GS,100,BOLD:AAR7014,Animalia,Arthropoda,Insecta,Lepidoptera,Gracillariidae,Neurobathra,Neurobathra strigifinitella,26,6/21/2017,HickoryBottoms,D,6/7/2017,113,Single
6212017HBD5,OTU484,US,0.2259,BOLD:ACT8191,Animalia,Arthropoda,Arachnida,Araneae,NA,NA,NA,3,6/21/2017,HickoryBottoms,D,6/7/2017,113,Single
6212017HBD5,OTU494,GS,99.4,BOLD:AAH3231,Animalia,Arthropoda,Insecta,Psocodea,Psocidae,NA,NA,18,6/21/2017,HickoryBottoms,D,6/7/2017,113,Single
6212017HBD5,OTU500,GS,99.4,BOLD:AAG8583,Animalia,Arthropoda,Insecta,Lepidoptera,Blastobasidae,Pigritia,Pigritia fidella,11,6/21/2017,HickoryBottoms,D,6/7/2017,113,Single
6212017HBD5,OTU520,US,0.3081,BOLD:ACA6588,Animalia,Arthropoda,Arachnida,Araneae,NA,NA,NA,20,6/21/2017,HickoryBottoms,D,6/7/2017,113,Single
6212017HBD5,OTU557,GS,98.3,BOLD:AAO7609,Animalia,Arthropoda,Insecta,Diptera,NA,NA,NA,12,6/21/2017,HickoryBottoms,D,6/7/2017,113,Single
6212017HBD5,OTU574,GS,100,BOLD:AAB7238,Animalia,Arthropoda,Insecta,Lepidoptera,Tortricidae,Ancylis,Ancylis platanana,14,6/21/2017,HickoryBottoms,D,6/7/2017,113,Single
6212017HBD5,OTU593,GS,100,BOLD:ACN2382,Animalia,Arthropoda,Insecta,Diptera,Chironomidae,Polypedilum,NA,10,6/21/2017,HickoryBottoms,D,6/7/2017,113,Single
6212017HBD5,OTU665,GS,100,BOLD:AAW4535,Animalia,Arthropoda,Arachnida,Araneae,Araneidae,Araneus,Araneus marmoreus,3,6/21/2017,HickoryBottoms,D,6/7/2017,113,Single
6212017HBD5,OTU696,GS,97.8,BOLD:ABY1337,Animalia,Arthropoda,Insecta,Hemiptera,Miridae,Phytocoris,NA,215,6/21/2017,HickoryBottoms,D,6/7/2017,113,Single
6212017HBD5,OTU728,GS,100,BOLD:ABA6114,Animalia,Arthropoda,Insecta,Hymenoptera,Diapriidae,NA,NA,75,6/21/2017,HickoryBottoms,D,6/7/2017,113,Single
6212017HBD5,OTU733,US,0.9925,BOLD:ACO7338,Animalia,Arthropoda,Insecta,Lepidoptera,NA,NA,NA,167,6/21/2017,HickoryBottoms,D,6/7/2017,113,Single
6212017HBD5,OTU796,GS,100,BOLD:AAH4950,Animalia,Arthropoda,Insecta,Lepidoptera,NA,NA,NA,11,6/21/2017,HickoryBottoms,D,6/7/2017,113,Single
6212017HBD5,OTU801,GS,100,BOLD:AAC0580,Animalia,Arthropoda,Insecta,Lepidoptera,Pterophoridae,Hellinsia,Hellinsia pan,16,6/21/2017,HickoryBottoms,D,6/7/2017,113,Single
6212017HBD5,OTU875,GS,100,BOLD:AAP2599,Animalia,Arthropoda,Insecta,Lepidoptera,NA,NA,NA,5,6/21/2017,HickoryBottoms,D,6/7/2017,113,Single
6212017HBD5,OTU889,US,0.2887,BOLD:ACX4809,Animalia,Arthropoda,Insecta,Lepidoptera,NA,NA,NA,23,6/21/2017,HickoryBottoms,D,6/7/2017,113,Single
6212017HBD5,OTU916,GS,100,BOLD:AAB2176,Animalia,Arthropoda,Insecta,Lepidoptera,Gelechiidae,Arogalea,Arogalea cristifasciella,2,6/21/2017,HickoryBottoms,D,6/7/2017,113,Single
6212017HBD5,OTU954,SS,0.17,BOLD:ACW3280,Animalia,Arthropoda,Insecta,Diptera,NA,NA,NA,7,6/21/2017,HickoryBottoms,D,6/7/2017,113,Single
6212017HBD5,OTU980,SS,0.03,BOLD:ACL2801,Animalia,Arthropoda,Insecta,Diptera,NA,NA,NA,10,6/21/2017,HickoryBottoms,D,6/7/2017,113,Single
6212017HBD5,OTU1001,US,0.9916,BOLD:ACM2269,Animalia,Arthropoda,Arachnida,Trombidiformes,NA,NA,NA,105,6/21/2017,HickoryBottoms,D,6/7/2017,113,Single
6212017HBD5,OTU1004,US,0,BOLD:ACL3285,Animalia,Arthropoda,Insecta,Diptera,NA,NA,NA,91,6/21/2017,HickoryBottoms,D,6/7/2017,113,Single
6212017HBD5,OTU1028,US,0.9881,BOLD:ACI4589,Animalia,Arthropoda,Insecta,Coleoptera,NA,NA,NA,46,6/21/2017,HickoryBottoms,D,6/7/2017,113,Single
6212017HBD5,OTU1052,US,0,BOLD:ACT2213,Animalia,Arthropoda,Arachnida,Sarcoptiformes,NA,NA,NA,80,6/21/2017,HickoryBottoms,D,6/7/2017,113,Single
6212017HBD5,OTU1097,GS,97.2,BOLD:AAN5451,Animalia,Arthropoda,Arachnida,Araneae,Araneidae,Eustala,NA,179,6/21/2017,HickoryBottoms,D,6/7/2017,113,Single
6212017HBD5,OTU1208,GS,97.8,BOLD:ACB0845,Animalia,Arthropoda,Insecta,Neuroptera,Hemerobiidae,Sympherobius,NA,5,6/21/2017,HickoryBottoms,D,6/7/2017,113,Single
6212017HBD5,OTU1317,SS,0.01,BOLD:AAN5451,Animalia,Arthropoda,Arachnida,Araneae,Araneidae,Eustala,NA,11,6/21/2017,HickoryBottoms,D,6/7/2017,113,Single
6212017HBD5,OTU1350,GS,97.2,BOLD:AAA7067,Animalia,Arthropoda,Insecta,Diptera,Culicidae,Aedes,Aedes vexans,9,6/21/2017,HickoryBottoms,D,6/7/2017,113,Single
6212017HBD5,OTU1351,SS,0.94,BOLD:AAB7030,Animalia,Arthropoda,Insecta,Diptera,Chironomidae,Chironomus,Chironomus decorus,17,6/21/2017,HickoryBottoms,D,6/7/2017,113,Single
6212017HBD5,OTU1708,US,0.8732,BOLD:ACL2801,Animalia,Arthropoda,Insecta,Diptera,NA,NA,NA,7,6/21/2017,HickoryBottoms,D,6/7/2017,113,Single
6212017HBD5,OTU1710,US,1,BOLD:ACE2792,Animalia,Arthropoda,Insecta,Lepidoptera,NA,NA,NA,16,6/21/2017,HickoryBottoms,D,6/7/2017,113,Single
6212017HBD5,OTU1772,GS,98.9,BOLD:ACA3275,Animalia,Arthropoda,Insecta,Diptera,Chironomidae,Dicrotendipes,NA,3,6/21/2017,HickoryBottoms,D,6/7/2017,113,Single
6212017HBD5,OTU1781,US,0.2259,BOLD:AAO8514,Animalia,Arthropoda,Insecta,Lepidoptera,NA,NA,NA,4,6/21/2017,HickoryBottoms,D,6/7/2017,113,Single
6212017HBD5,OTU1910,SS,0.87,BOLD:ABZ0908,Animalia,Arthropoda,Insecta,Diptera,Tipulidae,Nephrotoma,Nephrotoma ferruginea,1,6/21/2017,HickoryBottoms,D,6/7/2017,113,Single
6212017HBD6,OTU4,GS,100,BOLD:AAN5882,Animalia,Arthropoda,Insecta,Diptera,Limoniidae,Erioptera,Erioptera caliptera,9713,6/21/2017,HickoryBottoms,D,6/7/2017,113,Single
6212017HBD6,OTU14,GS,99.4,BOLD:AAO3940,Animalia,Arthropoda,Insecta,Diptera,Limoniidae,Rhipidia,NA,25407,6/21/2017,HickoryBottoms,D,6/7/2017,113,Single
6212017HBD6,OTU16,GS,100,BOLD:AAA7067,Animalia,Arthropoda,Insecta,Diptera,Culicidae,Aedes,Aedes vexans,254,6/21/2017,HickoryBottoms,D,6/7/2017,113,Single
6212017HBD6,OTU17,GS,100,BOLD:AAB3702,Animalia,Arthropoda,Insecta,Trichoptera,Hydropsychidae,Potamyia,Potamyia flava,294,6/21/2017,HickoryBottoms,D,6/7/2017,113,Single
6212017HBD6,OTU26,GS,98.8,BOLD:ACM8443,Animalia,Arthropoda,Insecta,Diptera,Tabanidae,Hybomitra,Hybomitra epistates,83,6/21/2017,HickoryBottoms,D,6/7/2017,113,Single
6212017HBD6,OTU68,GS,100,BOLD:AAB7030,Animalia,Arthropoda,Insecta,Diptera,Chironomidae,Chironomus,Chironomus decorus,40,6/21/2017,HickoryBottoms,D,6/7/2017,113,Single
6212017HBD6,OTU198,GS,99.4,BOLD:ABZ1242,Animalia,Arthropoda,Insecta,Diptera,Chironomidae,NA,NA,5,6/21/2017,HickoryBottoms,D,6/7/2017,113,Single
6212017HBD6,OTU335,GS,99.4,BOLD:AAM6295,Animalia,Arthropoda,Insecta,Diptera,Chaoboridae,NA,NA,15,6/21/2017,HickoryBottoms,D,6/7/2017,113,Single
6212017HBD6,OTU371,GS,100,BOLD:ABX9756,Animalia,Arthropoda,Insecta,Diptera,NA,NA,NA,5,6/21/2017,HickoryBottoms,D,6/7/2017,113,Single
6212017HBD6,OTU373,GS,98.9,BOLD:AAG8953,Animalia,Arthropoda,Insecta,Hemiptera,Cicadellidae,Gyponana,Gyponana amara,317,6/21/2017,HickoryBottoms,D,6/7/2017,113,Single
6212017HBD6,OTU426,GS,98.9,BOLD:ABX4602,Animalia,Arthropoda,Insecta,Blattodea,Ectobiidae,NA,NA,4,6/21/2017,HickoryBottoms,D,6/7/2017,113,Single
6212017HBD6,OTU566,GS,98.9,BOLD:ACO2169,Animalia,Arthropoda,Insecta,Diptera,Mycetophilidae,Mycetophila,NA,618,6/21/2017,HickoryBottoms,D,6/7/2017,113,Single
6212017HBD6,OTU907,SS,0.01,BOLD:AAO3940,Animalia,Arthropoda,Insecta,Diptera,Limoniidae,Rhipidia,NA,513,6/21/2017,HickoryBottoms,D,6/7/2017,113,Single
6212017HBD6,OTU935,SS,0.01,BOLD:AAO3940,Animalia,Arthropoda,Insecta,Diptera,Limoniidae,Rhipidia,NA,47,6/21/2017,HickoryBottoms,D,6/7/2017,113,Single
6212017HBD6,OTU1040,SS,0.14,BOLD:AAU6662,Animalia,Arthropoda,Insecta,Diptera,NA,NA,NA,1,6/21/2017,HickoryBottoms,D,6/7/2017,113,Single
6212017HBD6,OTU1051,US,0.2887,BOLD:ACJ2256,Animalia,Arthropoda,Insecta,Trichoptera,NA,NA,NA,1,6/21/2017,HickoryBottoms,D,6/7/2017,113,Single
6212017HBD6,OTU1106,US,1,BOLD:ACG8386,Animalia,Arthropoda,Insecta,Coleoptera,NA,NA,NA,55,6/21/2017,HickoryBottoms,D,6/7/2017,113,Single
6212017HBD6,OTU1244,SS,0.81,BOLD:AAN5882,Animalia,Arthropoda,Insecta,Diptera,Limoniidae,Erioptera,Erioptera caliptera,83,6/21/2017,HickoryBottoms,D,6/7/2017,113,Single
6212017HBD6,OTU1273,US,0.9803,BOLD:ACO2169,Animalia,Arthropoda,Insecta,Diptera,NA,NA,NA,170,6/21/2017,HickoryBottoms,D,6/7/2017,113,Single
6212017HBD6,OTU1292,GS,97.8,BOLD:AAN5882,Animalia,Arthropoda,Insecta,Diptera,Limoniidae,Erioptera,Erioptera caliptera,11,6/21/2017,HickoryBottoms,D,6/7/2017,113,Single
6212017HBD6,OTU1317,SS,0.01,BOLD:AAN5451,Animalia,Arthropoda,Arachnida,Araneae,Araneidae,Eustala,NA,2,6/21/2017,HickoryBottoms,D,6/7/2017,113,Single
6212017HBD6,OTU1350,GS,97.2,BOLD:AAA7067,Animalia,Arthropoda,Insecta,Diptera,Culicidae,Aedes,Aedes vexans,40,6/21/2017,HickoryBottoms,D,6/7/2017,113,Single
6212017HBD6,OTU1351,SS,0.94,BOLD:AAB7030,Animalia,Arthropoda,Insecta,Diptera,Chironomidae,Chironomus,Chironomus decorus,17,6/21/2017,HickoryBottoms,D,6/7/2017,113,Single
6212017HBD6,OTU1404,GS,99.4,BOLD:ADH9777,Animalia,Arthropoda,Insecta,Diptera,Cecidomyiidae,NA,NA,1,6/21/2017,HickoryBottoms,D,6/7/2017,113,Single
6212017HBD6,OTU1434,GS,97.6,BOLD:AAA7067,Animalia,Arthropoda,Insecta,Diptera,Culicidae,Aedes,Aedes vexans,4,6/21/2017,HickoryBottoms,D,6/7/2017,113,Single
6212017HBD6,OTU1480,US,0.9249,BOLD:AAN5882,Animalia,Arthropoda,Insecta,Diptera,NA,NA,NA,7,6/21/2017,HickoryBottoms,D,6/7/2017,113,Single
6212017HBD6,OTU1776,US,0.9715,BOLD:AAO3940,Animalia,Arthropoda,Insecta,Diptera,NA,NA,NA,36,6/21/2017,HickoryBottoms,D,6/7/2017,113,Single
6212017HBD7,OTU1,US,0.0026,BOLD:AAD6798,Animalia,Arthropoda,Insecta,Diptera,NA,NA,NA,194,6/21/2017,HickoryBottoms,D,6/7/2017,113,Single
6212017HBD7,OTU5,GS,99.4,BOLD:AAN5451,Animalia,Arthropoda,Arachnida,Araneae,Araneidae,Eustala,NA,9280,6/21/2017,HickoryBottoms,D,6/7/2017,113,Single
6212017HBD7,OTU10,GS,100,BOLD:ACF3057,Animalia,Arthropoda,Insecta,Lepidoptera,Tineidae,Acrolophus,Acrolophus mortipennella,7797,6/21/2017,HickoryBottoms,D,6/7/2017,113,Single
6212017HBD7,OTU15,GS,100,BOLD:ABZ0908,Animalia,Arthropoda,Insecta,Diptera,Tipulidae,Nephrotoma,Nephrotoma ferruginea,254,6/21/2017,HickoryBottoms,D,6/7/2017,113,Single
6212017HBD7,OTU16,GS,100,BOLD:AAA7067,Animalia,Arthropoda,Insecta,Diptera,Culicidae,Aedes,Aedes vexans,1339,6/21/2017,HickoryBottoms,D,6/7/2017,113,Single
6212017HBD7,OTU17,GS,100,BOLD:AAB3702,Animalia,Arthropoda,Insecta,Trichoptera,Hydropsychidae,Potamyia,Potamyia flava,109,6/21/2017,HickoryBottoms,D,6/7/2017,113,Single
6212017HBD7,OTU25,GS,100,BOLD:ACF0083,Animalia,Arthropoda,Insecta,Diptera,Tabanidae,Tabanus,Tabanus similis,5082,6/21/2017,HickoryBottoms,D,6/7/2017,113,Single
6212017HBD7,OTU68,GS,100,BOLD:AAB7030,Animalia,Arthropoda,Insecta,Diptera,Chironomidae,Chironomus,Chironomus decorus,40,6/21/2017,HickoryBottoms,D,6/7/2017,113,Single
6212017HBD7,OTU117,GS,100,BOLD:AAH5449,Animalia,Arthropoda,Insecta,Lepidoptera,Tineidae,Acrolophus,Acrolophus propinqua,447,6/21/2017,HickoryBottoms,D,6/7/2017,113,Single
6212017HBD7,OTU129,GS,100,BOLD:AAG2647,Animalia,Arthropoda,Insecta,Diptera,Chaoboridae,Chaoborus,Chaoborus punctipennis,37,6/21/2017,HickoryBottoms,D,6/7/2017,113,Single
6212017HBD7,OTU144,GS,100,BOLD:AAN6304,Animalia,Arthropoda,Arachnida,Araneae,Araneidae,Araneus,Araneus guttulatus,2768,6/21/2017,HickoryBottoms,D,6/7/2017,113,Single
6212017HBD7,OTU174,GS,97.2,BOLD:AAD2010,Animalia,Arthropoda,Insecta,Lepidoptera,Tineidae,Acrolophus,Acrolophus propinqua,219,6/21/2017,HickoryBottoms,D,6/7/2017,113,Single
6212017HBD7,OTU195,GS,100,BOLD:ABW4424,Animalia,Arthropoda,Insecta,Diptera,Limoniidae,Dicranomyia,NA,11,6/21/2017,HickoryBottoms,D,6/7/2017,113,Single
6212017HBD7,OTU270,GS,100,BOLD:AAB6541,Animalia,Arthropoda,Insecta,Lepidoptera,Gelechiidae,Coleotechnites,Coleotechnites florae,43,6/21/2017,HickoryBottoms,D,6/7/2017,113,Single
6212017HBD7,OTU272,GS,100,BOLD:AAJ3819,Animalia,Arthropoda,Insecta,Diptera,Clusiidae,Sobarocephala,Sobarocephala setipes,190,6/21/2017,HickoryBottoms,D,6/7/2017,113,Single
6212017HBD7,OTU319,US,0,None,Animalia,Arthropoda,Arachnida,Mesostigmata,NA,NA,NA,6,6/21/2017,HickoryBottoms,D,6/7/2017,113,Single
6212017HBD7,OTU324,GS,100,BOLD:AAR9127,Animalia,Arthropoda,Insecta,Hemiptera,Tingidae,Corythucha,Corythucha marmorata,118,6/21/2017,HickoryBottoms,D,6/7/2017,113,Single
6212017HBD7,OTU469,GS,100,BOLD:AAR7014,Animalia,Arthropoda,Insecta,Lepidoptera,Gracillariidae,Neurobathra,Neurobathra strigifinitella,3,6/21/2017,HickoryBottoms,D,6/7/2017,113,Single
6212017HBD7,OTU549,GS,100,BOLD:AAM8604,Animalia,Arthropoda,Insecta,Lepidoptera,NA,NA,NA,8,6/21/2017,HickoryBottoms,D,6/7/2017,113,Single
6212017HBD7,OTU557,GS,98.3,BOLD:AAO7609,Animalia,Arthropoda,Insecta,Diptera,NA,NA,NA,56,6/21/2017,HickoryBottoms,D,6/7/2017,113,Single
6212017HBD7,OTU737,GS,100,BOLD:AAG3822,Animalia,Arthropoda,Arachnida,Araneae,Anyphaenidae,Anyphaena,NA,7,6/21/2017,HickoryBottoms,D,6/7/2017,113,Single
6212017HBD7,OTU822,GS,97.8,BOLD:ACU1440,Animalia,Arthropoda,Insecta,Blattodea,Ectobiidae,Parcoblatta,Parcoblatta lata,54,6/21/2017,HickoryBottoms,D,6/7/2017,113,Single
6212017HBD7,OTU968,GS,99.4,BOLD:ACB9565,Animalia,Arthropoda,Arachnida,Araneae,Clubionidae,Clubiona,Clubiona pygmaea,66,6/21/2017,HickoryBottoms,D,6/7/2017,113,Single
6212017HBD7,OTU995,GS,100,BOLD:AAN6208,Animalia,Arthropoda,Insecta,Coleoptera,Aderidae,NA,NA,16,6/21/2017,HickoryBottoms,D,6/7/2017,113,Single
6212017HBD7,OTU1097,GS,97.2,BOLD:AAN5451,Animalia,Arthropoda,Arachnida,Araneae,Araneidae,Eustala,NA,306,6/21/2017,HickoryBottoms,D,6/7/2017,113,Single
6212017HBD7,OTU1259,US,0,BOLD:ACW9107,Animalia,Arthropoda,Insecta,Hymenoptera,NA,NA,NA,3,6/21/2017,HickoryBottoms,D,6/7/2017,113,Single
6212017HBD7,OTU1296,GS,97.2,BOLD:AAD2334,Animalia,Arthropoda,Insecta,Lepidoptera,Tineidae,Acrolophus,Acrolophus hasbroucki,12,6/21/2017,HickoryBottoms,D,6/7/2017,113,Single
6212017HBD7,OTU1317,SS,0.01,BOLD:AAN5451,Animalia,Arthropoda,Arachnida,Araneae,Araneidae,Eustala,NA,6,6/21/2017,HickoryBottoms,D,6/7/2017,113,Single
6212017HBD7,OTU1350,GS,97.2,BOLD:AAA7067,Animalia,Arthropoda,Insecta,Diptera,Culicidae,Aedes,Aedes vexans,44,6/21/2017,HickoryBottoms,D,6/7/2017,113,Single
6212017HBD7,OTU1351,SS,0.94,BOLD:AAB7030,Animalia,Arthropoda,Insecta,Diptera,Chironomidae,Chironomus,Chironomus decorus,8,6/21/2017,HickoryBottoms,D,6/7/2017,113,Single
6212017HBD7,OTU1604,GS,100,BOLD:AAB0988,Animalia,Arthropoda,Insecta,Lepidoptera,Erebidae,Allotria,Allotria elonympha,33,6/21/2017,HickoryBottoms,D,6/7/2017,113,Single
6212017HBD7,OTU1719,GS,97.2,BOLD:AAG0149,Animalia,Arthropoda,Insecta,Lepidoptera,NA,NA,NA,1,6/21/2017,HickoryBottoms,D,6/7/2017,113,Single
6212017HBD8,OTU1,US,0.0026,BOLD:AAD6798,Animalia,Arthropoda,Insecta,Diptera,NA,NA,NA,155,6/21/2017,HickoryBottoms,D,6/7/2017,113,Single
6212017HBD8,OTU16,GS,100,BOLD:AAA7067,Animalia,Arthropoda,Insecta,Diptera,Culicidae,Aedes,Aedes vexans,1174,6/21/2017,HickoryBottoms,D,6/7/2017,113,Single
6212017HBD8,OTU25,GS,100,BOLD:ACF0083,Animalia,Arthropoda,Insecta,Diptera,Tabanidae,Tabanus,Tabanus similis,11409,6/21/2017,HickoryBottoms,D,6/7/2017,113,Single
6212017HBD8,OTU26,GS,98.8,BOLD:ACM8443,Animalia,Arthropoda,Insecta,Diptera,Tabanidae,Hybomitra,Hybomitra epistates,4082,6/21/2017,HickoryBottoms,D,6/7/2017,113,Single
6212017HBD8,OTU47,GS,100,BOLD:AAN5881,Animalia,Arthropoda,Insecta,Diptera,Limoniidae,NA,NA,477,6/21/2017,HickoryBottoms,D,6/7/2017,113,Single
6212017HBD8,OTU57,GS,100,BOLD:AAI1618,Animalia,Arthropoda,Insecta,Diptera,Culicidae,Coquillettidia,Coquillettidia perturbans,909,6/21/2017,HickoryBottoms,D,6/7/2017,113,Single
6212017HBD8,OTU65,GS,100,BOLD:AAA1517,Animalia,Arthropoda,Insecta,Lepidoptera,Tortricidae,Choristoneura,Choristoneura rosaceana,137,6/21/2017,HickoryBottoms,D,6/7/2017,113,Single
6212017HBD8,OTU68,GS,100,BOLD:AAB7030,Animalia,Arthropoda,Insecta,Diptera,Chironomidae,Chironomus,Chironomus decorus,97,6/21/2017,HickoryBottoms,D,6/7/2017,113,Single
6212017HBD8,OTU73,GS,100,BOLD:AAD6926,Animalia,Arthropoda,Arachnida,Araneae,Anyphaenidae,Anyphaena,Anyphaena pectorosa,1519,6/21/2017,HickoryBottoms,D,6/7/2017,113,Single
6212017HBD8,OTU115,GS,100,BOLD:AAA4942,Animalia,Arthropoda,Arachnida,Araneae,Tetragnathidae,Tetragnatha,Tetragnatha elongata,896,6/21/2017,HickoryBottoms,D,6/7/2017,113,Single
6212017HBD8,OTU120,GS,100,BOLD:AAV3042,Animalia,Arthropoda,Arachnida,Araneae,Theridiidae,Theridion,Theridion albidum,28,6/21/2017,HickoryBottoms,D,6/7/2017,113,Single
6212017HBD8,OTU122,GS,99.4,BOLD:AAC5568,Animalia,Arthropoda,Insecta,Lepidoptera,Tortricidae,Gypsonoma,Gypsonoma salicicolana,292,6/21/2017,HickoryBottoms,D,6/7/2017,113,Single
6212017HBD8,OTU190,GS,100,BOLD:ABY7666,Animalia,Arthropoda,Insecta,Diptera,Culicidae,Culex,Culex territans,686,6/21/2017,HickoryBottoms,D,6/7/2017,113,Single
6212017HBD8,OTU198,GS,99.4,BOLD:ABZ1242,Animalia,Arthropoda,Insecta,Diptera,Chironomidae,NA,NA,131,6/21/2017,HickoryBottoms,D,6/7/2017,113,Single
6212017HBD8,OTU214,GS,99.4,BOLD:AAW6795,Animalia,Arthropoda,Insecta,Diptera,NA,NA,NA,43,6/21/2017,HickoryBottoms,D,6/7/2017,113,Single
6212017HBD8,OTU283,GS,100,BOLD:AAZ5968,Animalia,Arthropoda,Insecta,Diptera,Limoniidae,NA,NA,79,6/21/2017,HickoryBottoms,D,6/7/2017,113,Single
6212017HBD8,OTU300,GS,100,BOLD:AAA8310,Animalia,Arthropoda,Insecta,Lepidoptera,Crambidae,Anageshna,Anageshna primordialis,29,6/21/2017,HickoryBottoms,D,6/7/2017,113,Single
6212017HBD8,OTU325,GS,100,BOLD:AAB6013,Animalia,Arthropoda,Insecta,Lepidoptera,Tortricidae,Phaecasiophora,Phaecasiophora confixana,109,6/21/2017,HickoryBottoms,D,6/7/2017,113,Single
6212017HBD8,OTU472,GS,100,BOLD:AAG3154,Animalia,Arthropoda,Insecta,Diptera,Psychodidae,Psychoda,NA,3,6/21/2017,HickoryBottoms,D,6/7/2017,113,Single
6212017HBD8,OTU636,GS,99.4,BOLD:AAM6230,Animalia,Arthropoda,Insecta,Diptera,Chironomidae,Chironomus,NA,4,6/21/2017,HickoryBottoms,D,6/7/2017,113,Single
6212017HBD8,OTU661,SS,0.27,BOLD:ABV9305,Animalia,Arthropoda,Insecta,Diptera,NA,NA,NA,14,6/21/2017,HickoryBottoms,D,6/7/2017,113,Single
6212017HBD8,OTU723,GS,100,BOLD:AAG5453,Animalia,Arthropoda,Insecta,Diptera,Chironomidae,Chironomus,Chironomus bifurcatus,24,6/21/2017,HickoryBottoms,D,6/7/2017,113,Single
6212017HBD8,OTU728,GS,100,BOLD:ABA6114,Animalia,Arthropoda,Insecta,Hymenoptera,Diapriidae,NA,NA,52,6/21/2017,HickoryBottoms,D,6/7/2017,113,Single
6212017HBD8,OTU741,GS,100,BOLD:AAA4123,Animalia,Arthropoda,Arachnida,Araneae,Araneidae,Neoscona,Neoscona arabesca,10,6/21/2017,HickoryBottoms,D,6/7/2017,113,Single
6212017HBD8,OTU754,US,1,BOLD:AAV1202,Animalia,Arthropoda,Insecta,Coleoptera,NA,NA,NA,14,6/21/2017,HickoryBottoms,D,6/7/2017,113,Single
6212017HBD8,OTU866,GS,100,BOLD:ACT6778,Animalia,Arthropoda,Insecta,Diptera,Keroplatidae,NA,NA,28,6/21/2017,HickoryBottoms,D,6/7/2017,113,Single
6212017HBD8,OTU900,GS,100,BOLD:AAN6333,Animalia,Arthropoda,Arachnida,Araneae,Theridiidae,Theridion,Theridion albidum,9,6/21/2017,HickoryBottoms,D,6/7/2017,113,Single
6212017HBD8,OTU978,SS,0.71,BOLD:AAG5479,Animalia,Arthropoda,Insecta,Diptera,Chironomidae,NA,NA,47,6/21/2017,HickoryBottoms,D,6/7/2017,113,Single
6212017HBD8,OTU1079,GS,100,BOLD:AAI9091,Animalia,Arthropoda,Insecta,Diptera,Drosophilidae,Drosophila,Drosophila tripunctata,6,6/21/2017,HickoryBottoms,D,6/7/2017,113,Single
6212017HBD8,OTU1172,SS,0.83,BOLD:AAD6926,Animalia,Arthropoda,Arachnida,Araneae,Anyphaenidae,Anyphaena,Anyphaena pectorosa,10,6/21/2017,HickoryBottoms,D,6/7/2017,113,Single
6212017HBD8,OTU1191,GS,100,BOLD:AAC9510,Animalia,Arthropoda,Insecta,Hemiptera,Miridae,Blepharidopterus,Blepharidopterus provancheri,64,6/21/2017,HickoryBottoms,D,6/7/2017,113,Single
6212017HBD8,OTU1210,GS,97.2,BOLD:AAF4632,Animalia,Arthropoda,Insecta,Diptera,Limoniidae,Epiphragma,Epiphragma solatrix,23,6/21/2017,HickoryBottoms,D,6/7/2017,113,Single
6212017HBD8,OTU1350,GS,97.2,BOLD:AAA7067,Animalia,Arthropoda,Insecta,Diptera,Culicidae,Aedes,Aedes vexans,21,6/21/2017,HickoryBottoms,D,6/7/2017,113,Single
6212017HBD8,OTU1351,SS,0.94,BOLD:AAB7030,Animalia,Arthropoda,Insecta,Diptera,Chironomidae,Chironomus,Chironomus decorus,8,6/21/2017,HickoryBottoms,D,6/7/2017,113,Single
6212017HBD8,OTU1368,GS,97.2,BOLD:ABU6554,Animalia,Arthropoda,Insecta,Diptera,NA,NA,NA,41,6/21/2017,HickoryBottoms,D,6/7/2017,113,Single
6212017HBD8,OTU1434,GS,97.6,BOLD:AAA7067,Animalia,Arthropoda,Insecta,Diptera,Culicidae,Aedes,Aedes vexans,6,6/21/2017,HickoryBottoms,D,6/7/2017,113,Single
6212017HBD8,OTU1514,SS,0.75,BOLD:ABX5321,Animalia,Arthropoda,Insecta,Diptera,NA,NA,NA,1,6/21/2017,HickoryBottoms,D,6/7/2017,113,Single
6212017HBD8,OTU1554,SS,0.92,BOLD:AAP2734,Animalia,Arthropoda,Insecta,Diptera,Limoniidae,Erioptera,Erioptera parva,4,6/21/2017,HickoryBottoms,D,6/7/2017,113,Single
6212017HBD8,OTU1683,SS,0.84,BOLD:AAF4632,Animalia,Arthropoda,Insecta,Diptera,Limoniidae,Epiphragma,Epiphragma solatrix,10,6/21/2017,HickoryBottoms,D,6/7/2017,113,Single
6212017HBD8,OTU1717,US,0.9925,BOLD:AAX2741,Animalia,Arthropoda,Insecta,Coleoptera,NA,NA,NA,19,6/21/2017,HickoryBottoms,D,6/7/2017,113,Single
6212017HBD8,OTU1757,SS,0.84,BOLD:AAB7995,Animalia,Arthropoda,Arachnida,Araneae,Tetragnathidae,Tetragnatha,Tetragnatha shoshone,14,6/21/2017,HickoryBottoms,D,6/7/2017,113,Single
6212017HBD8,OTU1790,GS,98.3,BOLD:AAZ0144,Animalia,Arthropoda,Insecta,Diptera,Chironomidae,Chironomus,NA,3,6/21/2017,HickoryBottoms,D,6/7/2017,113,Single
6212017HBD8,OTU1885,SS,0.5,BOLD:AAG4573,Animalia,Arthropoda,Insecta,Diptera,NA,NA,NA,10,6/21/2017,HickoryBottoms,D,6/7/2017,113,Single
6212017HBD9,OTU5,GS,99.4,BOLD:AAN5451,Animalia,Arthropoda,Arachnida,Araneae,Araneidae,Eustala,NA,332,6/21/2017,HickoryBottoms,D,6/7/2017,113,Single
6212017HBD9,OTU14,GS,99.4,BOLD:AAO3940,Animalia,Arthropoda,Insecta,Diptera,Limoniidae,Rhipidia,NA,25039,6/21/2017,HickoryBottoms,D,6/7/2017,113,Single
6212017HBD9,OTU21,GS,100,BOLD:ACR3763,Animalia,Arthropoda,Insecta,Coleoptera,Ptilodactylidae,Ptilodactyla,Ptilodactyla serricollis,1706,6/21/2017,HickoryBottoms,D,6/7/2017,113,Single
6212017HBD9,OTU25,GS,100,BOLD:ACF0083,Animalia,Arthropoda,Insecta,Diptera,Tabanidae,Tabanus,Tabanus similis,406,6/21/2017,HickoryBottoms,D,6/7/2017,113,Single
6212017HBD9,OTU26,GS,98.8,BOLD:ACM8443,Animalia,Arthropoda,Insecta,Diptera,Tabanidae,Hybomitra,Hybomitra epistates,493,6/21/2017,HickoryBottoms,D,6/7/2017,113,Single
6212017HBD9,OTU31,GS,100,BOLD:AAM6212,Animalia,Arthropoda,Insecta,Diptera,Chironomidae,Axarus,Axarus festivus,253,6/21/2017,HickoryBottoms,D,6/7/2017,113,Single
6212017HBD9,OTU190,GS,100,BOLD:ABY7666,Animalia,Arthropoda,Insecta,Diptera,Culicidae,Culex,Culex territans,33,6/21/2017,HickoryBottoms,D,6/7/2017,113,Single
6212017HBD9,OTU198,GS,99.4,BOLD:ABZ1242,Animalia,Arthropoda,Insecta,Diptera,Chironomidae,NA,NA,4,6/21/2017,HickoryBottoms,D,6/7/2017,113,Single
6212017HBD9,OTU214,GS,99.4,BOLD:AAW6795,Animalia,Arthropoda,Insecta,Diptera,NA,NA,NA,18,6/21/2017,HickoryBottoms,D,6/7/2017,113,Single
6212017HBD9,OTU272,GS,100,BOLD:AAJ3819,Animalia,Arthropoda,Insecta,Diptera,Clusiidae,Sobarocephala,Sobarocephala setipes,3,6/21/2017,HickoryBottoms,D,6/7/2017,113,Single
6212017HBD9,OTU446,GS,100,BOLD:AAD1537,Animalia,Arthropoda,Insecta,Lepidoptera,Tortricidae,Gretchena,Gretchena bolliana,2,6/21/2017,HickoryBottoms,D,6/7/2017,113,Single
6212017HBD9,OTU572,GS,100,BOLD:ABW4438,Animalia,Arthropoda,Insecta,Coleoptera,Histeridae,Carcinops,Carcinops pumilio,1,6/21/2017,HickoryBottoms,D,6/7/2017,113,Single
6212017HBD9,OTU624,GS,100,BOLD:AAP4712,Animalia,Arthropoda,Insecta,Diptera,Psychodidae,NA,NA,1,6/21/2017,HickoryBottoms,D,6/7/2017,113,Single
6212017HBD9,OTU647,GS,98.3,BOLD:AAB7934,Animalia,Arthropoda,Arachnida,Araneae,Araneidae,Eustala,Eustala emertoni,4,6/21/2017,HickoryBottoms,D,6/7/2017,113,Single
6212017HBD9,OTU655,SS,0.61,BOLD:AAA3776,Animalia,Arthropoda,Insecta,Diptera,NA,NA,NA,2,6/21/2017,HickoryBottoms,D,6/7/2017,113,Single
6212017HBD9,OTU717,GSL,100,BOLD:ABZ7359,Animalia,Arthropoda,Insecta,Lepidoptera,Erebidae,Halysidota,NA,14,6/21/2017,HickoryBottoms,D,6/7/2017,113,Single
6212017HBD9,OTU723,GS,100,BOLD:AAG5453,Animalia,Arthropoda,Insecta,Diptera,Chironomidae,Chironomus,Chironomus bifurcatus,1,6/21/2017,HickoryBottoms,D,6/7/2017,113,Single
6212017HBD9,OTU839,GS,100,BOLD:AAC0706,Animalia,Arthropoda,Insecta,Diptera,Chironomidae,Dicrotendipes,Dicrotendipes tritomus,2,6/21/2017,HickoryBottoms,D,6/7/2017,113,Single
6212017HBD9,OTU907,SS,0.01,BOLD:AAO3940,Animalia,Arthropoda,Insecta,Diptera,Limoniidae,Rhipidia,NA,35,6/21/2017,HickoryBottoms,D,6/7/2017,113,Single
6212017HBD9,OTU935,SS,0.01,BOLD:AAO3940,Animalia,Arthropoda,Insecta,Diptera,Limoniidae,Rhipidia,NA,30,6/21/2017,HickoryBottoms,D,6/7/2017,113,Single
6212017HBD9,OTU978,SS,0.71,BOLD:AAG5479,Animalia,Arthropoda,Insecta,Diptera,Chironomidae,NA,NA,1,6/21/2017,HickoryBottoms,D,6/7/2017,113,Single
6212017HBD9,OTU1030,US,0,BOLD:AAZ9634,Animalia,Arthropoda,Insecta,Hymenoptera,NA,NA,NA,85,6/21/2017,HickoryBottoms,D,6/7/2017,113,Single
6212017HBD9,OTU1085,GS,98.9,BOLD:ACZ3313,Animalia,Arthropoda,Insecta,Coleoptera,Ptilodactylidae,Ptilodactyla,Ptilodactyla carinata,1,6/21/2017,HickoryBottoms,D,6/7/2017,113,Single
6212017HBD9,OTU1097,GS,97.2,BOLD:AAN5451,Animalia,Arthropoda,Arachnida,Araneae,Araneidae,Eustala,NA,23,6/21/2017,HickoryBottoms,D,6/7/2017,113,Single
6212017HBD9,OTU1127,GS,100,BOLD:AAU8651,Animalia,Arthropoda,Insecta,Hymenoptera,Ichneumonidae,NA,NA,1,6/21/2017,HickoryBottoms,D,6/7/2017,113,Single
6212017HBD9,OTU1167,US,0.9859,BOLD:ACH2408,Animalia,Arthropoda,Insecta,Diptera,NA,NA,NA,5,6/21/2017,HickoryBottoms,D,6/7/2017,113,Single
6212017HBD9,OTU1351,SS,0.94,BOLD:AAB7030,Animalia,Arthropoda,Insecta,Diptera,Chironomidae,Chironomus,Chironomus decorus,5,6/21/2017,HickoryBottoms,D,6/7/2017,113,Single
6212017HBD9,OTU1497,SS,0.97,BOLD:AAI1618,Animalia,Arthropoda,Insecta,Diptera,Culicidae,Coquillettidia,Coquillettidia perturbans,4,6/21/2017,HickoryBottoms,D,6/7/2017,113,Single
6212017HBD9,OTU1519,US,0.0026,BOLD:ACF0083,Animalia,Arthropoda,Insecta,Diptera,NA,NA,NA,4,6/21/2017,HickoryBottoms,D,6/7/2017,113,Single
6212017HBD9,OTU1631,SS,0.6,BOLD:ACM8443,Animalia,Arthropoda,Insecta,Diptera,NA,NA,NA,1,6/21/2017,HickoryBottoms,D,6/7/2017,113,Single
6212017HBD9,OTU1782,US,0.9249,BOLD:AAO3940,Animalia,Arthropoda,Insecta,Diptera,NA,NA,NA,1,6/21/2017,HickoryBottoms,D,6/7/2017,113,Single
6212017HBPoolA1,OTU4,GS,100,BOLD:AAN5882,Animalia,Arthropoda,Insecta,Diptera,Limoniidae,Erioptera,Erioptera caliptera,988,6/21/2017,HickoryBottoms,A,6/7/2017,79,Pool
6212017HBPoolA1,OTU5,GS,99.4,BOLD:AAN5451,Animalia,Arthropoda,Arachnida,Araneae,Araneidae,Eustala,NA,4734,6/21/2017,HickoryBottoms,A,6/7/2017,79,Pool
6212017HBPoolA1,OTU7,GS,100,BOLD:AAF4632,Animalia,Arthropoda,Insecta,Diptera,Limoniidae,Epiphragma,Epiphragma solatrix,2971,6/21/2017,HickoryBottoms,A,6/7/2017,79,Pool
6212017HBPoolA1,OTU10,GS,100,BOLD:ACF3057,Animalia,Arthropoda,Insecta,Lepidoptera,Tineidae,Acrolophus,Acrolophus mortipennella,10308,6/21/2017,HickoryBottoms,A,6/7/2017,79,Pool
6212017HBPoolA1,OTU14,GS,99.4,BOLD:AAO3940,Animalia,Arthropoda,Insecta,Diptera,Limoniidae,Rhipidia,NA,1069,6/21/2017,HickoryBottoms,A,6/7/2017,79,Pool
6212017HBPoolA1,OTU16,GS,100,BOLD:AAA7067,Animalia,Arthropoda,Insecta,Diptera,Culicidae,Aedes,Aedes vexans,188,6/21/2017,HickoryBottoms,A,6/7/2017,79,Pool
6212017HBPoolA1,OTU17,GS,100,BOLD:AAB3702,Animalia,Arthropoda,Insecta,Trichoptera,Hydropsychidae,Potamyia,Potamyia flava,373,6/21/2017,HickoryBottoms,A,6/7/2017,79,Pool
6212017HBPoolA1,OTU21,GS,100,BOLD:ACR3763,Animalia,Arthropoda,Insecta,Coleoptera,Ptilodactylidae,Ptilodactyla,Ptilodactyla serricollis,6645,6/21/2017,HickoryBottoms,A,6/7/2017,79,Pool
6212017HBPoolA1,OTU25,GS,100,BOLD:ACF0083,Animalia,Arthropoda,Insecta,Diptera,Tabanidae,Tabanus,Tabanus similis,994,6/21/2017,HickoryBottoms,A,6/7/2017,79,Pool
6212017HBPoolA1,OTU26,GS,98.8,BOLD:ACM8443,Animalia,Arthropoda,Insecta,Diptera,Tabanidae,Hybomitra,Hybomitra epistates,3999,6/21/2017,HickoryBottoms,A,6/7/2017,79,Pool
6212017HBPoolA1,OTU31,GS,100,BOLD:AAM6212,Animalia,Arthropoda,Insecta,Diptera,Chironomidae,Axarus,Axarus festivus,194,6/21/2017,HickoryBottoms,A,6/7/2017,79,Pool
6212017HBPoolA1,OTU57,GS,100,BOLD:AAI1618,Animalia,Arthropoda,Insecta,Diptera,Culicidae,Coquillettidia,Coquillettidia perturbans,1594,6/21/2017,HickoryBottoms,A,6/7/2017,79,Pool
6212017HBPoolA1,OTU68,GS,100,BOLD:AAB7030,Animalia,Arthropoda,Insecta,Diptera,Chironomidae,Chironomus,Chironomus decorus,209,6/21/2017,HickoryBottoms,A,6/7/2017,79,Pool
6212017HBPoolA1,OTU115,GS,100,BOLD:AAA4942,Animalia,Arthropoda,Arachnida,Araneae,Tetragnathidae,Tetragnatha,Tetragnatha elongata,780,6/21/2017,HickoryBottoms,A,6/7/2017,79,Pool
6212017HBPoolA1,OTU120,GS,100,BOLD:AAV3042,Animalia,Arthropoda,Arachnida,Araneae,Theridiidae,Theridion,Theridion albidum,870,6/21/2017,HickoryBottoms,A,6/7/2017,79,Pool
6212017HBPoolA1,OTU122,GS,99.4,BOLD:AAC5568,Animalia,Arthropoda,Insecta,Lepidoptera,Tortricidae,Gypsonoma,Gypsonoma salicicolana,355,6/21/2017,HickoryBottoms,A,6/7/2017,79,Pool
6212017HBPoolA1,OTU133,US,0,BOLD:AAH1180,Animalia,Arthropoda,Insecta,Hemiptera,NA,NA,NA,319,6/21/2017,HickoryBottoms,A,6/7/2017,79,Pool
6212017HBPoolA1,OTU172,GS,99.4,BOLD:AAA8563,Animalia,Arthropoda,Insecta,Lepidoptera,Erebidae,Parallelia,Parallelia bistriaris,363,6/21/2017,HickoryBottoms,A,6/7/2017,79,Pool
6212017HBPoolA1,OTU194,GS,100,BOLD:AAA6913,Animalia,Arthropoda,Insecta,Lepidoptera,Noctuidae,Leuconycta,Leuconycta diphteroides,802,6/21/2017,HickoryBottoms,A,6/7/2017,79,Pool
6212017HBPoolA1,OTU198,GS,99.4,BOLD:ABZ1242,Animalia,Arthropoda,Insecta,Diptera,Chironomidae,NA,NA,268,6/21/2017,HickoryBottoms,A,6/7/2017,79,Pool
6212017HBPoolA1,OTU209,GS,100,BOLD:AAF9019,Animalia,Arthropoda,Insecta,Diptera,NA,NA,NA,395,6/21/2017,HickoryBottoms,A,6/7/2017,79,Pool
6212017HBPoolA1,OTU215,GS,100,BOLD:AAA2490,Animalia,Arthropoda,Insecta,Lepidoptera,Crambidae,Palpita,Palpita magniferalis,710,6/21/2017,HickoryBottoms,A,6/7/2017,79,Pool
6212017HBPoolA1,OTU287,GS,98.9,BOLD:AAG5457,Animalia,Arthropoda,Insecta,Diptera,Chironomidae,NA,NA,584,6/21/2017,HickoryBottoms,A,6/7/2017,79,Pool
6212017HBPoolA1,OTU376,GS,100,BOLD:AAD2441,Animalia,Arthropoda,Insecta,Lepidoptera,Saturniidae,Syssphinx,Syssphinx bicolor,811,6/21/2017,HickoryBottoms,A,6/7/2017,79,Pool
6212017HBPoolA1,OTU379,GS,99.4,BOLD:AAG2878,Animalia,Arthropoda,Insecta,Hemiptera,Cicadellidae,Gyponana,Gyponana extenda,827,6/21/2017,HickoryBottoms,A,6/7/2017,79,Pool
6212017HBPoolA1,OTU395,GS,99.4,BOLD:ACW5195,Animalia,Arthropoda,Insecta,Coleoptera,Histeridae,Euspilotus,Euspilotus assimilis,936,6/21/2017,HickoryBottoms,A,6/7/2017,79,Pool
6212017HBPoolA1,OTU408,GS,100,BOLD:AAA2955,Animalia,Arthropoda,Insecta,Lepidoptera,Tortricidae,Argyrotaenia,Argyrotaenia ljungiana,784,6/21/2017,HickoryBottoms,A,6/7/2017,79,Pool
6212017HBPoolA1,OTU433,GS,99.4,BOLD:AAC5286,Animalia,Arthropoda,Insecta,Lepidoptera,Tineidae,Xylesthia,Xylesthia pruniramiella,433,6/21/2017,HickoryBottoms,A,6/7/2017,79,Pool
6212017HBPoolA1,OTU442,GS,97.2,BOLD:ABU6554,Animalia,Arthropoda,Insecta,Diptera,NA,NA,NA,831,6/21/2017,HickoryBottoms,A,6/7/2017,79,Pool
6212017HBPoolA1,OTU481,GS,100,BOLD:AAG0004,Animalia,Arthropoda,Insecta,Lepidoptera,Gelechiidae,Sinoe,Sinoe kwakae,497,6/21/2017,HickoryBottoms,A,6/7/2017,79,Pool
6212017HBPoolA1,OTU900,GS,100,BOLD:AAN6333,Animalia,Arthropoda,Arachnida,Araneae,Theridiidae,Theridion,Theridion albidum,36,6/21/2017,HickoryBottoms,A,6/7/2017,79,Pool
6212017HBPoolA1,OTU1085,GS,98.9,BOLD:ACZ3313,Animalia,Arthropoda,Insecta,Coleoptera,Ptilodactylidae,Ptilodactyla,Ptilodactyla carinata,3,6/21/2017,HickoryBottoms,A,6/7/2017,79,Pool
6212017HBPoolA1,OTU1097,GS,97.2,BOLD:AAN5451,Animalia,Arthropoda,Arachnida,Araneae,Araneidae,Eustala,NA,49,6/21/2017,HickoryBottoms,A,6/7/2017,79,Pool
6212017HBPoolA1,OTU1210,GS,97.2,BOLD:AAF4632,Animalia,Arthropoda,Insecta,Diptera,Limoniidae,Epiphragma,Epiphragma solatrix,69,6/21/2017,HickoryBottoms,A,6/7/2017,79,Pool
6212017HBPoolA1,OTU1265,SS,0.83,BOLD:AAF4632,Animalia,Arthropoda,Insecta,Diptera,Limoniidae,Epiphragma,Epiphragma solatrix,6,6/21/2017,HickoryBottoms,A,6/7/2017,79,Pool
6212017HBPoolA1,OTU1296,GS,97.2,BOLD:AAD2334,Animalia,Arthropoda,Insecta,Lepidoptera,Tineidae,Acrolophus,Acrolophus hasbroucki,45,6/21/2017,HickoryBottoms,A,6/7/2017,79,Pool
6212017HBPoolA1,OTU1317,SS,0.01,BOLD:AAN5451,Animalia,Arthropoda,Arachnida,Araneae,Araneidae,Eustala,NA,5,6/21/2017,HickoryBottoms,A,6/7/2017,79,Pool
6212017HBPoolA1,OTU1350,GS,97.2,BOLD:AAA7067,Animalia,Arthropoda,Insecta,Diptera,Culicidae,Aedes,Aedes vexans,7,6/21/2017,HickoryBottoms,A,6/7/2017,79,Pool
6212017HBPoolA1,OTU1351,SS,0.94,BOLD:AAB7030,Animalia,Arthropoda,Insecta,Diptera,Chironomidae,Chironomus,Chironomus decorus,34,6/21/2017,HickoryBottoms,A,6/7/2017,79,Pool
6212017HBPoolA1,OTU1403,SS,0.36,BOLD:ACV0130,Animalia,Arthropoda,Insecta,Diptera,NA,NA,NA,2,6/21/2017,HickoryBottoms,A,6/7/2017,79,Pool
6212017HBPoolA1,OTU1497,SS,0.97,BOLD:AAI1618,Animalia,Arthropoda,Insecta,Diptera,Culicidae,Coquillettidia,Coquillettidia perturbans,56,6/21/2017,HickoryBottoms,A,6/7/2017,79,Pool
6212017HBPoolA1,OTU1636,SS,0.74,BOLD:AAF4632,Animalia,Arthropoda,Insecta,NA,NA,NA,NA,2,6/21/2017,HickoryBottoms,A,6/7/2017,79,Pool
6212017HBPoolA1,OTU1683,SS,0.84,BOLD:AAF4632,Animalia,Arthropoda,Insecta,Diptera,Limoniidae,Epiphragma,Epiphragma solatrix,9,6/21/2017,HickoryBottoms,A,6/7/2017,79,Pool
6212017HBPoolA1,OTU1701,GS,97.8,BOLD:AAB7622,Animalia,Arthropoda,Insecta,Lepidoptera,Depressariidae,Antaeotricha,Antaeotricha schlaegeri,1,6/21/2017,HickoryBottoms,A,6/7/2017,79,Pool
6212017HBPoolA2,OTU1,US,0.0026,BOLD:AAD6798,Animalia,Arthropoda,Insecta,Diptera,NA,NA,NA,1253,6/21/2017,HickoryBottoms,A,6/7/2017,79,Pool
6212017HBPoolA2,OTU5,GS,99.4,BOLD:AAN5451,Animalia,Arthropoda,Arachnida,Araneae,Araneidae,Eustala,NA,3918,6/21/2017,HickoryBottoms,A,6/7/2017,79,Pool
6212017HBPoolA2,OTU10,GS,100,BOLD:ACF3057,Animalia,Arthropoda,Insecta,Lepidoptera,Tineidae,Acrolophus,Acrolophus mortipennella,9255,6/21/2017,HickoryBottoms,A,6/7/2017,79,Pool
6212017HBPoolA2,OTU14,GS,99.4,BOLD:AAO3940,Animalia,Arthropoda,Insecta,Diptera,Limoniidae,Rhipidia,NA,894,6/21/2017,HickoryBottoms,A,6/7/2017,79,Pool
6212017HBPoolA2,OTU16,GS,100,BOLD:AAA7067,Animalia,Arthropoda,Insecta,Diptera,Culicidae,Aedes,Aedes vexans,1399,6/21/2017,HickoryBottoms,A,6/7/2017,79,Pool
6212017HBPoolA2,OTU21,GS,100,BOLD:ACR3763,Animalia,Arthropoda,Insecta,Coleoptera,Ptilodactylidae,Ptilodactyla,Ptilodactyla serricollis,4899,6/21/2017,HickoryBottoms,A,6/7/2017,79,Pool
6212017HBPoolA2,OTU25,GS,100,BOLD:ACF0083,Animalia,Arthropoda,Insecta,Diptera,Tabanidae,Tabanus,Tabanus similis,1440,6/21/2017,HickoryBottoms,A,6/7/2017,79,Pool
6212017HBPoolA2,OTU26,GS,98.8,BOLD:ACM8443,Animalia,Arthropoda,Insecta,Diptera,Tabanidae,Hybomitra,Hybomitra epistates,7728,6/21/2017,HickoryBottoms,A,6/7/2017,79,Pool
6212017HBPoolA2,OTU31,GS,100,BOLD:AAM6212,Animalia,Arthropoda,Insecta,Diptera,Chironomidae,Axarus,Axarus festivus,776,6/21/2017,HickoryBottoms,A,6/7/2017,79,Pool
6212017HBPoolA2,OTU51,GS,100,BOLD:AAG1040,Animalia,Arthropoda,Insecta,Lepidoptera,Cosmopterigidae,Perimede,Perimede circitor,476,6/21/2017,HickoryBottoms,A,6/7/2017,79,Pool
6212017HBPoolA2,OTU65,GS,100,BOLD:AAA1517,Animalia,Arthropoda,Insecta,Lepidoptera,Tortricidae,Choristoneura,Choristoneura rosaceana,845,6/21/2017,HickoryBottoms,A,6/7/2017,79,Pool
6212017HBPoolA2,OTU68,GS,100,BOLD:AAB7030,Animalia,Arthropoda,Insecta,Diptera,Chironomidae,Chironomus,Chironomus decorus,1361,6/21/2017,HickoryBottoms,A,6/7/2017,79,Pool
6212017HBPoolA2,OTU70,GS,100,BOLD:ABY9168,Animalia,Arthropoda,Insecta,Lepidoptera,Tortricidae,Clepsis,Clepsis peritana,1226,6/21/2017,HickoryBottoms,A,6/7/2017,79,Pool
6212017HBPoolA2,OTU93,GS,99.4,BOLD:AAM4329,Animalia,Arthropoda,Insecta,Hemiptera,Cimicidae,Cimex,Cimex adjunctus,166,6/21/2017,HickoryBottoms,A,6/7/2017,79,Pool
6212017HBPoolA2,OTU100,US,0,BOLD:ACD6759,Animalia,Arthropoda,Insecta,Hymenoptera,NA,NA,NA,296,6/21/2017,HickoryBottoms,A,6/7/2017,79,Pool
6212017HBPoolA2,OTU169,GS,97.2,BOLD:AAO2061,Animalia,Arthropoda,Insecta,Blattodea,Ectobiidae,Parcoblatta,NA,779,6/21/2017,HickoryBottoms,A,6/7/2017,79,Pool
6212017HBPoolA2,OTU174,GS,97.2,BOLD:AAD2010,Animalia,Arthropoda,Insecta,Lepidoptera,Tineidae,Acrolophus,Acrolophus propinqua,415,6/21/2017,HickoryBottoms,A,6/7/2017,79,Pool
6212017HBPoolA2,OTU190,GS,100,BOLD:ABY7666,Animalia,Arthropoda,Insecta,Diptera,Culicidae,Culex,Culex territans,785,6/21/2017,HickoryBottoms,A,6/7/2017,79,Pool
6212017HBPoolA2,OTU194,GS,100,BOLD:AAA6913,Animalia,Arthropoda,Insecta,Lepidoptera,Noctuidae,Leuconycta,Leuconycta diphteroides,1791,6/21/2017,HickoryBottoms,A,6/7/2017,79,Pool
6212017HBPoolA2,OTU198,GS,99.4,BOLD:ABZ1242,Animalia,Arthropoda,Insecta,Diptera,Chironomidae,NA,NA,24,6/21/2017,HickoryBottoms,A,6/7/2017,79,Pool
6212017HBPoolA2,OTU211,GS,99.4,BOLD:ACA5630,Animalia,Arthropoda,Insecta,Coleoptera,Ptinidae,NA,NA,703,6/21/2017,HickoryBottoms,A,6/7/2017,79,Pool
6212017HBPoolA2,OTU215,GS,100,BOLD:AAA2490,Animalia,Arthropoda,Insecta,Lepidoptera,Crambidae,Palpita,Palpita magniferalis,468,6/21/2017,HickoryBottoms,A,6/7/2017,79,Pool
6212017HBPoolA2,OTU233,GS,99.4,BOLD:ACL2521,Animalia,Arthropoda,Arachnida,Trombidiformes,Arrenuridae,Arrenurus,Arrenurus marshallae,2075,6/21/2017,HickoryBottoms,A,6/7/2017,79,Pool
6212017HBPoolA2,OTU262,GS,100,BOLD:AAD0306,Animalia,Arthropoda,Insecta,Lepidoptera,Crambidae,Elophila,Elophila tinealis,661,6/21/2017,HickoryBottoms,A,6/7/2017,79,Pool
6212017HBPoolA2,OTU287,GS,98.9,BOLD:AAG5457,Animalia,Arthropoda,Insecta,Diptera,Chironomidae,NA,NA,1239,6/21/2017,HickoryBottoms,A,6/7/2017,79,Pool
6212017HBPoolA2,OTU304,GS,100,BOLD:AAD6122,Animalia,Arthropoda,Insecta,Diptera,NA,NA,NA,643,6/21/2017,HickoryBottoms,A,6/7/2017,79,Pool
6212017HBPoolA2,OTU341,GS,98.3,BOLD:AAB4915,Animalia,Arthropoda,Insecta,Lepidoptera,Tortricidae,Episimus,Episimus argutana,795,6/21/2017,HickoryBottoms,A,6/7/2017,79,Pool
6212017HBPoolA2,OTU362,GS,100,BOLD:ABZ2935,Animalia,Arthropoda,Insecta,Lepidoptera,Erebidae,Zanclognatha,Zanclognatha pedipilalis,1279,6/21/2017,HickoryBottoms,A,6/7/2017,79,Pool
6212017HBPoolA2,OTU376,GS,100,BOLD:AAD2441,Animalia,Arthropoda,Insecta,Lepidoptera,Saturniidae,Syssphinx,Syssphinx bicolor,415,6/21/2017,HickoryBottoms,A,6/7/2017,79,Pool
6212017HBPoolA2,OTU468,GS,100,BOLD:AAN5951,Animalia,Arthropoda,Insecta,Coleoptera,Carabidae,Mioptachys,Mioptachys flavicauda,604,6/21/2017,HickoryBottoms,A,6/7/2017,79,Pool
6212017HBPoolA2,OTU617,GS,100,BOLD:AAB4916,Animalia,Arthropoda,Insecta,Lepidoptera,Tortricidae,Episimus,Episimus argutana,3,6/21/2017,HickoryBottoms,A,6/7/2017,79,Pool
6212017HBPoolA2,OTU636,GS,99.4,BOLD:AAM6230,Animalia,Arthropoda,Insecta,Diptera,Chironomidae,Chironomus,NA,168,6/21/2017,HickoryBottoms,A,6/7/2017,79,Pool
6212017HBPoolA2,OTU701,GS,100,BOLD:ACF0609,Animalia,Arthropoda,Insecta,Lepidoptera,Tortricidae,Olethreutes,Olethreutes valdanum,236,6/21/2017,HickoryBottoms,A,6/7/2017,79,Pool
6212017HBPoolA2,OTU907,SS,0.01,BOLD:AAO3940,Animalia,Arthropoda,Insecta,Diptera,Limoniidae,Rhipidia,NA,4,6/21/2017,HickoryBottoms,A,6/7/2017,79,Pool
6212017HBPoolA2,OTU1033,GS,100,BOLD:AAD7682,Animalia,Arthropoda,Insecta,Lepidoptera,Coleophoridae,Coleophora,NA,1,6/21/2017,HickoryBottoms,A,6/7/2017,79,Pool
6212017HBPoolA2,OTU1047,GS,99.4,BOLD:ACC8989,Animalia,Arthropoda,Insecta,Lepidoptera,Batrachedridae,Batrachedra,NA,1,6/21/2017,HickoryBottoms,A,6/7/2017,79,Pool
6212017HBPoolA2,OTU1085,GS,98.9,BOLD:ACZ3313,Animalia,Arthropoda,Insecta,Coleoptera,Ptilodactylidae,Ptilodactyla,Ptilodactyla carinata,1,6/21/2017,HickoryBottoms,A,6/7/2017,79,Pool
6212017HBPoolA2,OTU1092,US,0.9967,BOLD:ACO6848,Animalia,Arthropoda,Insecta,Hymenoptera,NA,NA,NA,3,6/21/2017,HickoryBottoms,A,6/7/2017,79,Pool
6212017HBPoolA2,OTU1097,GS,97.2,BOLD:AAN5451,Animalia,Arthropoda,Arachnida,Araneae,Araneidae,Eustala,NA,29,6/21/2017,HickoryBottoms,A,6/7/2017,79,Pool
6212017HBPoolA2,OTU1296,GS,97.2,BOLD:AAD2334,Animalia,Arthropoda,Insecta,Lepidoptera,Tineidae,Acrolophus,Acrolophus hasbroucki,64,6/21/2017,HickoryBottoms,A,6/7/2017,79,Pool
6212017HBPoolA2,OTU1317,SS,0.01,BOLD:AAN5451,Animalia,Arthropoda,Arachnida,Araneae,Araneidae,Eustala,NA,4,6/21/2017,HickoryBottoms,A,6/7/2017,79,Pool
6212017HBPoolA2,OTU1350,GS,97.2,BOLD:AAA7067,Animalia,Arthropoda,Insecta,Diptera,Culicidae,Aedes,Aedes vexans,70,6/21/2017,HickoryBottoms,A,6/7/2017,79,Pool
6212017HBPoolA2,OTU1351,SS,0.94,BOLD:AAB7030,Animalia,Arthropoda,Insecta,Diptera,Chironomidae,Chironomus,Chironomus decorus,140,6/21/2017,HickoryBottoms,A,6/7/2017,79,Pool
6212017HBPoolA2,OTU1642,GS,99.4,BOLD:AAB5246,Animalia,Arthropoda,Insecta,Lepidoptera,Erebidae,Ledaea,Ledaea perditalis,3,6/21/2017,HickoryBottoms,A,6/7/2017,79,Pool
6212017HBPoolA2,OTU1796,GS,97.2,BOLD:AAB4915,Animalia,Arthropoda,Insecta,Lepidoptera,Tortricidae,Episimus,Episimus argutana,271,6/21/2017,HickoryBottoms,A,6/7/2017,79,Pool
6212017HBPoolA3,OTU5,GS,99.4,BOLD:AAN5451,Animalia,Arthropoda,Arachnida,Araneae,Araneidae,Eustala,NA,2777,6/21/2017,HickoryBottoms,A,6/7/2017,79,Pool
6212017HBPoolA3,OTU7,GS,100,BOLD:AAF4632,Animalia,Arthropoda,Insecta,Diptera,Limoniidae,Epiphragma,Epiphragma solatrix,5408,6/21/2017,HickoryBottoms,A,6/7/2017,79,Pool
6212017HBPoolA3,OTU10,GS,100,BOLD:ACF3057,Animalia,Arthropoda,Insecta,Lepidoptera,Tineidae,Acrolophus,Acrolophus mortipennella,26111,6/21/2017,HickoryBottoms,A,6/7/2017,79,Pool
6212017HBPoolA3,OTU16,GS,100,BOLD:AAA7067,Animalia,Arthropoda,Insecta,Diptera,Culicidae,Aedes,Aedes vexans,954,6/21/2017,HickoryBottoms,A,6/7/2017,79,Pool
6212017HBPoolA3,OTU21,GS,100,BOLD:ACR3763,Animalia,Arthropoda,Insecta,Coleoptera,Ptilodactylidae,Ptilodactyla,Ptilodactyla serricollis,12596,6/21/2017,HickoryBottoms,A,6/7/2017,79,Pool
6212017HBPoolA3,OTU25,GS,100,BOLD:ACF0083,Animalia,Arthropoda,Insecta,Diptera,Tabanidae,Tabanus,Tabanus similis,4811,6/21/2017,HickoryBottoms,A,6/7/2017,79,Pool
6212017HBPoolA3,OTU26,GS,98.8,BOLD:ACM8443,Animalia,Arthropoda,Insecta,Diptera,Tabanidae,Hybomitra,Hybomitra epistates,7276,6/21/2017,HickoryBottoms,A,6/7/2017,79,Pool
6212017HBPoolA3,OTU35,GS,100,BOLD:ABW4215,Animalia,Arthropoda,Insecta,Diptera,Chironomidae,Glyptotendipes,Glyptotendipes meridionalis,1773,6/21/2017,HickoryBottoms,A,6/7/2017,79,Pool
6212017HBPoolA3,OTU57,GS,100,BOLD:AAI1618,Animalia,Arthropoda,Insecta,Diptera,Culicidae,Coquillettidia,Coquillettidia perturbans,727,6/21/2017,HickoryBottoms,A,6/7/2017,79,Pool
6212017HBPoolA3,OTU64,US,0.9925,BOLD:AAL8170,Animalia,Arthropoda,Insecta,Hymenoptera,NA,NA,NA,315,6/21/2017,HickoryBottoms,A,6/7/2017,79,Pool
6212017HBPoolA3,OTU67,GS,100,BOLD:AAO3948,Animalia,Arthropoda,Insecta,Diptera,Tipulidae,Nephrotoma,Nephrotoma macrocera,1756,6/21/2017,HickoryBottoms,A,6/7/2017,79,Pool
6212017HBPoolA3,OTU68,GS,100,BOLD:AAB7030,Animalia,Arthropoda,Insecta,Diptera,Chironomidae,Chironomus,Chironomus decorus,1023,6/21/2017,HickoryBottoms,A,6/7/2017,79,Pool
6212017HBPoolA3,OTU70,GS,100,BOLD:ABY9168,Animalia,Arthropoda,Insecta,Lepidoptera,Tortricidae,Clepsis,Clepsis peritana,752,6/21/2017,HickoryBottoms,A,6/7/2017,79,Pool
6212017HBPoolA3,OTU73,GS,100,BOLD:AAD6926,Animalia,Arthropoda,Arachnida,Araneae,Anyphaenidae,Anyphaena,Anyphaena pectorosa,917,6/21/2017,HickoryBottoms,A,6/7/2017,79,Pool
6212017HBPoolA3,OTU89,GS,98.3,BOLD:ABW2415,Animalia,Arthropoda,Insecta,Diptera,Tipulidae,Nephrotoma,Nephrotoma okefenoke,2243,6/21/2017,HickoryBottoms,A,6/7/2017,79,Pool
6212017HBPoolA3,OTU117,GS,100,BOLD:AAH5449,Animalia,Arthropoda,Insecta,Lepidoptera,Tineidae,Acrolophus,Acrolophus propinqua,505,6/21/2017,HickoryBottoms,A,6/7/2017,79,Pool
6212017HBPoolA3,OTU120,GS,100,BOLD:AAV3042,Animalia,Arthropoda,Arachnida,Araneae,Theridiidae,Theridion,Theridion albidum,1987,6/21/2017,HickoryBottoms,A,6/7/2017,79,Pool
6212017HBPoolA3,OTU125,GS,100,BOLD:ACX4440,Animalia,Arthropoda,Insecta,Coleoptera,NA,NA,NA,3069,6/21/2017,HickoryBottoms,A,6/7/2017,79,Pool
6212017HBPoolA3,OTU157,US,0,BOLD:ACJ3184,Animalia,Arthropoda,Insecta,Hymenoptera,NA,NA,NA,472,6/21/2017,HickoryBottoms,A,6/7/2017,79,Pool
6212017HBPoolA3,OTU169,GS,97.2,BOLD:AAO2061,Animalia,Arthropoda,Insecta,Blattodea,Ectobiidae,Parcoblatta,NA,1705,6/21/2017,HickoryBottoms,A,6/7/2017,79,Pool
6212017HBPoolA3,OTU194,GS,100,BOLD:AAA6913,Animalia,Arthropoda,Insecta,Lepidoptera,Noctuidae,Leuconycta,Leuconycta diphteroides,1461,6/21/2017,HickoryBottoms,A,6/7/2017,79,Pool
6212017HBPoolA3,OTU198,GS,99.4,BOLD:ABZ1242,Animalia,Arthropoda,Insecta,Diptera,Chironomidae,NA,NA,766,6/21/2017,HickoryBottoms,A,6/7/2017,79,Pool
6212017HBPoolA3,OTU213,GS,100,BOLD:AAD4936,Animalia,Arthropoda,Insecta,Lepidoptera,Gracillariidae,Caloptilia,Caloptilia sassafrasella,1577,6/21/2017,HickoryBottoms,A,6/7/2017,79,Pool
6212017HBPoolA3,OTU214,GS,99.4,BOLD:AAW6795,Animalia,Arthropoda,Insecta,Diptera,NA,NA,NA,957,6/21/2017,HickoryBottoms,A,6/7/2017,79,Pool
6212017HBPoolA3,OTU268,US,0.9963,BOLD:ACT8457,Animalia,Arthropoda,Insecta,Hymenoptera,NA,NA,NA,539,6/21/2017,HickoryBottoms,A,6/7/2017,79,Pool
6212017HBPoolA3,OTU286,SS,0.11,BOLD:ACU9193,Animalia,Arthropoda,Insecta,Diptera,NA,NA,NA,823,6/21/2017,HickoryBottoms,A,6/7/2017,79,Pool
6212017HBPoolA3,OTU317,GS,99.4,BOLD:ACA8818,Animalia,Arthropoda,Insecta,Hemiptera,Derbidae,Patara,Patara vanduzeei,62,6/21/2017,HickoryBottoms,A,6/7/2017,79,Pool
6212017HBPoolA3,OTU401,GS,100,BOLD:AAH3229,Animalia,Arthropoda,Insecta,Psocodea,Dasydemellidae,Teliapsocus,NA,644,6/21/2017,HickoryBottoms,A,6/7/2017,79,Pool
6212017HBPoolA3,OTU453,GS,100,BOLD:AAD1238,Animalia,Arthropoda,Insecta,Hemiptera,Aphididae,Schizaphis,Schizaphis scirpicola,557,6/21/2017,HickoryBottoms,A,6/7/2017,79,Pool
6212017HBPoolA3,OTU455,GS,98.9,BOLD:AAG5456,Animalia,Arthropoda,Insecta,Diptera,Chironomidae,Cryptochironomus,NA,705,6/21/2017,HickoryBottoms,A,6/7/2017,79,Pool
6212017HBPoolA3,OTU490,GS,99.4,BOLD:AAA7232,Animalia,Arthropoda,Arachnida,Araneae,Lycosidae,Schizocosa,Schizocosa ocreata,261,6/21/2017,HickoryBottoms,A,6/7/2017,79,Pool
6212017HBPoolA3,OTU636,GS,99.4,BOLD:AAM6230,Animalia,Arthropoda,Insecta,Diptera,Chironomidae,Chironomus,NA,123,6/21/2017,HickoryBottoms,A,6/7/2017,79,Pool
6212017HBPoolA3,OTU768,GS,98.9,BOLD:ABW6163,Animalia,Arthropoda,Insecta,Coleoptera,Cerambycidae,NA,NA,192,6/21/2017,HickoryBottoms,A,6/7/2017,79,Pool
6212017HBPoolA3,OTU822,GS,97.8,BOLD:ACU1440,Animalia,Arthropoda,Insecta,Blattodea,Ectobiidae,Parcoblatta,Parcoblatta lata,47,6/21/2017,HickoryBottoms,A,6/7/2017,79,Pool
6212017HBPoolA3,OTU872,GS,98.9,BOLD:AAJ2419,Animalia,Arthropoda,Insecta,Hymenoptera,Braconidae,Aleiodes,Aleiodes albitibia,110,6/21/2017,HickoryBottoms,A,6/7/2017,79,Pool
6212017HBPoolA3,OTU900,GS,100,BOLD:AAN6333,Animalia,Arthropoda,Arachnida,Araneae,Theridiidae,Theridion,Theridion albidum,1,6/21/2017,HickoryBottoms,A,6/7/2017,79,Pool
6212017HBPoolA3,OTU1085,GS,98.9,BOLD:ACZ3313,Animalia,Arthropoda,Insecta,Coleoptera,Ptilodactylidae,Ptilodactyla,Ptilodactyla carinata,1,6/21/2017,HickoryBottoms,A,6/7/2017,79,Pool
6212017HBPoolA3,OTU1097,GS,97.2,BOLD:AAN5451,Animalia,Arthropoda,Arachnida,Araneae,Araneidae,Eustala,NA,22,6/21/2017,HickoryBottoms,A,6/7/2017,79,Pool
6212017HBPoolA3,OTU1172,SS,0.83,BOLD:AAD6926,Animalia,Arthropoda,Arachnida,Araneae,Anyphaenidae,Anyphaena,Anyphaena pectorosa,2,6/21/2017,HickoryBottoms,A,6/7/2017,79,Pool
6212017HBPoolA3,OTU1210,GS,97.2,BOLD:AAF4632,Animalia,Arthropoda,Insecta,Diptera,Limoniidae,Epiphragma,Epiphragma solatrix,101,6/21/2017,HickoryBottoms,A,6/7/2017,79,Pool
6212017HBPoolA3,OTU1265,SS,0.83,BOLD:AAF4632,Animalia,Arthropoda,Insecta,Diptera,Limoniidae,Epiphragma,Epiphragma solatrix,7,6/21/2017,HickoryBottoms,A,6/7/2017,79,Pool
6212017HBPoolA3,OTU1291,GS,98.9,BOLD:AAB8467,Animalia,Arthropoda,Insecta,Lepidoptera,Erebidae,Phalaenostola,Phalaenostola eumelusalis,1,6/21/2017,HickoryBottoms,A,6/7/2017,79,Pool
6212017HBPoolA3,OTU1296,GS,97.2,BOLD:AAD2334,Animalia,Arthropoda,Insecta,Lepidoptera,Tineidae,Acrolophus,Acrolophus hasbroucki,91,6/21/2017,HickoryBottoms,A,6/7/2017,79,Pool
6212017HBPoolA3,OTU1317,SS,0.01,BOLD:AAN5451,Animalia,Arthropoda,Arachnida,Araneae,Araneidae,Eustala,NA,2,6/21/2017,HickoryBottoms,A,6/7/2017,79,Pool
6212017HBPoolA3,OTU1350,GS,97.2,BOLD:AAA7067,Animalia,Arthropoda,Insecta,Diptera,Culicidae,Aedes,Aedes vexans,9,6/21/2017,HickoryBottoms,A,6/7/2017,79,Pool
6212017HBPoolA3,OTU1351,SS,0.94,BOLD:AAB7030,Animalia,Arthropoda,Insecta,Diptera,Chironomidae,Chironomus,Chironomus decorus,12,6/21/2017,HickoryBottoms,A,6/7/2017,79,Pool
6212017HBPoolA3,OTU1403,SS,0.36,BOLD:ACV0130,Animalia,Arthropoda,Insecta,Diptera,NA,NA,NA,3,6/21/2017,HickoryBottoms,A,6/7/2017,79,Pool
6212017HBPoolA3,OTU1497,SS,0.97,BOLD:AAI1618,Animalia,Arthropoda,Insecta,Diptera,Culicidae,Coquillettidia,Coquillettidia perturbans,16,6/21/2017,HickoryBottoms,A,6/7/2017,79,Pool
6212017HBPoolA3,OTU1513,GS,97.8,BOLD:ACL2801,Animalia,Arthropoda,Insecta,Diptera,Tipulidae,Nephrotoma,Nephrotoma macrocera,47,6/21/2017,HickoryBottoms,A,6/7/2017,79,Pool
6212017HBPoolA3,OTU1683,SS,0.84,BOLD:AAF4632,Animalia,Arthropoda,Insecta,Diptera,Limoniidae,Epiphragma,Epiphragma solatrix,14,6/21/2017,HickoryBottoms,A,6/7/2017,79,Pool
6212017HBPoolA3,OTU1764,US,0.9934,BOLD:ACQ7934,Animalia,Arthropoda,Insecta,Hymenoptera,NA,NA,NA,1,6/21/2017,HickoryBottoms,A,6/7/2017,79,Pool
6212017HBPoolA3,OTU1818,GS,97.9,BOLD:AAF4632,Animalia,Arthropoda,Insecta,Diptera,Limoniidae,Epiphragma,Epiphragma solatrix,2,6/21/2017,HickoryBottoms,A,6/7/2017,79,Pool
6212017HBPoolA3,OTU1878,SS,0.78,BOLD:ABW4215,Animalia,Arthropoda,Insecta,Diptera,NA,NA,NA,37,6/21/2017,HickoryBottoms,A,6/7/2017,79,Pool
6212017HBPoolA4,OTU5,GS,99.4,BOLD:AAN5451,Animalia,Arthropoda,Arachnida,Araneae,Araneidae,Eustala,NA,3211,6/21/2017,HickoryBottoms,A,6/7/2017,79,Pool
6212017HBPoolA4,OTU10,GS,100,BOLD:ACF3057,Animalia,Arthropoda,Insecta,Lepidoptera,Tineidae,Acrolophus,Acrolophus mortipennella,13794,6/21/2017,HickoryBottoms,A,6/7/2017,79,Pool
6212017HBPoolA4,OTU16,GS,100,BOLD:AAA7067,Animalia,Arthropoda,Insecta,Diptera,Culicidae,Aedes,Aedes vexans,1582,6/21/2017,HickoryBottoms,A,6/7/2017,79,Pool
6212017HBPoolA4,OTU21,GS,100,BOLD:ACR3763,Animalia,Arthropoda,Insecta,Coleoptera,Ptilodactylidae,Ptilodactyla,Ptilodactyla serricollis,8758,6/21/2017,HickoryBottoms,A,6/7/2017,79,Pool
6212017HBPoolA4,OTU25,GS,100,BOLD:ACF0083,Animalia,Arthropoda,Insecta,Diptera,Tabanidae,Tabanus,Tabanus similis,2495,6/21/2017,HickoryBottoms,A,6/7/2017,79,Pool
6212017HBPoolA4,OTU26,GS,98.8,BOLD:ACM8443,Animalia,Arthropoda,Insecta,Diptera,Tabanidae,Hybomitra,Hybomitra epistates,10107,6/21/2017,HickoryBottoms,A,6/7/2017,79,Pool
6212017HBPoolA4,OTU51,GS,100,BOLD:AAG1040,Animalia,Arthropoda,Insecta,Lepidoptera,Cosmopterigidae,Perimede,Perimede circitor,592,6/21/2017,HickoryBottoms,A,6/7/2017,79,Pool
6212017HBPoolA4,OTU64,US,0.9925,BOLD:AAL8170,Animalia,Arthropoda,Insecta,Hymenoptera,NA,NA,NA,62,6/21/2017,HickoryBottoms,A,6/7/2017,79,Pool
6212017HBPoolA4,OTU68,GS,100,BOLD:AAB7030,Animalia,Arthropoda,Insecta,Diptera,Chironomidae,Chironomus,Chironomus decorus,344,6/21/2017,HickoryBottoms,A,6/7/2017,79,Pool
6212017HBPoolA4,OTU70,GS,100,BOLD:ABY9168,Animalia,Arthropoda,Insecta,Lepidoptera,Tortricidae,Clepsis,Clepsis peritana,795,6/21/2017,HickoryBottoms,A,6/7/2017,79,Pool
6212017HBPoolA4,OTU73,GS,100,BOLD:AAD6926,Animalia,Arthropoda,Arachnida,Araneae,Anyphaenidae,Anyphaena,Anyphaena pectorosa,1151,6/21/2017,HickoryBottoms,A,6/7/2017,79,Pool
6212017HBPoolA4,OTU100,US,0,BOLD:ACD6759,Animalia,Arthropoda,Insecta,Hymenoptera,NA,NA,NA,1168,6/21/2017,HickoryBottoms,A,6/7/2017,79,Pool
6212017HBPoolA4,OTU117,GS,100,BOLD:AAH5449,Animalia,Arthropoda,Insecta,Lepidoptera,Tineidae,Acrolophus,Acrolophus propinqua,372,6/21/2017,HickoryBottoms,A,6/7/2017,79,Pool
6212017HBPoolA4,OTU157,US,0,BOLD:ACJ3184,Animalia,Arthropoda,Insecta,Hymenoptera,NA,NA,NA,1759,6/21/2017,HickoryBottoms,A,6/7/2017,79,Pool
6212017HBPoolA4,OTU218,GS,100,BOLD:AAA4274,Animalia,Arthropoda,Insecta,Lepidoptera,Tineidae,Acrolophus,Acrolophus texanella,1421,6/21/2017,HickoryBottoms,A,6/7/2017,79,Pool
6212017HBPoolA4,OTU262,GS,100,BOLD:AAD0306,Animalia,Arthropoda,Insecta,Lepidoptera,Crambidae,Elophila,Elophila tinealis,771,6/21/2017,HickoryBottoms,A,6/7/2017,79,Pool
6212017HBPoolA4,OTU275,GS,100,BOLD:AAA5695,Animalia,Arthropoda,Insecta,Trichoptera,Hydropsychidae,Cheumatopsyche,Cheumatopsyche analis,456,6/21/2017,HickoryBottoms,A,6/7/2017,79,Pool
6212017HBPoolA4,OTU286,SS,0.11,BOLD:ACU9193,Animalia,Arthropoda,Insecta,Diptera,NA,NA,NA,1298,6/21/2017,HickoryBottoms,A,6/7/2017,79,Pool
6212017HBPoolA4,OTU338,GS,100,BOLD:AAH4681,Animalia,Arthropoda,Insecta,Lepidoptera,Autostichidae,Oegoconia,Oegoconia novimundi,1112,6/21/2017,HickoryBottoms,A,6/7/2017,79,Pool
6212017HBPoolA4,OTU341,GS,98.3,BOLD:AAB4915,Animalia,Arthropoda,Insecta,Lepidoptera,Tortricidae,Episimus,Episimus argutana,261,6/21/2017,HickoryBottoms,A,6/7/2017,79,Pool
6212017HBPoolA4,OTU376,GS,100,BOLD:AAD2441,Animalia,Arthropoda,Insecta,Lepidoptera,Saturniidae,Syssphinx,Syssphinx bicolor,122,6/21/2017,HickoryBottoms,A,6/7/2017,79,Pool
6212017HBPoolA4,OTU393,US,0,BOLD:ACO3092,Animalia,Arthropoda,Insecta,Hymenoptera,NA,NA,NA,729,6/21/2017,HickoryBottoms,A,6/7/2017,79,Pool
6212017HBPoolA4,OTU399,GS,100,BOLD:ACF2428,Animalia,Arthropoda,Insecta,Lepidoptera,Tineidae,Acrolophus,Acrolophus texanella,925,6/21/2017,HickoryBottoms,A,6/7/2017,79,Pool
6212017HBPoolA4,OTU442,GS,97.2,BOLD:ABU6554,Animalia,Arthropoda,Insecta,Diptera,NA,NA,NA,479,6/21/2017,HickoryBottoms,A,6/7/2017,79,Pool
6212017HBPoolA4,OTU445,GS,100,BOLD:AAF3325,Animalia,Arthropoda,Insecta,Lepidoptera,Psychidae,Kearfottia,Kearfottia albifasciella,931,6/21/2017,HickoryBottoms,A,6/7/2017,79,Pool
6212017HBPoolA4,OTU500,GS,99.4,BOLD:AAG8583,Animalia,Arthropoda,Insecta,Lepidoptera,Blastobasidae,Pigritia,Pigritia fidella,87,6/21/2017,HickoryBottoms,A,6/7/2017,79,Pool
6212017HBPoolA4,OTU524,GS,100,BOLD:AAD2126,Animalia,Arthropoda,Insecta,Lepidoptera,Psychidae,Thyridopteryx,Thyridopteryx ephemeraeformis,385,6/21/2017,HickoryBottoms,A,6/7/2017,79,Pool
6212017HBPoolA4,OTU564,GS,100,BOLD:ABX9086,Animalia,Arthropoda,Insecta,Lepidoptera,Bucculatricidae,Bucculatrix,Bucculatrix solidaginiella,498,6/21/2017,HickoryBottoms,A,6/7/2017,79,Pool
6212017HBPoolA4,OTU615,US,0.9916,BOLD:ACD1227,Animalia,Arthropoda,Insecta,Hymenoptera,NA,NA,NA,273,6/21/2017,HickoryBottoms,A,6/7/2017,79,Pool
6212017HBPoolA4,OTU663,GS,97.2,BOLD:ACR0212,Animalia,Arthropoda,Insecta,Hymenoptera,Perilampidae,Perilampus,Perilampus aeneus,327,6/21/2017,HickoryBottoms,A,6/7/2017,79,Pool
6212017HBPoolA4,OTU783,GS,98.9,BOLD:ABW9917,Animalia,Arthropoda,Insecta,Coleoptera,Cantharidae,NA,NA,1,6/21/2017,HickoryBottoms,A,6/7/2017,79,Pool
6212017HBPoolA4,OTU787,GS,100,BOLD:AAF7506,Animalia,Arthropoda,Insecta,Hemiptera,Aphididae,Aphis,Aphis illinoisensis,1,6/21/2017,HickoryBottoms,A,6/7/2017,79,Pool
6212017HBPoolA4,OTU835,GS,99.4,BOLD:ACE4186,Animalia,Arthropoda,Insecta,Hemiptera,Aphididae,Ceruraphis,Ceruraphis viburnicola,139,6/21/2017,HickoryBottoms,A,6/7/2017,79,Pool
6212017HBPoolA4,OTU921,GSL,100,BOLD:ABY4768,Animalia,Arthropoda,Insecta,Hemiptera,Aphididae,Uroleucon,NA,46,6/21/2017,HickoryBottoms,A,6/7/2017,79,Pool
6212017HBPoolA4,OTU969,US,0.0093,BOLD:ABW2388,Animalia,Arthropoda,Insecta,Coleoptera,NA,NA,NA,91,6/21/2017,HickoryBottoms,A,6/7/2017,79,Pool
6212017HBPoolA4,OTU1092,US,0.9967,BOLD:ACO6848,Animalia,Arthropoda,Insecta,Hymenoptera,NA,NA,NA,9,6/21/2017,HickoryBottoms,A,6/7/2017,79,Pool
6212017HBPoolA4,OTU1097,GS,97.2,BOLD:AAN5451,Animalia,Arthropoda,Arachnida,Araneae,Araneidae,Eustala,NA,37,6/21/2017,HickoryBottoms,A,6/7/2017,79,Pool
6212017HBPoolA4,OTU1172,SS,0.83,BOLD:AAD6926,Animalia,Arthropoda,Arachnida,Araneae,Anyphaenidae,Anyphaena,Anyphaena pectorosa,9,6/21/2017,HickoryBottoms,A,6/7/2017,79,Pool
6212017HBPoolA4,OTU1296,GS,97.2,BOLD:AAD2334,Animalia,Arthropoda,Insecta,Lepidoptera,Tineidae,Acrolophus,Acrolophus hasbroucki,26,6/21/2017,HickoryBottoms,A,6/7/2017,79,Pool
6212017HBPoolA4,OTU1317,SS,0.01,BOLD:AAN5451,Animalia,Arthropoda,Arachnida,Araneae,Araneidae,Eustala,NA,6,6/21/2017,HickoryBottoms,A,6/7/2017,79,Pool
6212017HBPoolA4,OTU1350,GS,97.2,BOLD:AAA7067,Animalia,Arthropoda,Insecta,Diptera,Culicidae,Aedes,Aedes vexans,7,6/21/2017,HickoryBottoms,A,6/7/2017,79,Pool
6212017HBPoolA4,OTU1351,SS,0.94,BOLD:AAB7030,Animalia,Arthropoda,Insecta,Diptera,Chironomidae,Chironomus,Chironomus decorus,22,6/21/2017,HickoryBottoms,A,6/7/2017,79,Pool
6212017HBPoolA4,OTU1434,GS,97.6,BOLD:AAA7067,Animalia,Arthropoda,Insecta,Diptera,Culicidae,Aedes,Aedes vexans,2,6/21/2017,HickoryBottoms,A,6/7/2017,79,Pool
6212017HBPoolA4,OTU1796,GS,97.2,BOLD:AAB4915,Animalia,Arthropoda,Insecta,Lepidoptera,Tortricidae,Episimus,Episimus argutana,37,6/21/2017,HickoryBottoms,A,6/7/2017,79,Pool
6212017HBPoolB1,OTU5,GS,99.4,BOLD:AAN5451,Animalia,Arthropoda,Arachnida,Araneae,Araneidae,Eustala,NA,633,6/21/2017,HickoryBottoms,B,6/7/2017,108,Pool
6212017HBPoolB1,OTU10,GS,100,BOLD:ACF3057,Animalia,Arthropoda,Insecta,Lepidoptera,Tineidae,Acrolophus,Acrolophus mortipennella,4770,6/21/2017,HickoryBottoms,B,6/7/2017,108,Pool
6212017HBPoolB1,OTU21,GS,100,BOLD:ACR3763,Animalia,Arthropoda,Insecta,Coleoptera,Ptilodactylidae,Ptilodactyla,Ptilodactyla serricollis,5751,6/21/2017,HickoryBottoms,B,6/7/2017,108,Pool
6212017HBPoolB1,OTU25,GS,100,BOLD:ACF0083,Animalia,Arthropoda,Insecta,Diptera,Tabanidae,Tabanus,Tabanus similis,485,6/21/2017,HickoryBottoms,B,6/7/2017,108,Pool
6212017HBPoolB1,OTU26,GS,98.8,BOLD:ACM8443,Animalia,Arthropoda,Insecta,Diptera,Tabanidae,Hybomitra,Hybomitra epistates,1883,6/21/2017,HickoryBottoms,B,6/7/2017,108,Pool
6212017HBPoolB1,OTU29,US,0,BOLD:ADD1431,Animalia,Arthropoda,Arachnida,Trombidiformes,NA,NA,NA,495,6/21/2017,HickoryBottoms,B,6/7/2017,108,Pool
6212017HBPoolB1,OTU57,GS,100,BOLD:AAI1618,Animalia,Arthropoda,Insecta,Diptera,Culicidae,Coquillettidia,Coquillettidia perturbans,373,6/21/2017,HickoryBottoms,B,6/7/2017,108,Pool
6212017HBPoolB1,OTU64,US,0.9925,BOLD:AAL8170,Animalia,Arthropoda,Insecta,Hymenoptera,NA,NA,NA,399,6/21/2017,HickoryBottoms,B,6/7/2017,108,Pool
6212017HBPoolB1,OTU68,GS,100,BOLD:AAB7030,Animalia,Arthropoda,Insecta,Diptera,Chironomidae,Chironomus,Chironomus decorus,922,6/21/2017,HickoryBottoms,B,6/7/2017,108,Pool
6212017HBPoolB1,OTU100,US,0,BOLD:ACD6759,Animalia,Arthropoda,Insecta,Hymenoptera,NA,NA,NA,489,6/21/2017,HickoryBottoms,B,6/7/2017,108,Pool
6212017HBPoolB1,OTU114,US,0.9963,BOLD:AAG1452,Animalia,Arthropoda,Insecta,Diptera,NA,NA,NA,2063,6/21/2017,HickoryBottoms,B,6/7/2017,108,Pool
6212017HBPoolB1,OTU116,GS,100,BOLD:AAG0758,Animalia,Arthropoda,Insecta,Coleoptera,Pyrochroidae,Dendroides,Dendroides canadensis,310,6/21/2017,HickoryBottoms,B,6/7/2017,108,Pool
6212017HBPoolB1,OTU120,GS,100,BOLD:AAV3042,Animalia,Arthropoda,Arachnida,Araneae,Theridiidae,Theridion,Theridion albidum,356,6/21/2017,HickoryBottoms,B,6/7/2017,108,Pool
6212017HBPoolB1,OTU125,GS,100,BOLD:ACX4440,Animalia,Arthropoda,Insecta,Coleoptera,NA,NA,NA,1494,6/21/2017,HickoryBottoms,B,6/7/2017,108,Pool
6212017HBPoolB1,OTU133,US,0,BOLD:AAH1180,Animalia,Arthropoda,Insecta,Hemiptera,NA,NA,NA,81,6/21/2017,HickoryBottoms,B,6/7/2017,108,Pool
6212017HBPoolB1,OTU144,GS,100,BOLD:AAN6304,Animalia,Arthropoda,Arachnida,Araneae,Araneidae,Araneus,Araneus guttulatus,1675,6/21/2017,HickoryBottoms,B,6/7/2017,108,Pool
6212017HBPoolB1,OTU214,GS,99.4,BOLD:AAW6795,Animalia,Arthropoda,Insecta,Diptera,NA,NA,NA,266,6/21/2017,HickoryBottoms,B,6/7/2017,108,Pool
6212017HBPoolB1,OTU215,GS,100,BOLD:AAA2490,Animalia,Arthropoda,Insecta,Lepidoptera,Crambidae,Palpita,Palpita magniferalis,158,6/21/2017,HickoryBottoms,B,6/7/2017,108,Pool
6212017HBPoolB1,OTU243,US,0,BOLD:ACB3149,Animalia,Arthropoda,Branchiopoda,Diplostraca,NA,NA,NA,89,6/21/2017,HickoryBottoms,B,6/7/2017,108,Pool
6212017HBPoolB1,OTU290,GS,100,BOLD:AAE4427,Animalia,Arthropoda,Insecta,Lepidoptera,Tineidae,Xylesthia,Xylesthia pruniramiella,177,6/21/2017,HickoryBottoms,B,6/7/2017,108,Pool
6212017HBPoolB1,OTU335,GS,99.4,BOLD:AAM6295,Animalia,Arthropoda,Insecta,Diptera,Chaoboridae,NA,NA,448,6/21/2017,HickoryBottoms,B,6/7/2017,108,Pool
6212017HBPoolB1,OTU342,GS,99.4,BOLD:AAI1931,Animalia,Arthropoda,Insecta,Lepidoptera,Blastobasidae,Holcocera,Holcocera chalcofrontella,90,6/21/2017,HickoryBottoms,B,6/7/2017,108,Pool
6212017HBPoolB1,OTU372,GS,100,BOLD:AAC0182,Animalia,Arthropoda,Insecta,Lepidoptera,Tineidae,Niditinea,Niditinea orleansella,599,6/21/2017,HickoryBottoms,B,6/7/2017,108,Pool
6212017HBPoolB1,OTU414,GS,100,BOLD:AAZ2915,Animalia,Arthropoda,Insecta,Coleoptera,Carabidae,Micratopus,Micratopus aenescens,87,6/21/2017,HickoryBottoms,B,6/7/2017,108,Pool
6212017HBPoolB1,OTU415,GS,100,BOLD:AAP8030,Animalia,Arthropoda,Insecta,Lepidoptera,Blastobasidae,Blastobasis,NA,351,6/21/2017,HickoryBottoms,B,6/7/2017,108,Pool
6212017HBPoolB1,OTU426,GS,98.9,BOLD:ABX4602,Animalia,Arthropoda,Insecta,Blattodea,Ectobiidae,NA,NA,177,6/21/2017,HickoryBottoms,B,6/7/2017,108,Pool
6212017HBPoolB1,OTU532,GS,100,BOLD:AAF9306,Animalia,Arthropoda,Insecta,Diptera,Psychodidae,Psychoda,Psychoda alternata,123,6/21/2017,HickoryBottoms,B,6/7/2017,108,Pool
6212017HBPoolB1,OTU534,GS,98.3,BOLD:ACB1583,Animalia,Arthropoda,Insecta,Hymenoptera,Ichneumonidae,Trathala,NA,201,6/21/2017,HickoryBottoms,B,6/7/2017,108,Pool
6212017HBPoolB1,OTU544,GS,100,BOLD:AAI3611,Animalia,Arthropoda,Insecta,Diptera,Syrphidae,Ocyptamus,Ocyptamus fuscipennis,444,6/21/2017,HickoryBottoms,B,6/7/2017,108,Pool
6212017HBPoolB1,OTU545,SS,0.21,BOLD:ACW2147,Animalia,Arthropoda,Arachnida,Araneae,NA,NA,NA,417,6/21/2017,HickoryBottoms,B,6/7/2017,108,Pool
6212017HBPoolB1,OTU776,US,0.9967,BOLD:AAG0758,Animalia,Arthropoda,Insecta,Diptera,NA,NA,NA,195,6/21/2017,HickoryBottoms,B,6/7/2017,108,Pool
6212017HBPoolB1,OTU789,GS,100,BOLD:ABY8414,Animalia,Arthropoda,Insecta,Hemiptera,Miridae,Agnocoris,Agnocoris pulverulentus,153,6/21/2017,HickoryBottoms,B,6/7/2017,108,Pool
6212017HBPoolB1,OTU796,GS,100,BOLD:AAH4950,Animalia,Arthropoda,Insecta,Lepidoptera,NA,NA,NA,1,6/21/2017,HickoryBottoms,B,6/7/2017,108,Pool
6212017HBPoolB1,OTU822,GS,97.8,BOLD:ACU1440,Animalia,Arthropoda,Insecta,Blattodea,Ectobiidae,Parcoblatta,Parcoblatta lata,39,6/21/2017,HickoryBottoms,B,6/7/2017,108,Pool
6212017HBPoolB1,OTU1085,GS,98.9,BOLD:ACZ3313,Animalia,Arthropoda,Insecta,Coleoptera,Ptilodactylidae,Ptilodactyla,Ptilodactyla carinata,2,6/21/2017,HickoryBottoms,B,6/7/2017,108,Pool
6212017HBPoolB1,OTU1256,US,3e-04,BOLD:AAB0964,Animalia,Arthropoda,Insecta,Mecoptera,NA,NA,NA,1,6/21/2017,HickoryBottoms,B,6/7/2017,108,Pool
6212017HBPoolB1,OTU1296,GS,97.2,BOLD:AAD2334,Animalia,Arthropoda,Insecta,Lepidoptera,Tineidae,Acrolophus,Acrolophus hasbroucki,25,6/21/2017,HickoryBottoms,B,6/7/2017,108,Pool
6212017HBPoolB1,OTU1351,SS,0.94,BOLD:AAB7030,Animalia,Arthropoda,Insecta,Diptera,Chironomidae,Chironomus,Chironomus decorus,47,6/21/2017,HickoryBottoms,B,6/7/2017,108,Pool
6212017HBPoolB1,OTU1412,US,0.9936,BOLD:ADD1431,Animalia,Arthropoda,Insecta,Diptera,NA,NA,NA,18,6/21/2017,HickoryBottoms,B,6/7/2017,108,Pool
6212017HBPoolB1,OTU1554,SS,0.92,BOLD:AAP2734,Animalia,Arthropoda,Insecta,Diptera,Limoniidae,Erioptera,Erioptera parva,6,6/21/2017,HickoryBottoms,B,6/7/2017,108,Pool
6212017HBPoolB1,OTU1764,US,0.9934,BOLD:ACQ7934,Animalia,Arthropoda,Insecta,Hymenoptera,NA,NA,NA,2,6/21/2017,HickoryBottoms,B,6/7/2017,108,Pool
6212017HBPoolB2,OTU3,GS,100,BOLD:AAP2734,Animalia,Arthropoda,Insecta,Diptera,Limoniidae,Erioptera,Erioptera parva,477,6/21/2017,HickoryBottoms,B,6/7/2017,108,Pool
6212017HBPoolB2,OTU5,GS,99.4,BOLD:AAN5451,Animalia,Arthropoda,Arachnida,Araneae,Araneidae,Eustala,NA,2484,6/21/2017,HickoryBottoms,B,6/7/2017,108,Pool
6212017HBPoolB2,OTU10,GS,100,BOLD:ACF3057,Animalia,Arthropoda,Insecta,Lepidoptera,Tineidae,Acrolophus,Acrolophus mortipennella,3962,6/21/2017,HickoryBottoms,B,6/7/2017,108,Pool
6212017HBPoolB2,OTU14,GS,99.4,BOLD:AAO3940,Animalia,Arthropoda,Insecta,Diptera,Limoniidae,Rhipidia,NA,288,6/21/2017,HickoryBottoms,B,6/7/2017,108,Pool
6212017HBPoolB2,OTU21,GS,100,BOLD:ACR3763,Animalia,Arthropoda,Insecta,Coleoptera,Ptilodactylidae,Ptilodactyla,Ptilodactyla serricollis,6055,6/21/2017,HickoryBottoms,B,6/7/2017,108,Pool
6212017HBPoolB2,OTU23,GS,100,BOLD:AAF9008,Animalia,Arthropoda,Insecta,Diptera,Limoniidae,Helius,Helius flavipes,371,6/21/2017,HickoryBottoms,B,6/7/2017,108,Pool
6212017HBPoolB2,OTU25,GS,100,BOLD:ACF0083,Animalia,Arthropoda,Insecta,Diptera,Tabanidae,Tabanus,Tabanus similis,410,6/21/2017,HickoryBottoms,B,6/7/2017,108,Pool
6212017HBPoolB2,OTU31,GS,100,BOLD:AAM6212,Animalia,Arthropoda,Insecta,Diptera,Chironomidae,Axarus,Axarus festivus,170,6/21/2017,HickoryBottoms,B,6/7/2017,108,Pool
6212017HBPoolB2,OTU64,US,0.9925,BOLD:AAL8170,Animalia,Arthropoda,Insecta,Hymenoptera,NA,NA,NA,366,6/21/2017,HickoryBottoms,B,6/7/2017,108,Pool
6212017HBPoolB2,OTU68,GS,100,BOLD:AAB7030,Animalia,Arthropoda,Insecta,Diptera,Chironomidae,Chironomus,Chironomus decorus,300,6/21/2017,HickoryBottoms,B,6/7/2017,108,Pool
6212017HBPoolB2,OTU70,GS,100,BOLD:ABY9168,Animalia,Arthropoda,Insecta,Lepidoptera,Tortricidae,Clepsis,Clepsis peritana,303,6/21/2017,HickoryBottoms,B,6/7/2017,108,Pool
6212017HBPoolB2,OTU100,US,0,BOLD:ACD6759,Animalia,Arthropoda,Insecta,Hymenoptera,NA,NA,NA,493,6/21/2017,HickoryBottoms,B,6/7/2017,108,Pool
6212017HBPoolB2,OTU115,GS,100,BOLD:AAA4942,Animalia,Arthropoda,Arachnida,Araneae,Tetragnathidae,Tetragnatha,Tetragnatha elongata,183,6/21/2017,HickoryBottoms,B,6/7/2017,108,Pool
6212017HBPoolB2,OTU125,GS,100,BOLD:ACX4440,Animalia,Arthropoda,Insecta,Coleoptera,NA,NA,NA,159,6/21/2017,HickoryBottoms,B,6/7/2017,108,Pool
6212017HBPoolB2,OTU129,GS,100,BOLD:AAG2647,Animalia,Arthropoda,Insecta,Diptera,Chaoboridae,Chaoborus,Chaoborus punctipennis,139,6/21/2017,HickoryBottoms,B,6/7/2017,108,Pool
6212017HBPoolB2,OTU182,GS,100,BOLD:ACF4855,Animalia,Arthropoda,Insecta,Lepidoptera,Gelechiidae,Dichomeris,Dichomeris kimballi,38,6/21/2017,HickoryBottoms,B,6/7/2017,108,Pool
6212017HBPoolB2,OTU197,GS,100,BOLD:AAN6380,Animalia,Arthropoda,Arachnida,Araneae,Araneidae,Neoscona,NA,76,6/21/2017,HickoryBottoms,B,6/7/2017,108,Pool
6212017HBPoolB2,OTU214,GS,99.4,BOLD:AAW6795,Animalia,Arthropoda,Insecta,Diptera,NA,NA,NA,365,6/21/2017,HickoryBottoms,B,6/7/2017,108,Pool
6212017HBPoolB2,OTU215,GS,100,BOLD:AAA2490,Animalia,Arthropoda,Insecta,Lepidoptera,Crambidae,Palpita,Palpita magniferalis,94,6/21/2017,HickoryBottoms,B,6/7/2017,108,Pool
6212017HBPoolB2,OTU218,GS,100,BOLD:AAA4274,Animalia,Arthropoda,Insecta,Lepidoptera,Tineidae,Acrolophus,Acrolophus texanella,191,6/21/2017,HickoryBottoms,B,6/7/2017,108,Pool
6212017HBPoolB2,OTU243,US,0,BOLD:ACB3149,Animalia,Arthropoda,Branchiopoda,Diplostraca,NA,NA,NA,1196,6/21/2017,HickoryBottoms,B,6/7/2017,108,Pool
6212017HBPoolB2,OTU244,GS,100,BOLD:AAB1096,Animalia,Arthropoda,Insecta,Lepidoptera,Blastobasidae,Blastobasis,Blastobasis glandulella,101,6/21/2017,HickoryBottoms,B,6/7/2017,108,Pool
6212017HBPoolB2,OTU268,US,0.9963,BOLD:ACT8457,Animalia,Arthropoda,Insecta,Hymenoptera,NA,NA,NA,230,6/21/2017,HickoryBottoms,B,6/7/2017,108,Pool
6212017HBPoolB2,OTU320,US,0,BOLD:ACQ9987,Animalia,Arthropoda,Insecta,Hemiptera,NA,NA,NA,45,6/21/2017,HickoryBottoms,B,6/7/2017,108,Pool
6212017HBPoolB2,OTU372,GS,100,BOLD:AAC0182,Animalia,Arthropoda,Insecta,Lepidoptera,Tineidae,Niditinea,Niditinea orleansella,265,6/21/2017,HickoryBottoms,B,6/7/2017,108,Pool
6212017HBPoolB2,OTU384,GS,99.4,BOLD:AAF9312,Animalia,Arthropoda,Insecta,Diptera,Psychodidae,NA,NA,395,6/21/2017,HickoryBottoms,B,6/7/2017,108,Pool
6212017HBPoolB2,OTU434,GS,100,BOLD:AAU7127,Animalia,Arthropoda,Insecta,Coleoptera,Carabidae,Bembidion,Bembidion affine,279,6/21/2017,HickoryBottoms,B,6/7/2017,108,Pool
6212017HBPoolB2,OTU457,GS,100,BOLD:ABY9153,Animalia,Arthropoda,Insecta,Lepidoptera,Oecophoridae,Epicallima,Epicallima argenticinctella,207,6/21/2017,HickoryBottoms,B,6/7/2017,108,Pool
6212017HBPoolB2,OTU527,GS,100,BOLD:ABX0334,Animalia,Arthropoda,Insecta,Hemiptera,Miridae,Tropidosteptes,Tropidosteptes amoenus,122,6/21/2017,HickoryBottoms,B,6/7/2017,108,Pool
6212017HBPoolB2,OTU576,GS,100,BOLD:AAA5192,Animalia,Arthropoda,Insecta,Lepidoptera,Tortricidae,Platynota,Platynota idaeusalis,21,6/21/2017,HickoryBottoms,B,6/7/2017,108,Pool
6212017HBPoolB2,OTU632,GS,97.8,BOLD:AAG6465,Animalia,Arthropoda,Insecta,Diptera,Ceratopogonidae,NA,NA,55,6/21/2017,HickoryBottoms,B,6/7/2017,108,Pool
6212017HBPoolB2,OTU654,US,0.9967,BOLD:AAU1152,Animalia,Arthropoda,Insecta,Lepidoptera,NA,NA,NA,231,6/21/2017,HickoryBottoms,B,6/7/2017,108,Pool
6212017HBPoolB2,OTU698,GS,99.4,BOLD:ACY2331,Animalia,Arthropoda,Insecta,Diptera,Stratiomyidae,NA,NA,251,6/21/2017,HickoryBottoms,B,6/7/2017,108,Pool
6212017HBPoolB2,OTU726,GS,100,BOLD:AAB7772,Animalia,Arthropoda,Insecta,Lepidoptera,Gelechiidae,Dichomeris,Dichomeris punctipennella,217,6/21/2017,HickoryBottoms,B,6/7/2017,108,Pool
6212017HBPoolB2,OTU728,GS,100,BOLD:ABA6114,Animalia,Arthropoda,Insecta,Hymenoptera,Diapriidae,NA,NA,16,6/21/2017,HickoryBottoms,B,6/7/2017,108,Pool
6212017HBPoolB2,OTU829,GS,99.4,BOLD:AAG6500,Animalia,Arthropoda,Insecta,Diptera,Ceratopogonidae,Atrichopogon,Atrichopogon fusculus,167,6/21/2017,HickoryBottoms,B,6/7/2017,108,Pool
6212017HBPoolB2,OTU839,GS,100,BOLD:AAC0706,Animalia,Arthropoda,Insecta,Diptera,Chironomidae,Dicrotendipes,Dicrotendipes tritomus,116,6/21/2017,HickoryBottoms,B,6/7/2017,108,Pool
6212017HBPoolB2,OTU875,GS,100,BOLD:AAP2599,Animalia,Arthropoda,Insecta,Lepidoptera,NA,NA,NA,90,6/21/2017,HickoryBottoms,B,6/7/2017,108,Pool
6212017HBPoolB2,OTU1016,GS,99.4,BOLD:ABV1452,Animalia,Arthropoda,Insecta,Diptera,Chironomidae,NA,NA,97,6/21/2017,HickoryBottoms,B,6/7/2017,108,Pool
6212017HBPoolB2,OTU1047,GS,99.4,BOLD:ACC8989,Animalia,Arthropoda,Insecta,Lepidoptera,Batrachedridae,Batrachedra,NA,1,6/21/2017,HickoryBottoms,B,6/7/2017,108,Pool
6212017HBPoolB2,OTU1063,US,0,BOLD:ACN5330,Animalia,Arthropoda,Insecta,Hymenoptera,NA,NA,NA,81,6/21/2017,HickoryBottoms,B,6/7/2017,108,Pool
6212017HBPoolB2,OTU1085,GS,98.9,BOLD:ACZ3313,Animalia,Arthropoda,Insecta,Coleoptera,Ptilodactylidae,Ptilodactyla,Ptilodactyla carinata,4,6/21/2017,HickoryBottoms,B,6/7/2017,108,Pool
6212017HBPoolB2,OTU1097,GS,97.2,BOLD:AAN5451,Animalia,Arthropoda,Arachnida,Araneae,Araneidae,Eustala,NA,16,6/21/2017,HickoryBottoms,B,6/7/2017,108,Pool
6212017HBPoolB2,OTU1121,SS,0.15,BOLD:ACY6258,Animalia,Arthropoda,Insecta,Diptera,NA,NA,NA,57,6/21/2017,HickoryBottoms,B,6/7/2017,108,Pool
6212017HBPoolB2,OTU1284,GS,100,BOLD:ACZ2399,Animalia,Arthropoda,Insecta,Coleoptera,Scirtidae,Cyphon,NA,78,6/21/2017,HickoryBottoms,B,6/7/2017,108,Pool
6212017HBPoolB2,OTU1296,GS,97.2,BOLD:AAD2334,Animalia,Arthropoda,Insecta,Lepidoptera,Tineidae,Acrolophus,Acrolophus hasbroucki,8,6/21/2017,HickoryBottoms,B,6/7/2017,108,Pool
6212017HBPoolB2,OTU1351,SS,0.94,BOLD:AAB7030,Animalia,Arthropoda,Insecta,Diptera,Chironomidae,Chironomus,Chironomus decorus,32,6/21/2017,HickoryBottoms,B,6/7/2017,108,Pool
6212017HBPoolB2,OTU1522,SS,0.57,BOLD:AAF9008,Animalia,Arthropoda,Insecta,Diptera,NA,NA,NA,1,6/21/2017,HickoryBottoms,B,6/7/2017,108,Pool
6212017HBPoolB2,OTU1554,SS,0.92,BOLD:AAP2734,Animalia,Arthropoda,Insecta,Diptera,Limoniidae,Erioptera,Erioptera parva,12,6/21/2017,HickoryBottoms,B,6/7/2017,108,Pool
6212017HBPoolB2,OTU1764,US,0.9934,BOLD:ACQ7934,Animalia,Arthropoda,Insecta,Hymenoptera,NA,NA,NA,4,6/21/2017,HickoryBottoms,B,6/7/2017,108,Pool
6212017HBPoolB3,OTU3,GS,100,BOLD:AAP2734,Animalia,Arthropoda,Insecta,Diptera,Limoniidae,Erioptera,Erioptera parva,508,6/21/2017,HickoryBottoms,B,6/7/2017,108,Pool
6212017HBPoolB3,OTU5,GS,99.4,BOLD:AAN5451,Animalia,Arthropoda,Arachnida,Araneae,Araneidae,Eustala,NA,2355,6/21/2017,HickoryBottoms,B,6/7/2017,108,Pool
6212017HBPoolB3,OTU10,GS,100,BOLD:ACF3057,Animalia,Arthropoda,Insecta,Lepidoptera,Tineidae,Acrolophus,Acrolophus mortipennella,2816,6/21/2017,HickoryBottoms,B,6/7/2017,108,Pool
6212017HBPoolB3,OTU14,GS,99.4,BOLD:AAO3940,Animalia,Arthropoda,Insecta,Diptera,Limoniidae,Rhipidia,NA,257,6/21/2017,HickoryBottoms,B,6/7/2017,108,Pool
6212017HBPoolB3,OTU18,GS,100,BOLD:ABY8739,Animalia,Arthropoda,Insecta,Diptera,Tabanidae,NA,NA,1276,6/21/2017,HickoryBottoms,B,6/7/2017,108,Pool
6212017HBPoolB3,OTU21,GS,100,BOLD:ACR3763,Animalia,Arthropoda,Insecta,Coleoptera,Ptilodactylidae,Ptilodactyla,Ptilodactyla serricollis,4196,6/21/2017,HickoryBottoms,B,6/7/2017,108,Pool
6212017HBPoolB3,OTU25,GS,100,BOLD:ACF0083,Animalia,Arthropoda,Insecta,Diptera,Tabanidae,Tabanus,Tabanus similis,1015,6/21/2017,HickoryBottoms,B,6/7/2017,108,Pool
6212017HBPoolB3,OTU26,GS,98.8,BOLD:ACM8443,Animalia,Arthropoda,Insecta,Diptera,Tabanidae,Hybomitra,Hybomitra epistates,3149,6/21/2017,HickoryBottoms,B,6/7/2017,108,Pool
6212017HBPoolB3,OTU57,GS,100,BOLD:AAI1618,Animalia,Arthropoda,Insecta,Diptera,Culicidae,Coquillettidia,Coquillettidia perturbans,123,6/21/2017,HickoryBottoms,B,6/7/2017,108,Pool
6212017HBPoolB3,OTU64,US,0.9925,BOLD:AAL8170,Animalia,Arthropoda,Insecta,Hymenoptera,NA,NA,NA,165,6/21/2017,HickoryBottoms,B,6/7/2017,108,Pool
6212017HBPoolB3,OTU68,GS,100,BOLD:AAB7030,Animalia,Arthropoda,Insecta,Diptera,Chironomidae,Chironomus,Chironomus decorus,125,6/21/2017,HickoryBottoms,B,6/7/2017,108,Pool
6212017HBPoolB3,OTU100,US,0,BOLD:ACD6759,Animalia,Arthropoda,Insecta,Hymenoptera,NA,NA,NA,727,6/21/2017,HickoryBottoms,B,6/7/2017,108,Pool
6212017HBPoolB3,OTU114,US,0.9963,BOLD:AAG1452,Animalia,Arthropoda,Insecta,Diptera,NA,NA,NA,1748,6/21/2017,HickoryBottoms,B,6/7/2017,108,Pool
6212017HBPoolB3,OTU198,GS,99.4,BOLD:ABZ1242,Animalia,Arthropoda,Insecta,Diptera,Chironomidae,NA,NA,375,6/21/2017,HickoryBottoms,B,6/7/2017,108,Pool
6212017HBPoolB3,OTU211,GS,99.4,BOLD:ACA5630,Animalia,Arthropoda,Insecta,Coleoptera,Ptinidae,NA,NA,153,6/21/2017,HickoryBottoms,B,6/7/2017,108,Pool
6212017HBPoolB3,OTU215,GS,100,BOLD:AAA2490,Animalia,Arthropoda,Insecta,Lepidoptera,Crambidae,Palpita,Palpita magniferalis,299,6/21/2017,HickoryBottoms,B,6/7/2017,108,Pool
6212017HBPoolB3,OTU235,GS,100,BOLD:AAG3918,Animalia,Arthropoda,Insecta,Diptera,Chironomidae,Procladius,NA,413,6/21/2017,HickoryBottoms,B,6/7/2017,108,Pool
6212017HBPoolB3,OTU268,US,0.9963,BOLD:ACT8457,Animalia,Arthropoda,Insecta,Hymenoptera,NA,NA,NA,127,6/21/2017,HickoryBottoms,B,6/7/2017,108,Pool
6212017HBPoolB3,OTU280,GS,99.4,BOLD:AAK1435,Animalia,Arthropoda,Insecta,Orthoptera,NA,NA,NA,335,6/21/2017,HickoryBottoms,B,6/7/2017,108,Pool
6212017HBPoolB3,OTU320,US,0,BOLD:ACQ9987,Animalia,Arthropoda,Insecta,Hemiptera,NA,NA,NA,357,6/21/2017,HickoryBottoms,B,6/7/2017,108,Pool
6212017HBPoolB3,OTU342,GS,99.4,BOLD:AAI1931,Animalia,Arthropoda,Insecta,Lepidoptera,Blastobasidae,Holcocera,Holcocera chalcofrontella,95,6/21/2017,HickoryBottoms,B,6/7/2017,108,Pool
6212017HBPoolB3,OTU357,GS,98.9,BOLD:ABX3356,Animalia,Arthropoda,Insecta,Diptera,Chironomidae,Chironomus,NA,238,6/21/2017,HickoryBottoms,B,6/7/2017,108,Pool
6212017HBPoolB3,OTU372,GS,100,BOLD:AAC0182,Animalia,Arthropoda,Insecta,Lepidoptera,Tineidae,Niditinea,Niditinea orleansella,55,6/21/2017,HickoryBottoms,B,6/7/2017,108,Pool
6212017HBPoolB3,OTU384,GS,99.4,BOLD:AAF9312,Animalia,Arthropoda,Insecta,Diptera,Psychodidae,NA,NA,125,6/21/2017,HickoryBottoms,B,6/7/2017,108,Pool
6212017HBPoolB3,OTU414,GS,100,BOLD:AAZ2915,Animalia,Arthropoda,Insecta,Coleoptera,Carabidae,Micratopus,Micratopus aenescens,145,6/21/2017,HickoryBottoms,B,6/7/2017,108,Pool
6212017HBPoolB3,OTU433,GS,99.4,BOLD:AAC5286,Animalia,Arthropoda,Insecta,Lepidoptera,Tineidae,Xylesthia,Xylesthia pruniramiella,304,6/21/2017,HickoryBottoms,B,6/7/2017,108,Pool
6212017HBPoolB3,OTU527,GS,100,BOLD:ABX0334,Animalia,Arthropoda,Insecta,Hemiptera,Miridae,Tropidosteptes,Tropidosteptes amoenus,85,6/21/2017,HickoryBottoms,B,6/7/2017,108,Pool
6212017HBPoolB3,OTU593,GS,100,BOLD:ACN2382,Animalia,Arthropoda,Insecta,Diptera,Chironomidae,Polypedilum,NA,128,6/21/2017,HickoryBottoms,B,6/7/2017,108,Pool
6212017HBPoolB3,OTU607,SS,0.25,BOLD:AAH0187,Animalia,Arthropoda,Insecta,Coleoptera,Cantharidae,Rhagonycha,NA,326,6/21/2017,HickoryBottoms,B,6/7/2017,108,Pool
6212017HBPoolB3,OTU630,GS,100,BOLD:ACC7990,Animalia,Arthropoda,Insecta,Diptera,Chloropidae,NA,NA,306,6/21/2017,HickoryBottoms,B,6/7/2017,108,Pool
6212017HBPoolB3,OTU661,SS,0.27,BOLD:ABV9305,Animalia,Arthropoda,Insecta,Diptera,NA,NA,NA,181,6/21/2017,HickoryBottoms,B,6/7/2017,108,Pool
6212017HBPoolB3,OTU787,GS,100,BOLD:AAF7506,Animalia,Arthropoda,Insecta,Hemiptera,Aphididae,Aphis,Aphis illinoisensis,145,6/21/2017,HickoryBottoms,B,6/7/2017,108,Pool
6212017HBPoolB3,OTU1085,GS,98.9,BOLD:ACZ3313,Animalia,Arthropoda,Insecta,Coleoptera,Ptilodactylidae,Ptilodactyla,Ptilodactyla carinata,2,6/21/2017,HickoryBottoms,B,6/7/2017,108,Pool
6212017HBPoolB3,OTU1092,US,0.9967,BOLD:ACO6848,Animalia,Arthropoda,Insecta,Hymenoptera,NA,NA,NA,2,6/21/2017,HickoryBottoms,B,6/7/2017,108,Pool
6212017HBPoolB3,OTU1097,GS,97.2,BOLD:AAN5451,Animalia,Arthropoda,Arachnida,Araneae,Araneidae,Eustala,NA,29,6/21/2017,HickoryBottoms,B,6/7/2017,108,Pool
6212017HBPoolB3,OTU1121,SS,0.15,BOLD:ACY6258,Animalia,Arthropoda,Insecta,Diptera,NA,NA,NA,3,6/21/2017,HickoryBottoms,B,6/7/2017,108,Pool
6212017HBPoolB3,OTU1204,SS,0.11,BOLD:ABW1302,Animalia,Arthropoda,Insecta,Coleoptera,Ptilodactylidae,Ptilodactyla,NA,52,6/21/2017,HickoryBottoms,B,6/7/2017,108,Pool
6212017HBPoolB3,OTU1256,US,3e-04,BOLD:AAB0964,Animalia,Arthropoda,Insecta,Mecoptera,NA,NA,NA,59,6/21/2017,HickoryBottoms,B,6/7/2017,108,Pool
6212017HBPoolB3,OTU1296,GS,97.2,BOLD:AAD2334,Animalia,Arthropoda,Insecta,Lepidoptera,Tineidae,Acrolophus,Acrolophus hasbroucki,4,6/21/2017,HickoryBottoms,B,6/7/2017,108,Pool
6212017HBPoolB3,OTU1398,US,0.9916,BOLD:ACD6058,Animalia,Arthropoda,Insecta,Hymenoptera,NA,NA,NA,35,6/21/2017,HickoryBottoms,B,6/7/2017,108,Pool
6212017HBPoolB3,OTU1522,SS,0.57,BOLD:AAF9008,Animalia,Arthropoda,Insecta,Diptera,NA,NA,NA,1,6/21/2017,HickoryBottoms,B,6/7/2017,108,Pool
6212017HBPoolB3,OTU1554,SS,0.92,BOLD:AAP2734,Animalia,Arthropoda,Insecta,Diptera,Limoniidae,Erioptera,Erioptera parva,9,6/21/2017,HickoryBottoms,B,6/7/2017,108,Pool
6212017HBPoolB3,OTU1682,US,1,BOLD:ACT2308,Animalia,Arthropoda,Insecta,Hemiptera,NA,NA,NA,21,6/21/2017,HickoryBottoms,B,6/7/2017,108,Pool
6212017HBPoolB3,OTU1764,US,0.9934,BOLD:ACQ7934,Animalia,Arthropoda,Insecta,Hymenoptera,NA,NA,NA,4,6/21/2017,HickoryBottoms,B,6/7/2017,108,Pool
6212017HBPoolB4,OTU3,GS,100,BOLD:AAP2734,Animalia,Arthropoda,Insecta,Diptera,Limoniidae,Erioptera,Erioptera parva,619,6/21/2017,HickoryBottoms,B,6/7/2017,108,Pool
6212017HBPoolB4,OTU4,GS,100,BOLD:AAN5882,Animalia,Arthropoda,Insecta,Diptera,Limoniidae,Erioptera,Erioptera caliptera,425,6/21/2017,HickoryBottoms,B,6/7/2017,108,Pool
6212017HBPoolB4,OTU5,GS,99.4,BOLD:AAN5451,Animalia,Arthropoda,Arachnida,Araneae,Araneidae,Eustala,NA,5611,6/21/2017,HickoryBottoms,B,6/7/2017,108,Pool
6212017HBPoolB4,OTU10,GS,100,BOLD:ACF3057,Animalia,Arthropoda,Insecta,Lepidoptera,Tineidae,Acrolophus,Acrolophus mortipennella,8214,6/21/2017,HickoryBottoms,B,6/7/2017,108,Pool
6212017HBPoolB4,OTU14,GS,99.4,BOLD:AAO3940,Animalia,Arthropoda,Insecta,Diptera,Limoniidae,Rhipidia,NA,726,6/21/2017,HickoryBottoms,B,6/7/2017,108,Pool
6212017HBPoolB4,OTU15,GS,100,BOLD:ABZ0908,Animalia,Arthropoda,Insecta,Diptera,Tipulidae,Nephrotoma,Nephrotoma ferruginea,812,6/21/2017,HickoryBottoms,B,6/7/2017,108,Pool
6212017HBPoolB4,OTU16,GS,100,BOLD:AAA7067,Animalia,Arthropoda,Insecta,Diptera,Culicidae,Aedes,Aedes vexans,1280,6/21/2017,HickoryBottoms,B,6/7/2017,108,Pool
6212017HBPoolB4,OTU21,GS,100,BOLD:ACR3763,Animalia,Arthropoda,Insecta,Coleoptera,Ptilodactylidae,Ptilodactyla,Ptilodactyla serricollis,11488,6/21/2017,HickoryBottoms,B,6/7/2017,108,Pool
6212017HBPoolB4,OTU23,GS,100,BOLD:AAF9008,Animalia,Arthropoda,Insecta,Diptera,Limoniidae,Helius,Helius flavipes,1184,6/21/2017,HickoryBottoms,B,6/7/2017,108,Pool
6212017HBPoolB4,OTU25,GS,100,BOLD:ACF0083,Animalia,Arthropoda,Insecta,Diptera,Tabanidae,Tabanus,Tabanus similis,607,6/21/2017,HickoryBottoms,B,6/7/2017,108,Pool
6212017HBPoolB4,OTU26,GS,98.8,BOLD:ACM8443,Animalia,Arthropoda,Insecta,Diptera,Tabanidae,Hybomitra,Hybomitra epistates,1605,6/21/2017,HickoryBottoms,B,6/7/2017,108,Pool
6212017HBPoolB4,OTU64,US,0.9925,BOLD:AAL8170,Animalia,Arthropoda,Insecta,Hymenoptera,NA,NA,NA,802,6/21/2017,HickoryBottoms,B,6/7/2017,108,Pool
6212017HBPoolB4,OTU65,GS,100,BOLD:AAA1517,Animalia,Arthropoda,Insecta,Lepidoptera,Tortricidae,Choristoneura,Choristoneura rosaceana,526,6/21/2017,HickoryBottoms,B,6/7/2017,108,Pool
6212017HBPoolB4,OTU73,GS,100,BOLD:AAD6926,Animalia,Arthropoda,Arachnida,Araneae,Anyphaenidae,Anyphaena,Anyphaena pectorosa,517,6/21/2017,HickoryBottoms,B,6/7/2017,108,Pool
6212017HBPoolB4,OTU81,US,0,BOLD:ABV3248,Animalia,Arthropoda,Insecta,Diptera,NA,NA,NA,657,6/21/2017,HickoryBottoms,B,6/7/2017,108,Pool
6212017HBPoolB4,OTU89,GS,98.3,BOLD:ABW2415,Animalia,Arthropoda,Insecta,Diptera,Tipulidae,Nephrotoma,Nephrotoma okefenoke,558,6/21/2017,HickoryBottoms,B,6/7/2017,108,Pool
6212017HBPoolB4,OTU100,US,0,BOLD:ACD6759,Animalia,Arthropoda,Insecta,Hymenoptera,NA,NA,NA,729,6/21/2017,HickoryBottoms,B,6/7/2017,108,Pool
6212017HBPoolB4,OTU105,GS,100,BOLD:AAB7936,Animalia,Arthropoda,Insecta,Lepidoptera,Oecophoridae,Inga,Inga sparsiciliella,368,6/21/2017,HickoryBottoms,B,6/7/2017,108,Pool
6212017HBPoolB4,OTU114,US,0.9963,BOLD:AAG1452,Animalia,Arthropoda,Insecta,Diptera,NA,NA,NA,2265,6/21/2017,HickoryBottoms,B,6/7/2017,108,Pool
6212017HBPoolB4,OTU116,GS,100,BOLD:AAG0758,Animalia,Arthropoda,Insecta,Coleoptera,Pyrochroidae,Dendroides,Dendroides canadensis,407,6/21/2017,HickoryBottoms,B,6/7/2017,108,Pool
6212017HBPoolB4,OTU120,GS,100,BOLD:AAV3042,Animalia,Arthropoda,Arachnida,Araneae,Theridiidae,Theridion,Theridion albidum,1403,6/21/2017,HickoryBottoms,B,6/7/2017,108,Pool
6212017HBPoolB4,OTU125,GS,100,BOLD:ACX4440,Animalia,Arthropoda,Insecta,Coleoptera,NA,NA,NA,763,6/21/2017,HickoryBottoms,B,6/7/2017,108,Pool
6212017HBPoolB4,OTU174,GS,97.2,BOLD:AAD2010,Animalia,Arthropoda,Insecta,Lepidoptera,Tineidae,Acrolophus,Acrolophus propinqua,713,6/21/2017,HickoryBottoms,B,6/7/2017,108,Pool
6212017HBPoolB4,OTU211,GS,99.4,BOLD:ACA5630,Animalia,Arthropoda,Insecta,Coleoptera,Ptinidae,NA,NA,1683,6/21/2017,HickoryBottoms,B,6/7/2017,108,Pool
6212017HBPoolB4,OTU215,GS,100,BOLD:AAA2490,Animalia,Arthropoda,Insecta,Lepidoptera,Crambidae,Palpita,Palpita magniferalis,325,6/21/2017,HickoryBottoms,B,6/7/2017,108,Pool
6212017HBPoolB4,OTU218,GS,100,BOLD:AAA4274,Animalia,Arthropoda,Insecta,Lepidoptera,Tineidae,Acrolophus,Acrolophus texanella,230,6/21/2017,HickoryBottoms,B,6/7/2017,108,Pool
6212017HBPoolB4,OTU231,GS,100,BOLD:AAD2590,Animalia,Arthropoda,Insecta,Lepidoptera,Gracillariidae,Caloptilia,Caloptilia packardella,400,6/21/2017,HickoryBottoms,B,6/7/2017,108,Pool
6212017HBPoolB4,OTU235,GS,100,BOLD:AAG3918,Animalia,Arthropoda,Insecta,Diptera,Chironomidae,Procladius,NA,2035,6/21/2017,HickoryBottoms,B,6/7/2017,108,Pool
6212017HBPoolB4,OTU243,US,0,BOLD:ACB3149,Animalia,Arthropoda,Branchiopoda,Diplostraca,NA,NA,NA,578,6/21/2017,HickoryBottoms,B,6/7/2017,108,Pool
6212017HBPoolB4,OTU277,GS,99.4,BOLD:ABX3358,Animalia,Arthropoda,Insecta,Diptera,Chironomidae,NA,NA,1788,6/21/2017,HickoryBottoms,B,6/7/2017,108,Pool
6212017HBPoolB4,OTU290,GS,100,BOLD:AAE4427,Animalia,Arthropoda,Insecta,Lepidoptera,Tineidae,Xylesthia,Xylesthia pruniramiella,548,6/21/2017,HickoryBottoms,B,6/7/2017,108,Pool
6212017HBPoolB4,OTU298,GS,100,BOLD:ACB8970,Animalia,Arthropoda,Insecta,Lepidoptera,Cosmopterigidae,NA,NA,595,6/21/2017,HickoryBottoms,B,6/7/2017,108,Pool
6212017HBPoolB4,OTU302,GS,100,BOLD:AAN6406,Animalia,Arthropoda,Insecta,Diptera,Sphaeroceridae,Opalimosina,Opalimosina mirabilis,1628,6/21/2017,HickoryBottoms,B,6/7/2017,108,Pool
6212017HBPoolB4,OTU303,US,0,BOLD:ACB3149,Animalia,Arthropoda,Branchiopoda,Diplostraca,NA,NA,NA,1331,6/21/2017,HickoryBottoms,B,6/7/2017,108,Pool
6212017HBPoolB4,OTU307,GS,97.2,BOLD:ABW6191,Animalia,Arthropoda,Insecta,Coleoptera,Cerambycidae,NA,NA,1414,6/21/2017,HickoryBottoms,B,6/7/2017,108,Pool
6212017HBPoolB4,OTU317,GS,99.4,BOLD:ACA8818,Animalia,Arthropoda,Insecta,Hemiptera,Derbidae,Patara,Patara vanduzeei,283,6/21/2017,HickoryBottoms,B,6/7/2017,108,Pool
6212017HBPoolB4,OTU318,GS,100,BOLD:AAG7716,Animalia,Arthropoda,Insecta,Hymenoptera,Braconidae,Macrocentrus,NA,723,6/21/2017,HickoryBottoms,B,6/7/2017,108,Pool
6212017HBPoolB4,OTU350,GS,99.4,BOLD:AAL7361,Animalia,Arthropoda,Insecta,Diptera,Chironomidae,Procladius,NA,1160,6/21/2017,HickoryBottoms,B,6/7/2017,108,Pool
6212017HBPoolB4,OTU378,GS,100,BOLD:AAG8597,Animalia,Arthropoda,Insecta,Lepidoptera,NA,NA,NA,230,6/21/2017,HickoryBottoms,B,6/7/2017,108,Pool
6212017HBPoolB4,OTU384,GS,99.4,BOLD:AAF9312,Animalia,Arthropoda,Insecta,Diptera,Psychodidae,NA,NA,527,6/21/2017,HickoryBottoms,B,6/7/2017,108,Pool
6212017HBPoolB4,OTU388,GS,100,BOLD:AAN5315,Animalia,Arthropoda,Insecta,Diptera,Chironomidae,NA,NA,722,6/21/2017,HickoryBottoms,B,6/7/2017,108,Pool
6212017HBPoolB4,OTU414,GS,100,BOLD:AAZ2915,Animalia,Arthropoda,Insecta,Coleoptera,Carabidae,Micratopus,Micratopus aenescens,683,6/21/2017,HickoryBottoms,B,6/7/2017,108,Pool
6212017HBPoolB4,OTU427,GS,97.8,BOLD:AAZ4903,Animalia,Arthropoda,Insecta,Diptera,Pipunculidae,Chalarus,NA,776,6/21/2017,HickoryBottoms,B,6/7/2017,108,Pool
6212017HBPoolB4,OTU429,GS,99.4,BOLD:AAE3644,Animalia,Arthropoda,Insecta,Lepidoptera,Tortricidae,Gretchena,Gretchena concitatricana,755,6/21/2017,HickoryBottoms,B,6/7/2017,108,Pool
6212017HBPoolB4,OTU436,GS,100,BOLD:AAC7431,Animalia,Arthropoda,Insecta,Lepidoptera,Nymphalidae,Asterocampa,Asterocampa clyton,37,6/21/2017,HickoryBottoms,B,6/7/2017,108,Pool
6212017HBPoolB4,OTU440,GS,98.3,BOLD:AAG4950,Animalia,Arthropoda,Insecta,Diptera,Keroplatidae,NA,NA,787,6/21/2017,HickoryBottoms,B,6/7/2017,108,Pool
6212017HBPoolB4,OTU458,GS,100,BOLD:AAB2768,Animalia,Arthropoda,Arachnida,Araneae,Philodromidae,Philodromus,Philodromus rufus,431,6/21/2017,HickoryBottoms,B,6/7/2017,108,Pool
6212017HBPoolB4,OTU472,GS,100,BOLD:AAG3154,Animalia,Arthropoda,Insecta,Diptera,Psychodidae,Psychoda,NA,570,6/21/2017,HickoryBottoms,B,6/7/2017,108,Pool
6212017HBPoolB4,OTU500,GS,99.4,BOLD:AAG8583,Animalia,Arthropoda,Insecta,Lepidoptera,Blastobasidae,Pigritia,Pigritia fidella,527,6/21/2017,HickoryBottoms,B,6/7/2017,108,Pool
6212017HBPoolB4,OTU603,GS,99.4,BOLD:AAO3944,Animalia,Arthropoda,Insecta,Diptera,Limoniidae,Geranomyia,NA,248,6/21/2017,HickoryBottoms,B,6/7/2017,108,Pool
6212017HBPoolB4,OTU624,GS,100,BOLD:AAP4712,Animalia,Arthropoda,Insecta,Diptera,Psychodidae,NA,NA,35,6/21/2017,HickoryBottoms,B,6/7/2017,108,Pool
6212017HBPoolB4,OTU625,GS,98.3,BOLD:AAG7010,Animalia,Arthropoda,Insecta,Diptera,Pyrgotidae,Pyrgota,Pyrgota undata,327,6/21/2017,HickoryBottoms,B,6/7/2017,108,Pool
6212017HBPoolB4,OTU821,GS,99.4,BOLD:AAD9634,Animalia,Arthropoda,Insecta,Lepidoptera,Tineidae,Diachorisia,Diachorisia velatella,165,6/21/2017,HickoryBottoms,B,6/7/2017,108,Pool
6212017HBPoolB4,OTU903,GS,99.4,BOLD:ACP6860,Animalia,Arthropoda,Insecta,Diptera,NA,NA,NA,104,6/21/2017,HickoryBottoms,B,6/7/2017,108,Pool
6212017HBPoolB4,OTU1085,GS,98.9,BOLD:ACZ3313,Animalia,Arthropoda,Insecta,Coleoptera,Ptilodactylidae,Ptilodactyla,Ptilodactyla carinata,1,6/21/2017,HickoryBottoms,B,6/7/2017,108,Pool
6212017HBPoolB4,OTU1092,US,0.9967,BOLD:ACO6848,Animalia,Arthropoda,Insecta,Hymenoptera,NA,NA,NA,1,6/21/2017,HickoryBottoms,B,6/7/2017,108,Pool
6212017HBPoolB4,OTU1097,GS,97.2,BOLD:AAN5451,Animalia,Arthropoda,Arachnida,Araneae,Araneidae,Eustala,NA,65,6/21/2017,HickoryBottoms,B,6/7/2017,108,Pool
6212017HBPoolB4,OTU1172,SS,0.83,BOLD:AAD6926,Animalia,Arthropoda,Arachnida,Araneae,Anyphaenidae,Anyphaena,Anyphaena pectorosa,3,6/21/2017,HickoryBottoms,B,6/7/2017,108,Pool
6212017HBPoolB4,OTU1204,SS,0.11,BOLD:ABW1302,Animalia,Arthropoda,Insecta,Coleoptera,Ptilodactylidae,Ptilodactyla,NA,1,6/21/2017,HickoryBottoms,B,6/7/2017,108,Pool
6212017HBPoolB4,OTU1296,GS,97.2,BOLD:AAD2334,Animalia,Arthropoda,Insecta,Lepidoptera,Tineidae,Acrolophus,Acrolophus hasbroucki,25,6/21/2017,HickoryBottoms,B,6/7/2017,108,Pool
6212017HBPoolB4,OTU1317,SS,0.01,BOLD:AAN5451,Animalia,Arthropoda,Arachnida,Araneae,Araneidae,Eustala,NA,12,6/21/2017,HickoryBottoms,B,6/7/2017,108,Pool
6212017HBPoolB4,OTU1347,US,1,None,Animalia,Arthropoda,Insecta,Coleoptera,NA,NA,NA,40,6/21/2017,HickoryBottoms,B,6/7/2017,108,Pool
6212017HBPoolB4,OTU1554,SS,0.92,BOLD:AAP2734,Animalia,Arthropoda,Insecta,Diptera,Limoniidae,Erioptera,Erioptera parva,51,6/21/2017,HickoryBottoms,B,6/7/2017,108,Pool
6212017HBPoolB4,OTU1642,GS,99.4,BOLD:AAB5246,Animalia,Arthropoda,Insecta,Lepidoptera,Erebidae,Ledaea,Ledaea perditalis,2,6/21/2017,HickoryBottoms,B,6/7/2017,108,Pool
6212017HBPoolB4,OTU1664,SS,0.26,BOLD:AAF9008,Animalia,Arthropoda,Insecta,Diptera,NA,NA,NA,2,6/21/2017,HickoryBottoms,B,6/7/2017,108,Pool
6212017HBPoolB4,OTU1748,SS,0.6,BOLD:ACF8409,Animalia,Arthropoda,Insecta,Diptera,NA,NA,NA,3,6/21/2017,HickoryBottoms,B,6/7/2017,108,Pool
6212017HBPoolB4,OTU1764,US,0.9934,BOLD:ACQ7934,Animalia,Arthropoda,Insecta,Hymenoptera,NA,NA,NA,3,6/21/2017,HickoryBottoms,B,6/7/2017,108,Pool
6212017HBPoolC1,OTU3,GS,100,BOLD:AAP2734,Animalia,Arthropoda,Insecta,Diptera,Limoniidae,Erioptera,Erioptera parva,1602,6/21/2017,HickoryBottoms,C,6/7/2017,94,Pool
6212017HBPoolC1,OTU4,GS,100,BOLD:AAN5882,Animalia,Arthropoda,Insecta,Diptera,Limoniidae,Erioptera,Erioptera caliptera,3093,6/21/2017,HickoryBottoms,C,6/7/2017,94,Pool
6212017HBPoolC1,OTU7,GS,100,BOLD:AAF4632,Animalia,Arthropoda,Insecta,Diptera,Limoniidae,Epiphragma,Epiphragma solatrix,1705,6/21/2017,HickoryBottoms,C,6/7/2017,94,Pool
6212017HBPoolC1,OTU9,US,0.7924,BOLD:AAG8502,Animalia,Arthropoda,Insecta,NA,NA,NA,NA,195,6/21/2017,HickoryBottoms,C,6/7/2017,94,Pool
6212017HBPoolC1,OTU10,GS,100,BOLD:ACF3057,Animalia,Arthropoda,Insecta,Lepidoptera,Tineidae,Acrolophus,Acrolophus mortipennella,607,6/21/2017,HickoryBottoms,C,6/7/2017,94,Pool
6212017HBPoolC1,OTU12,GS,100,BOLD:AAE5173,Animalia,Arthropoda,Insecta,Diptera,Psychodidae,PschodididGC,NA,440,6/21/2017,HickoryBottoms,C,6/7/2017,94,Pool
6212017HBPoolC1,OTU14,GS,99.4,BOLD:AAO3940,Animalia,Arthropoda,Insecta,Diptera,Limoniidae,Rhipidia,NA,3865,6/21/2017,HickoryBottoms,C,6/7/2017,94,Pool
6212017HBPoolC1,OTU15,GS,100,BOLD:ABZ0908,Animalia,Arthropoda,Insecta,Diptera,Tipulidae,Nephrotoma,Nephrotoma ferruginea,266,6/21/2017,HickoryBottoms,C,6/7/2017,94,Pool
6212017HBPoolC1,OTU16,GS,100,BOLD:AAA7067,Animalia,Arthropoda,Insecta,Diptera,Culicidae,Aedes,Aedes vexans,1898,6/21/2017,HickoryBottoms,C,6/7/2017,94,Pool
6212017HBPoolC1,OTU17,GS,100,BOLD:AAB3702,Animalia,Arthropoda,Insecta,Trichoptera,Hydropsychidae,Potamyia,Potamyia flava,255,6/21/2017,HickoryBottoms,C,6/7/2017,94,Pool
6212017HBPoolC1,OTU21,GS,100,BOLD:ACR3763,Animalia,Arthropoda,Insecta,Coleoptera,Ptilodactylidae,Ptilodactyla,Ptilodactyla serricollis,1802,6/21/2017,HickoryBottoms,C,6/7/2017,94,Pool
6212017HBPoolC1,OTU23,GS,100,BOLD:AAF9008,Animalia,Arthropoda,Insecta,Diptera,Limoniidae,Helius,Helius flavipes,507,6/21/2017,HickoryBottoms,C,6/7/2017,94,Pool
6212017HBPoolC1,OTU47,GS,100,BOLD:AAN5881,Animalia,Arthropoda,Insecta,Diptera,Limoniidae,NA,NA,215,6/21/2017,HickoryBottoms,C,6/7/2017,94,Pool
6212017HBPoolC1,OTU65,GS,100,BOLD:AAA1517,Animalia,Arthropoda,Insecta,Lepidoptera,Tortricidae,Choristoneura,Choristoneura rosaceana,76,6/21/2017,HickoryBottoms,C,6/7/2017,94,Pool
6212017HBPoolC1,OTU67,GS,100,BOLD:AAO3948,Animalia,Arthropoda,Insecta,Diptera,Tipulidae,Nephrotoma,Nephrotoma macrocera,36,6/21/2017,HickoryBottoms,C,6/7/2017,94,Pool
6212017HBPoolC1,OTU68,GS,100,BOLD:AAB7030,Animalia,Arthropoda,Insecta,Diptera,Chironomidae,Chironomus,Chironomus decorus,90,6/21/2017,HickoryBottoms,C,6/7/2017,94,Pool
6212017HBPoolC1,OTU71,GSL,100,BOLD:AAA7661,Animalia,Arthropoda,Insecta,Diptera,Culicidae,NA,NA,47,6/21/2017,HickoryBottoms,C,6/7/2017,94,Pool
6212017HBPoolC1,OTU91,GS,99.4,BOLD:AAU8053,Animalia,Arthropoda,Malacostraca,Isopoda,Armadillidiidae,Armadillidium,Armadillidium nasatum,76,6/21/2017,HickoryBottoms,C,6/7/2017,94,Pool
6212017HBPoolC1,OTU114,US,0.9963,BOLD:AAG1452,Animalia,Arthropoda,Insecta,Diptera,NA,NA,NA,238,6/21/2017,HickoryBottoms,C,6/7/2017,94,Pool
6212017HBPoolC1,OTU115,GS,100,BOLD:AAA4942,Animalia,Arthropoda,Arachnida,Araneae,Tetragnathidae,Tetragnatha,Tetragnatha elongata,27,6/21/2017,HickoryBottoms,C,6/7/2017,94,Pool
6212017HBPoolC1,OTU117,GS,100,BOLD:AAH5449,Animalia,Arthropoda,Insecta,Lepidoptera,Tineidae,Acrolophus,Acrolophus propinqua,135,6/21/2017,HickoryBottoms,C,6/7/2017,94,Pool
6212017HBPoolC1,OTU131,US,0.9919,BOLD:AAL9946,Animalia,Arthropoda,Insecta,Diptera,NA,NA,NA,48,6/21/2017,HickoryBottoms,C,6/7/2017,94,Pool
6212017HBPoolC1,OTU141,GS,100,BOLD:ABX6186,Animalia,Arthropoda,Insecta,Diptera,Tipulidae,Nephrotoma,Nephrotoma ferruginea,19,6/21/2017,HickoryBottoms,C,6/7/2017,94,Pool
6212017HBPoolC1,OTU142,GS,100,BOLD:AAH3914,Animalia,Arthropoda,Insecta,Diptera,Sciaridae,Sciara,Sciara humeralis,1814,6/21/2017,HickoryBottoms,C,6/7/2017,94,Pool
6212017HBPoolC1,OTU143,SS,0.21,BOLD:ACW8718,Animalia,Arthropoda,Insecta,Diptera,NA,NA,NA,53,6/21/2017,HickoryBottoms,C,6/7/2017,94,Pool
6212017HBPoolC1,OTU152,GS,100,BOLD:AAA3950,Animalia,Arthropoda,Insecta,Lepidoptera,Tineidae,Acrolophus,Acrolophus plumifrontella,74,6/21/2017,HickoryBottoms,C,6/7/2017,94,Pool
6212017HBPoolC1,OTU154,GS,100,BOLD:AAB0486,Animalia,Arthropoda,Insecta,Lepidoptera,Notodontidae,Heterocampa,Heterocampa obliqua,1403,6/21/2017,HickoryBottoms,C,6/7/2017,94,Pool
6212017HBPoolC1,OTU177,US,0.9934,BOLD:ACS7571,Animalia,Arthropoda,Insecta,Coleoptera,NA,NA,NA,30,6/21/2017,HickoryBottoms,C,6/7/2017,94,Pool
6212017HBPoolC1,OTU182,GS,100,BOLD:ACF4855,Animalia,Arthropoda,Insecta,Lepidoptera,Gelechiidae,Dichomeris,Dichomeris kimballi,40,6/21/2017,HickoryBottoms,C,6/7/2017,94,Pool
6212017HBPoolC1,OTU195,GS,100,BOLD:ABW4424,Animalia,Arthropoda,Insecta,Diptera,Limoniidae,Dicranomyia,NA,49,6/21/2017,HickoryBottoms,C,6/7/2017,94,Pool
6212017HBPoolC1,OTU198,GS,99.4,BOLD:ABZ1242,Animalia,Arthropoda,Insecta,Diptera,Chironomidae,NA,NA,41,6/21/2017,HickoryBottoms,C,6/7/2017,94,Pool
6212017HBPoolC1,OTU200,GS,100,BOLD:AAN8771,Animalia,Arthropoda,Insecta,Diptera,Psychodidae,NA,NA,14,6/21/2017,HickoryBottoms,C,6/7/2017,94,Pool
6212017HBPoolC1,OTU214,GS,99.4,BOLD:AAW6795,Animalia,Arthropoda,Insecta,Diptera,NA,NA,NA,176,6/21/2017,HickoryBottoms,C,6/7/2017,94,Pool
6212017HBPoolC1,OTU215,GS,100,BOLD:AAA2490,Animalia,Arthropoda,Insecta,Lepidoptera,Crambidae,Palpita,Palpita magniferalis,38,6/21/2017,HickoryBottoms,C,6/7/2017,94,Pool
6212017HBPoolC1,OTU218,GS,100,BOLD:AAA4274,Animalia,Arthropoda,Insecta,Lepidoptera,Tineidae,Acrolophus,Acrolophus texanella,171,6/21/2017,HickoryBottoms,C,6/7/2017,94,Pool
6212017HBPoolC1,OTU224,US,0.9934,BOLD:AAV1603,Animalia,Arthropoda,Insecta,Diptera,NA,NA,NA,22,6/21/2017,HickoryBottoms,C,6/7/2017,94,Pool
6212017HBPoolC1,OTU227,GS,99.4,BOLD:AAO3939,Animalia,Arthropoda,Insecta,Diptera,Limoniidae,Dicranomyia,NA,14,6/21/2017,HickoryBottoms,C,6/7/2017,94,Pool
6212017HBPoolC1,OTU231,GS,100,BOLD:AAD2590,Animalia,Arthropoda,Insecta,Lepidoptera,Gracillariidae,Caloptilia,Caloptilia packardella,13,6/21/2017,HickoryBottoms,C,6/7/2017,94,Pool
6212017HBPoolC1,OTU235,GS,100,BOLD:AAG3918,Animalia,Arthropoda,Insecta,Diptera,Chironomidae,Procladius,NA,35,6/21/2017,HickoryBottoms,C,6/7/2017,94,Pool
6212017HBPoolC1,OTU241,US,0.9963,BOLD:AAZ5765,Animalia,Arthropoda,Insecta,Coleoptera,NA,NA,NA,74,6/21/2017,HickoryBottoms,C,6/7/2017,94,Pool
6212017HBPoolC1,OTU257,GS,100,BOLD:AAA5803,Animalia,Arthropoda,Insecta,Hemiptera,Miridae,Lygus,Lygus lineolaris,63,6/21/2017,HickoryBottoms,C,6/7/2017,94,Pool
6212017HBPoolC1,OTU262,GS,100,BOLD:AAD0306,Animalia,Arthropoda,Insecta,Lepidoptera,Crambidae,Elophila,Elophila tinealis,110,6/21/2017,HickoryBottoms,C,6/7/2017,94,Pool
6212017HBPoolC1,OTU268,US,0.9963,BOLD:ACT8457,Animalia,Arthropoda,Insecta,Hymenoptera,NA,NA,NA,6,6/21/2017,HickoryBottoms,C,6/7/2017,94,Pool
6212017HBPoolC1,OTU270,GS,100,BOLD:AAB6541,Animalia,Arthropoda,Insecta,Lepidoptera,Gelechiidae,Coleotechnites,Coleotechnites florae,23,6/21/2017,HickoryBottoms,C,6/7/2017,94,Pool
6212017HBPoolC1,OTU272,GS,100,BOLD:AAJ3819,Animalia,Arthropoda,Insecta,Diptera,Clusiidae,Sobarocephala,Sobarocephala setipes,37,6/21/2017,HickoryBottoms,C,6/7/2017,94,Pool
6212017HBPoolC1,OTU283,GS,100,BOLD:AAZ5968,Animalia,Arthropoda,Insecta,Diptera,Limoniidae,NA,NA,356,6/21/2017,HickoryBottoms,C,6/7/2017,94,Pool
6212017HBPoolC1,OTU287,GS,98.9,BOLD:AAG5457,Animalia,Arthropoda,Insecta,Diptera,Chironomidae,NA,NA,25,6/21/2017,HickoryBottoms,C,6/7/2017,94,Pool
6212017HBPoolC1,OTU290,GS,100,BOLD:AAE4427,Animalia,Arthropoda,Insecta,Lepidoptera,Tineidae,Xylesthia,Xylesthia pruniramiella,13,6/21/2017,HickoryBottoms,C,6/7/2017,94,Pool
6212017HBPoolC1,OTU304,GS,100,BOLD:AAD6122,Animalia,Arthropoda,Insecta,Diptera,NA,NA,NA,17,6/21/2017,HickoryBottoms,C,6/7/2017,94,Pool
6212017HBPoolC1,OTU324,GS,100,BOLD:AAR9127,Animalia,Arthropoda,Insecta,Hemiptera,Tingidae,Corythucha,Corythucha marmorata,376,6/21/2017,HickoryBottoms,C,6/7/2017,94,Pool
6212017HBPoolC1,OTU325,GS,100,BOLD:AAB6013,Animalia,Arthropoda,Insecta,Lepidoptera,Tortricidae,Phaecasiophora,Phaecasiophora confixana,11,6/21/2017,HickoryBottoms,C,6/7/2017,94,Pool
6212017HBPoolC1,OTU335,GS,99.4,BOLD:AAM6295,Animalia,Arthropoda,Insecta,Diptera,Chaoboridae,NA,NA,14,6/21/2017,HickoryBottoms,C,6/7/2017,94,Pool
6212017HBPoolC1,OTU342,GS,99.4,BOLD:AAI1931,Animalia,Arthropoda,Insecta,Lepidoptera,Blastobasidae,Holcocera,Holcocera chalcofrontella,9,6/21/2017,HickoryBottoms,C,6/7/2017,94,Pool
6212017HBPoolC1,OTU357,GS,98.9,BOLD:ABX3356,Animalia,Arthropoda,Insecta,Diptera,Chironomidae,Chironomus,NA,18,6/21/2017,HickoryBottoms,C,6/7/2017,94,Pool
6212017HBPoolC1,OTU373,GS,98.9,BOLD:AAG8953,Animalia,Arthropoda,Insecta,Hemiptera,Cicadellidae,Gyponana,Gyponana amara,179,6/21/2017,HickoryBottoms,C,6/7/2017,94,Pool
6212017HBPoolC1,OTU375,GS,100,BOLD:AAG2878,Animalia,Arthropoda,Insecta,Hemiptera,Cicadellidae,Gyponana,Gyponana extenda,7,6/21/2017,HickoryBottoms,C,6/7/2017,94,Pool
6212017HBPoolC1,OTU376,GS,100,BOLD:AAD2441,Animalia,Arthropoda,Insecta,Lepidoptera,Saturniidae,Syssphinx,Syssphinx bicolor,6,6/21/2017,HickoryBottoms,C,6/7/2017,94,Pool
6212017HBPoolC1,OTU384,GS,99.4,BOLD:AAF9312,Animalia,Arthropoda,Insecta,Diptera,Psychodidae,NA,NA,50,6/21/2017,HickoryBottoms,C,6/7/2017,94,Pool
6212017HBPoolC1,OTU396,SS,0.98,BOLD:AAP2734,Animalia,Arthropoda,Insecta,Diptera,Limoniidae,Erioptera,Erioptera parva,57,6/21/2017,HickoryBottoms,C,6/7/2017,94,Pool
6212017HBPoolC1,OTU409,US,0.9916,BOLD:ACS0084,Animalia,Arthropoda,Insecta,Hemiptera,NA,NA,NA,13,6/21/2017,HickoryBottoms,C,6/7/2017,94,Pool
6212017HBPoolC1,OTU426,GS,98.9,BOLD:ABX4602,Animalia,Arthropoda,Insecta,Blattodea,Ectobiidae,NA,NA,39,6/21/2017,HickoryBottoms,C,6/7/2017,94,Pool
6212017HBPoolC1,OTU431,US,0,BOLD:ABA5252,Animalia,Arthropoda,Insecta,Diptera,NA,NA,NA,14,6/21/2017,HickoryBottoms,C,6/7/2017,94,Pool
6212017HBPoolC1,OTU433,GS,99.4,BOLD:AAC5286,Animalia,Arthropoda,Insecta,Lepidoptera,Tineidae,Xylesthia,Xylesthia pruniramiella,3,6/21/2017,HickoryBottoms,C,6/7/2017,94,Pool
6212017HBPoolC1,OTU434,GS,100,BOLD:AAU7127,Animalia,Arthropoda,Insecta,Coleoptera,Carabidae,Bembidion,Bembidion affine,8,6/21/2017,HickoryBottoms,C,6/7/2017,94,Pool
6212017HBPoolC1,OTU445,GS,100,BOLD:AAF3325,Animalia,Arthropoda,Insecta,Lepidoptera,Psychidae,Kearfottia,Kearfottia albifasciella,6,6/21/2017,HickoryBottoms,C,6/7/2017,94,Pool
6212017HBPoolC1,OTU449,US,0.0049,BOLD:ABA3765,Animalia,Arthropoda,Insecta,Coleoptera,NA,NA,NA,96,6/21/2017,HickoryBottoms,C,6/7/2017,94,Pool
6212017HBPoolC1,OTU486,GS,100,BOLD:ACL3824,Animalia,Arthropoda,Insecta,Diptera,Chironomidae,NA,NA,17,6/21/2017,HickoryBottoms,C,6/7/2017,94,Pool
6212017HBPoolC1,OTU492,GS,97.8,BOLD:AAF5253,Animalia,Arthropoda,Insecta,Lepidoptera,Argyresthiidae,Argyresthia,NA,21,6/21/2017,HickoryBottoms,C,6/7/2017,94,Pool
6212017HBPoolC1,OTU493,GS,99.4,BOLD:ABY7387,Animalia,Arthropoda,Insecta,Lepidoptera,Limacodidae,Lithacodes,Lithacodes fasciola,7,6/21/2017,HickoryBottoms,C,6/7/2017,94,Pool
6212017HBPoolC1,OTU502,SS,0.79,BOLD:AAG0758,Animalia,Arthropoda,Insecta,Coleoptera,NA,NA,NA,16,6/21/2017,HickoryBottoms,C,6/7/2017,94,Pool
6212017HBPoolC1,OTU504,SS,0.79,BOLD:AAG0758,Animalia,Arthropoda,Insecta,Coleoptera,Pyrochroidae,Dendroides,NA,7,6/21/2017,HickoryBottoms,C,6/7/2017,94,Pool
6212017HBPoolC1,OTU518,GS,100,BOLD:AAG7012,Animalia,Arthropoda,Insecta,Diptera,Limoniidae,Geranomyia,NA,114,6/21/2017,HickoryBottoms,C,6/7/2017,94,Pool
6212017HBPoolC1,OTU527,GS,100,BOLD:ABX0334,Animalia,Arthropoda,Insecta,Hemiptera,Miridae,Tropidosteptes,Tropidosteptes amoenus,9,6/21/2017,HickoryBottoms,C,6/7/2017,94,Pool
6212017HBPoolC1,OTU532,GS,100,BOLD:AAF9306,Animalia,Arthropoda,Insecta,Diptera,Psychodidae,Psychoda,Psychoda alternata,3,6/21/2017,HickoryBottoms,C,6/7/2017,94,Pool
6212017HBPoolC1,OTU536,GS,99.4,BOLD:AAG0118,Animalia,Arthropoda,Insecta,Lepidoptera,Lyonetiidae,NA,NA,4,6/21/2017,HickoryBottoms,C,6/7/2017,94,Pool
6212017HBPoolC1,OTU546,GS,100,BOLD:AAB1406,Animalia,Arthropoda,Insecta,Lepidoptera,Erebidae,Estigmene,Estigmene acrea,103,6/21/2017,HickoryBottoms,C,6/7/2017,94,Pool
6212017HBPoolC1,OTU549,GS,100,BOLD:AAM8604,Animalia,Arthropoda,Insecta,Lepidoptera,NA,NA,NA,18,6/21/2017,HickoryBottoms,C,6/7/2017,94,Pool
6212017HBPoolC1,OTU575,GS,98.9,BOLD:ACA7044,Animalia,Arthropoda,Insecta,Hymenoptera,Ichneumonidae,NA,NA,15,6/21/2017,HickoryBottoms,C,6/7/2017,94,Pool
6212017HBPoolC1,OTU580,GS,98.3,BOLD:ABZ0908,Animalia,Arthropoda,Insecta,Diptera,Tipulidae,Nephrotoma,Nephrotoma ferruginea,7,6/21/2017,HickoryBottoms,C,6/7/2017,94,Pool
6212017HBPoolC1,OTU600,SS,0.85,BOLD:AAG0758,Animalia,Arthropoda,Insecta,Coleoptera,Pyrochroidae,Dendroides,Dendroides canadensis,21,6/21/2017,HickoryBottoms,C,6/7/2017,94,Pool
6212017HBPoolC1,OTU603,GS,99.4,BOLD:AAO3944,Animalia,Arthropoda,Insecta,Diptera,Limoniidae,Geranomyia,NA,50,6/21/2017,HickoryBottoms,C,6/7/2017,94,Pool
6212017HBPoolC1,OTU605,GS,100,BOLD:ACE2873,Animalia,Arthropoda,Insecta,Lepidoptera,Erebidae,Hypena,Hypena madefactalis,107,6/21/2017,HickoryBottoms,C,6/7/2017,94,Pool
6212017HBPoolC1,OTU609,GS,100,BOLD:AAG1032,Animalia,Arthropoda,Insecta,Lepidoptera,NA,NA,NA,11,6/21/2017,HickoryBottoms,C,6/7/2017,94,Pool
6212017HBPoolC1,OTU615,US,0.9916,BOLD:ACD1227,Animalia,Arthropoda,Insecta,Hymenoptera,NA,NA,NA,5,6/21/2017,HickoryBottoms,C,6/7/2017,94,Pool
6212017HBPoolC1,OTU624,GS,100,BOLD:AAP4712,Animalia,Arthropoda,Insecta,Diptera,Psychodidae,NA,NA,27,6/21/2017,HickoryBottoms,C,6/7/2017,94,Pool
6212017HBPoolC1,OTU635,GS,97.2,BOLD:AAN5882,Animalia,Arthropoda,Insecta,Diptera,Limoniidae,Erioptera,Erioptera caliptera,84,6/21/2017,HickoryBottoms,C,6/7/2017,94,Pool
6212017HBPoolC1,OTU686,US,0.9919,BOLD:ACT2785,Animalia,Arthropoda,Insecta,Hymenoptera,NA,NA,NA,1,6/21/2017,HickoryBottoms,C,6/7/2017,94,Pool
6212017HBPoolC1,OTU711,GS,100,BOLD:AAG2871,Animalia,Arthropoda,Insecta,Hemiptera,Cicadellidae,Agallia,Agallia constricta,24,6/21/2017,HickoryBottoms,C,6/7/2017,94,Pool
6212017HBPoolC1,OTU715,SS,0.71,BOLD:ABZ0908,Animalia,Arthropoda,Insecta,Diptera,NA,NA,NA,43,6/21/2017,HickoryBottoms,C,6/7/2017,94,Pool
6212017HBPoolC1,OTU718,US,0.7924,BOLD:AAG0758,Animalia,Arthropoda,Insecta,NA,NA,NA,NA,31,6/21/2017,HickoryBottoms,C,6/7/2017,94,Pool
6212017HBPoolC1,OTU746,GS,100,BOLD:AAB7995,Animalia,Arthropoda,Arachnida,Araneae,Tetragnathidae,Tetragnatha,Tetragnatha shoshone,50,6/21/2017,HickoryBottoms,C,6/7/2017,94,Pool
6212017HBPoolC1,OTU760,GS,100,BOLD:AAK1384,Animalia,Arthropoda,Insecta,Diptera,Tabanidae,Tabanus,Tabanus atratus,32,6/21/2017,HickoryBottoms,C,6/7/2017,94,Pool
6212017HBPoolC1,OTU775,SS,0.55,BOLD:AAV3887,Animalia,Arthropoda,Insecta,Diptera,NA,NA,NA,77,6/21/2017,HickoryBottoms,C,6/7/2017,94,Pool
6212017HBPoolC1,OTU822,GS,97.8,BOLD:ACU1440,Animalia,Arthropoda,Insecta,Blattodea,Ectobiidae,Parcoblatta,Parcoblatta lata,7,6/21/2017,HickoryBottoms,C,6/7/2017,94,Pool
6212017HBPoolC1,OTU853,US,0,BOLD:ACP0294,Animalia,Arthropoda,Insecta,Coleoptera,NA,NA,NA,9,6/21/2017,HickoryBottoms,C,6/7/2017,94,Pool
6212017HBPoolC1,OTU859,GS,100,BOLD:AAB6961,Animalia,Arthropoda,Insecta,Lepidoptera,Tortricidae,Larisa,Larisa subsolana,18,6/21/2017,HickoryBottoms,C,6/7/2017,94,Pool
6212017HBPoolC1,OTU907,SS,0.01,BOLD:AAO3940,Animalia,Arthropoda,Insecta,Diptera,Limoniidae,Rhipidia,NA,11,6/21/2017,HickoryBottoms,C,6/7/2017,94,Pool
6212017HBPoolC1,OTU913,US,0,BOLD:ABV3248,Animalia,Arthropoda,Insecta,Diptera,NA,NA,NA,8,6/21/2017,HickoryBottoms,C,6/7/2017,94,Pool
6212017HBPoolC1,OTU924,GS,100,BOLD:AAB1670,Animalia,Arthropoda,Insecta,Lepidoptera,Noctuidae,Marimatha,Marimatha nigrofimbria,9,6/21/2017,HickoryBottoms,C,6/7/2017,94,Pool
6212017HBPoolC1,OTU927,GS,100,BOLD:ACY5387,Animalia,Arthropoda,Insecta,Coleoptera,Staphylinidae,Pella,Pella loricata,34,6/21/2017,HickoryBottoms,C,6/7/2017,94,Pool
6212017HBPoolC1,OTU935,SS,0.01,BOLD:AAO3940,Animalia,Arthropoda,Insecta,Diptera,Limoniidae,Rhipidia,NA,15,6/21/2017,HickoryBottoms,C,6/7/2017,94,Pool
6212017HBPoolC1,OTU956,SS,0.08,BOLD:ACN4095,Animalia,Arthropoda,Insecta,Diptera,NA,NA,NA,4,6/21/2017,HickoryBottoms,C,6/7/2017,94,Pool
6212017HBPoolC1,OTU959,US,9e-04,BOLD:AAG0758,Animalia,Arthropoda,Insecta,Lepidoptera,NA,NA,NA,3,6/21/2017,HickoryBottoms,C,6/7/2017,94,Pool
6212017HBPoolC1,OTU1021,US,0.0017,BOLD:AAG0758,Animalia,Arthropoda,Insecta,Lepidoptera,NA,NA,NA,2,6/21/2017,HickoryBottoms,C,6/7/2017,94,Pool
6212017HBPoolC1,OTU1027,GS,98.3,BOLD:ABZ1212,Animalia,Arthropoda,Insecta,Lepidoptera,Tortricidae,Sparganothis,Sparganothis distincta,20,6/21/2017,HickoryBottoms,C,6/7/2017,94,Pool
6212017HBPoolC1,OTU1057,GS,100,BOLD:AAG8581,Animalia,Arthropoda,Insecta,Lepidoptera,Blastobasidae,Hypatopa,Hypatopa vestaliella,6,6/21/2017,HickoryBottoms,C,6/7/2017,94,Pool
6212017HBPoolC1,OTU1068,GS,99.4,BOLD:AAE3407,Animalia,Arthropoda,Insecta,Blattodea,Ectobiidae,Parcoblatta,Parcoblatta pennsylvanica,21,6/21/2017,HickoryBottoms,C,6/7/2017,94,Pool
6212017HBPoolC1,OTU1093,GS,99.4,BOLD:AAF6867,Animalia,Arthropoda,Insecta,Coleoptera,Elmidae,Dubiraphia,Dubiraphia vittata,24,6/21/2017,HickoryBottoms,C,6/7/2017,94,Pool
6212017HBPoolC1,OTU1100,GS,97,BOLD:AAF9064,Animalia,Arthropoda,Insecta,Diptera,Limoniidae,Elephantomyia,Elephantomyia westwoodi,7,6/21/2017,HickoryBottoms,C,6/7/2017,94,Pool
6212017HBPoolC1,OTU1130,SS,0.64,BOLD:AAN4385,Animalia,Arthropoda,Insecta,Diptera,NA,NA,NA,1,6/21/2017,HickoryBottoms,C,6/7/2017,94,Pool
6212017HBPoolC1,OTU1157,SS,0.35,BOLD:ACX8671,Animalia,Arthropoda,Insecta,Coleoptera,Elateridae,Melanotus,NA,83,6/21/2017,HickoryBottoms,C,6/7/2017,94,Pool
6212017HBPoolC1,OTU1164,SS,0.84,BOLD:AAG0758,Animalia,Arthropoda,Insecta,Coleoptera,Pyrochroidae,Dendroides,Dendroides canadensis,10,6/21/2017,HickoryBottoms,C,6/7/2017,94,Pool
6212017HBPoolC1,OTU1175,GS,100,BOLD:AAC8389,Animalia,Arthropoda,Insecta,Lepidoptera,Erebidae,Parahypenodes,Parahypenodes quadralis,16,6/21/2017,HickoryBottoms,C,6/7/2017,94,Pool
6212017HBPoolC1,OTU1187,US,0.7924,BOLD:ABW7506,Animalia,Arthropoda,Arachnida,NA,NA,NA,NA,36,6/21/2017,HickoryBottoms,C,6/7/2017,94,Pool
6212017HBPoolC1,OTU1202,GS,99.4,BOLD:AAI3613,Animalia,Arthropoda,Insecta,Diptera,Stratiomyidae,Odontomyia,Odontomyia pubescens,16,6/21/2017,HickoryBottoms,C,6/7/2017,94,Pool
6212017HBPoolC1,OTU1210,GS,97.2,BOLD:AAF4632,Animalia,Arthropoda,Insecta,Diptera,Limoniidae,Epiphragma,Epiphragma solatrix,20,6/21/2017,HickoryBottoms,C,6/7/2017,94,Pool
6212017HBPoolC1,OTU1224,GS,100,BOLD:AAU7767,Animalia,Arthropoda,Insecta,Lepidoptera,Cosmopterigidae,Melanocinclis,Melanocinclis lineigera,13,6/21/2017,HickoryBottoms,C,6/7/2017,94,Pool
6212017HBPoolC1,OTU1244,SS,0.81,BOLD:AAN5882,Animalia,Arthropoda,Insecta,Diptera,Limoniidae,Erioptera,Erioptera caliptera,148,6/21/2017,HickoryBottoms,C,6/7/2017,94,Pool
6212017HBPoolC1,OTU1246,GS,99.4,BOLD:AAK9049,Animalia,Arthropoda,Insecta,Lepidoptera,Tineidae,Nemapogon,NA,7,6/21/2017,HickoryBottoms,C,6/7/2017,94,Pool
6212017HBPoolC1,OTU1257,US,0.9546,BOLD:AAG0758,Animalia,Arthropoda,Insecta,Lepidoptera,NA,NA,NA,12,6/21/2017,HickoryBottoms,C,6/7/2017,94,Pool
6212017HBPoolC1,OTU1265,SS,0.83,BOLD:AAF4632,Animalia,Arthropoda,Insecta,Diptera,Limoniidae,Epiphragma,Epiphragma solatrix,7,6/21/2017,HickoryBottoms,C,6/7/2017,94,Pool
6212017HBPoolC1,OTU1292,GS,97.8,BOLD:AAN5882,Animalia,Arthropoda,Insecta,Diptera,Limoniidae,Erioptera,Erioptera caliptera,41,6/21/2017,HickoryBottoms,C,6/7/2017,94,Pool
6212017HBPoolC1,OTU1296,GS,97.2,BOLD:AAD2334,Animalia,Arthropoda,Insecta,Lepidoptera,Tineidae,Acrolophus,Acrolophus hasbroucki,16,6/21/2017,HickoryBottoms,C,6/7/2017,94,Pool
6212017HBPoolC1,OTU1328,SS,0.36,BOLD:AAV4775,Animalia,Arthropoda,Insecta,Coleoptera,Phengodidae,Phengodes,NA,37,6/21/2017,HickoryBottoms,C,6/7/2017,94,Pool
6212017HBPoolC1,OTU1329,US,0.9859,BOLD:ACM2949,Animalia,Arthropoda,Insecta,Lepidoptera,NA,NA,NA,6,6/21/2017,HickoryBottoms,C,6/7/2017,94,Pool
6212017HBPoolC1,OTU1334,GS,100,BOLD:AAP7026,Animalia,Arthropoda,Insecta,Coleoptera,Latridiidae,Melanophthalma,Melanophthalma villosa,43,6/21/2017,HickoryBottoms,C,6/7/2017,94,Pool
6212017HBPoolC1,OTU1350,GS,97.2,BOLD:AAA7067,Animalia,Arthropoda,Insecta,Diptera,Culicidae,Aedes,Aedes vexans,395,6/21/2017,HickoryBottoms,C,6/7/2017,94,Pool
6212017HBPoolC1,OTU1351,SS,0.94,BOLD:AAB7030,Animalia,Arthropoda,Insecta,Diptera,Chironomidae,Chironomus,Chironomus decorus,15,6/21/2017,HickoryBottoms,C,6/7/2017,94,Pool
6212017HBPoolC1,OTU1358,SS,0.75,BOLD:AAG0758,Animalia,Arthropoda,Insecta,Coleoptera,NA,NA,NA,13,6/21/2017,HickoryBottoms,C,6/7/2017,94,Pool
6212017HBPoolC1,OTU1371,GS,100,BOLD:ACB0854,Animalia,Arthropoda,Insecta,Coleoptera,Ptilodactylidae,NA,NA,1,6/21/2017,HickoryBottoms,C,6/7/2017,94,Pool
6212017HBPoolC1,OTU1384,SS,0.76,BOLD:ACP7431,Animalia,Arthropoda,Insecta,NA,NA,NA,NA,162,6/21/2017,HickoryBottoms,C,6/7/2017,94,Pool
6212017HBPoolC1,OTU1386,SS,0.36,BOLD:ACQ9579,Animalia,Arthropoda,Insecta,Diptera,NA,NA,NA,27,6/21/2017,HickoryBottoms,C,6/7/2017,94,Pool
6212017HBPoolC1,OTU1403,SS,0.36,BOLD:ACV0130,Animalia,Arthropoda,Insecta,Diptera,NA,NA,NA,2,6/21/2017,HickoryBottoms,C,6/7/2017,94,Pool
6212017HBPoolC1,OTU1420,SS,0.89,BOLD:AAG0758,Animalia,Arthropoda,Insecta,Coleoptera,Pyrochroidae,Dendroides,Dendroides canadensis,4,6/21/2017,HickoryBottoms,C,6/7/2017,94,Pool
6212017HBPoolC1,OTU1434,GS,97.6,BOLD:AAA7067,Animalia,Arthropoda,Insecta,Diptera,Culicidae,Aedes,Aedes vexans,8,6/21/2017,HickoryBottoms,C,6/7/2017,94,Pool
6212017HBPoolC1,OTU1480,US,0.9249,BOLD:AAN5882,Animalia,Arthropoda,Insecta,Diptera,NA,NA,NA,7,6/21/2017,HickoryBottoms,C,6/7/2017,94,Pool
6212017HBPoolC1,OTU1482,SS,0.87,BOLD:AAF9008,Animalia,Arthropoda,Insecta,Diptera,Limoniidae,Helius,Helius flavipes,7,6/21/2017,HickoryBottoms,C,6/7/2017,94,Pool
6212017HBPoolC1,OTU1494,US,0.8732,BOLD:AAF4632,Animalia,Arthropoda,Insecta,Diptera,NA,NA,NA,4,6/21/2017,HickoryBottoms,C,6/7/2017,94,Pool
6212017HBPoolC1,OTU1504,SS,0.08,BOLD:ACB5181,Animalia,Arthropoda,Insecta,Diptera,NA,NA,NA,112,6/21/2017,HickoryBottoms,C,6/7/2017,94,Pool
6212017HBPoolC1,OTU1513,GS,97.8,BOLD:ACL2801,Animalia,Arthropoda,Insecta,Diptera,Tipulidae,Nephrotoma,Nephrotoma macrocera,1,6/21/2017,HickoryBottoms,C,6/7/2017,94,Pool
6212017HBPoolC1,OTU1528,GS,100,BOLD:AAH4500,Animalia,Arthropoda,Insecta,Lepidoptera,Gelechiidae,Fascista,Fascista cercerisella,12,6/21/2017,HickoryBottoms,C,6/7/2017,94,Pool
6212017HBPoolC1,OTU1538,GS,100,BOLD:AAG1143,Animalia,Arthropoda,Insecta,Lepidoptera,Gracillariidae,Caloptilia,Caloptilia belfragella,19,6/21/2017,HickoryBottoms,C,6/7/2017,94,Pool
6212017HBPoolC1,OTU1554,SS,0.92,BOLD:AAP2734,Animalia,Arthropoda,Insecta,Diptera,Limoniidae,Erioptera,Erioptera parva,174,6/21/2017,HickoryBottoms,C,6/7/2017,94,Pool
6212017HBPoolC1,OTU1581,SS,0.94,BOLD:ACF4855,Animalia,Arthropoda,Insecta,Lepidoptera,Gelechiidae,Dichomeris,Dichomeris kimballi,8,6/21/2017,HickoryBottoms,C,6/7/2017,94,Pool
6212017HBPoolC1,OTU1602,GS,100,BOLD:AAC9649,Animalia,Arthropoda,Insecta,Lepidoptera,Tortricidae,Proteoteras,Proteoteras willingana,32,6/21/2017,HickoryBottoms,C,6/7/2017,94,Pool
6212017HBPoolC1,OTU1640,SS,0.5,BOLD:ADE1548,Animalia,Arthropoda,Insecta,Hymenoptera,NA,NA,NA,3,6/21/2017,HickoryBottoms,C,6/7/2017,94,Pool
6212017HBPoolC1,OTU1648,US,0.8732,BOLD:AAG0758,Animalia,Arthropoda,Insecta,Lepidoptera,NA,NA,NA,2,6/21/2017,HickoryBottoms,C,6/7/2017,94,Pool
6212017HBPoolC1,OTU1683,SS,0.84,BOLD:AAF4632,Animalia,Arthropoda,Insecta,Diptera,Limoniidae,Epiphragma,Epiphragma solatrix,103,6/21/2017,HickoryBottoms,C,6/7/2017,94,Pool
6212017HBPoolC1,OTU1734,GS,100,BOLD:AAH0879,Animalia,Arthropoda,Insecta,Hemiptera,Aphididae,Anoecia,NA,13,6/21/2017,HickoryBottoms,C,6/7/2017,94,Pool
6212017HBPoolC1,OTU1738,SS,0.89,BOLD:AAG0758,Animalia,Arthropoda,Insecta,Coleoptera,Pyrochroidae,Dendroides,Dendroides canadensis,5,6/21/2017,HickoryBottoms,C,6/7/2017,94,Pool
6212017HBPoolC1,OTU1746,GS,97.2,BOLD:ACE9691,Animalia,Arthropoda,Insecta,Hemiptera,Cicadellidae,Gyponana,Gyponana brevita,1,6/21/2017,HickoryBottoms,C,6/7/2017,94,Pool
6212017HBPoolC1,OTU1748,SS,0.6,BOLD:ACF8409,Animalia,Arthropoda,Insecta,Diptera,NA,NA,NA,62,6/21/2017,HickoryBottoms,C,6/7/2017,94,Pool
6212017HBPoolC1,OTU1782,US,0.9249,BOLD:AAO3940,Animalia,Arthropoda,Insecta,Diptera,NA,NA,NA,3,6/21/2017,HickoryBottoms,C,6/7/2017,94,Pool
6212017HBPoolC1,OTU1807,GS,99.4,BOLD:AAE4971,Animalia,Arthropoda,Insecta,Lepidoptera,NA,NA,NA,12,6/21/2017,HickoryBottoms,C,6/7/2017,94,Pool
6212017HBPoolC1,OTU1858,GS,99.4,BOLD:ADH1202,Animalia,Arthropoda,Insecta,Coleoptera,NA,NA,NA,11,6/21/2017,HickoryBottoms,C,6/7/2017,94,Pool
6212017HBPoolC1,OTU1896,US,0.9201,BOLD:AAA0693,Animalia,Arthropoda,Insecta,Lepidoptera,NA,NA,NA,2,6/21/2017,HickoryBottoms,C,6/7/2017,94,Pool
6212017HBPoolC1,OTU1904,GS,100,BOLD:ACV0710,Animalia,Arthropoda,Insecta,Lepidoptera,Tineidae,Homosetia,NA,12,6/21/2017,HickoryBottoms,C,6/7/2017,94,Pool
6212017HBPoolC1,OTU1910,SS,0.87,BOLD:ABZ0908,Animalia,Arthropoda,Insecta,Diptera,Tipulidae,Nephrotoma,Nephrotoma ferruginea,1,6/21/2017,HickoryBottoms,C,6/7/2017,94,Pool
6212017HBPoolC1,OTU1927,GS,100,BOLD:AAB1885,Animalia,Arthropoda,Insecta,Lepidoptera,Tortricidae,Pelochrista,Pelochrista cataclystiana,8,6/21/2017,HickoryBottoms,C,6/7/2017,94,Pool
6212017HBPoolC2,OTU1,US,0.0026,BOLD:AAD6798,Animalia,Arthropoda,Insecta,Diptera,NA,NA,NA,283,6/21/2017,HickoryBottoms,C,6/7/2017,94,Pool
6212017HBPoolC2,OTU3,GS,100,BOLD:AAP2734,Animalia,Arthropoda,Insecta,Diptera,Limoniidae,Erioptera,Erioptera parva,1794,6/21/2017,HickoryBottoms,C,6/7/2017,94,Pool
6212017HBPoolC2,OTU4,GS,100,BOLD:AAN5882,Animalia,Arthropoda,Insecta,Diptera,Limoniidae,Erioptera,Erioptera caliptera,4636,6/21/2017,HickoryBottoms,C,6/7/2017,94,Pool
6212017HBPoolC2,OTU5,GS,99.4,BOLD:AAN5451,Animalia,Arthropoda,Arachnida,Araneae,Araneidae,Eustala,NA,338,6/21/2017,HickoryBottoms,C,6/7/2017,94,Pool
6212017HBPoolC2,OTU7,GS,100,BOLD:AAF4632,Animalia,Arthropoda,Insecta,Diptera,Limoniidae,Epiphragma,Epiphragma solatrix,1567,6/21/2017,HickoryBottoms,C,6/7/2017,94,Pool
6212017HBPoolC2,OTU9,US,0.7924,BOLD:AAG8502,Animalia,Arthropoda,Insecta,NA,NA,NA,NA,375,6/21/2017,HickoryBottoms,C,6/7/2017,94,Pool
6212017HBPoolC2,OTU10,GS,100,BOLD:ACF3057,Animalia,Arthropoda,Insecta,Lepidoptera,Tineidae,Acrolophus,Acrolophus mortipennella,877,6/21/2017,HickoryBottoms,C,6/7/2017,94,Pool
6212017HBPoolC2,OTU12,GS,100,BOLD:AAE5173,Animalia,Arthropoda,Insecta,Diptera,Psychodidae,PschodididGC,NA,533,6/21/2017,HickoryBottoms,C,6/7/2017,94,Pool
6212017HBPoolC2,OTU14,GS,99.4,BOLD:AAO3940,Animalia,Arthropoda,Insecta,Diptera,Limoniidae,Rhipidia,NA,7915,6/21/2017,HickoryBottoms,C,6/7/2017,94,Pool
6212017HBPoolC2,OTU15,GS,100,BOLD:ABZ0908,Animalia,Arthropoda,Insecta,Diptera,Tipulidae,Nephrotoma,Nephrotoma ferruginea,408,6/21/2017,HickoryBottoms,C,6/7/2017,94,Pool
6212017HBPoolC2,OTU16,GS,100,BOLD:AAA7067,Animalia,Arthropoda,Insecta,Diptera,Culicidae,Aedes,Aedes vexans,2946,6/21/2017,HickoryBottoms,C,6/7/2017,94,Pool
6212017HBPoolC2,OTU17,GS,100,BOLD:AAB3702,Animalia,Arthropoda,Insecta,Trichoptera,Hydropsychidae,Potamyia,Potamyia flava,432,6/21/2017,HickoryBottoms,C,6/7/2017,94,Pool
6212017HBPoolC2,OTU21,GS,100,BOLD:ACR3763,Animalia,Arthropoda,Insecta,Coleoptera,Ptilodactylidae,Ptilodactyla,Ptilodactyla serricollis,2555,6/21/2017,HickoryBottoms,C,6/7/2017,94,Pool
6212017HBPoolC2,OTU23,GS,100,BOLD:AAF9008,Animalia,Arthropoda,Insecta,Diptera,Limoniidae,Helius,Helius flavipes,513,6/21/2017,HickoryBottoms,C,6/7/2017,94,Pool
6212017HBPoolC2,OTU25,GS,100,BOLD:ACF0083,Animalia,Arthropoda,Insecta,Diptera,Tabanidae,Tabanus,Tabanus similis,258,6/21/2017,HickoryBottoms,C,6/7/2017,94,Pool
6212017HBPoolC2,OTU26,GS,98.8,BOLD:ACM8443,Animalia,Arthropoda,Insecta,Diptera,Tabanidae,Hybomitra,Hybomitra epistates,51,6/21/2017,HickoryBottoms,C,6/7/2017,94,Pool
6212017HBPoolC2,OTU31,GS,100,BOLD:AAM6212,Animalia,Arthropoda,Insecta,Diptera,Chironomidae,Axarus,Axarus festivus,123,6/21/2017,HickoryBottoms,C,6/7/2017,94,Pool
6212017HBPoolC2,OTU46,GS,100,BOLD:AAP2735,Animalia,Arthropoda,Insecta,Diptera,Limoniidae,NA,NA,160,6/21/2017,HickoryBottoms,C,6/7/2017,94,Pool
6212017HBPoolC2,OTU47,GS,100,BOLD:AAN5881,Animalia,Arthropoda,Insecta,Diptera,Limoniidae,NA,NA,221,6/21/2017,HickoryBottoms,C,6/7/2017,94,Pool
6212017HBPoolC2,OTU57,GS,100,BOLD:AAI1618,Animalia,Arthropoda,Insecta,Diptera,Culicidae,Coquillettidia,Coquillettidia perturbans,158,6/21/2017,HickoryBottoms,C,6/7/2017,94,Pool
6212017HBPoolC2,OTU65,GS,100,BOLD:AAA1517,Animalia,Arthropoda,Insecta,Lepidoptera,Tortricidae,Choristoneura,Choristoneura rosaceana,130,6/21/2017,HickoryBottoms,C,6/7/2017,94,Pool
6212017HBPoolC2,OTU67,GS,100,BOLD:AAO3948,Animalia,Arthropoda,Insecta,Diptera,Tipulidae,Nephrotoma,Nephrotoma macrocera,121,6/21/2017,HickoryBottoms,C,6/7/2017,94,Pool
6212017HBPoolC2,OTU68,GS,100,BOLD:AAB7030,Animalia,Arthropoda,Insecta,Diptera,Chironomidae,Chironomus,Chironomus decorus,161,6/21/2017,HickoryBottoms,C,6/7/2017,94,Pool
6212017HBPoolC2,OTU70,GS,100,BOLD:ABY9168,Animalia,Arthropoda,Insecta,Lepidoptera,Tortricidae,Clepsis,Clepsis peritana,129,6/21/2017,HickoryBottoms,C,6/7/2017,94,Pool
6212017HBPoolC2,OTU73,GS,100,BOLD:AAD6926,Animalia,Arthropoda,Arachnida,Araneae,Anyphaenidae,Anyphaena,Anyphaena pectorosa,66,6/21/2017,HickoryBottoms,C,6/7/2017,94,Pool
6212017HBPoolC2,OTU91,GS,99.4,BOLD:AAU8053,Animalia,Arthropoda,Malacostraca,Isopoda,Armadillidiidae,Armadillidium,Armadillidium nasatum,60,6/21/2017,HickoryBottoms,C,6/7/2017,94,Pool
6212017HBPoolC2,OTU114,US,0.9963,BOLD:AAG1452,Animalia,Arthropoda,Insecta,Diptera,NA,NA,NA,761,6/21/2017,HickoryBottoms,C,6/7/2017,94,Pool
6212017HBPoolC2,OTU115,GS,100,BOLD:AAA4942,Animalia,Arthropoda,Arachnida,Araneae,Tetragnathidae,Tetragnatha,Tetragnatha elongata,76,6/21/2017,HickoryBottoms,C,6/7/2017,94,Pool
6212017HBPoolC2,OTU117,GS,100,BOLD:AAH5449,Animalia,Arthropoda,Insecta,Lepidoptera,Tineidae,Acrolophus,Acrolophus propinqua,140,6/21/2017,HickoryBottoms,C,6/7/2017,94,Pool
6212017HBPoolC2,OTU125,GS,100,BOLD:ACX4440,Animalia,Arthropoda,Insecta,Coleoptera,NA,NA,NA,51,6/21/2017,HickoryBottoms,C,6/7/2017,94,Pool
6212017HBPoolC2,OTU131,US,0.9919,BOLD:AAL9946,Animalia,Arthropoda,Insecta,Diptera,NA,NA,NA,63,6/21/2017,HickoryBottoms,C,6/7/2017,94,Pool
6212017HBPoolC2,OTU136,GS,100,BOLD:AAJ2208,Animalia,Arthropoda,Insecta,Diptera,Limoniidae,Limonia,Limonia immatura,47,6/21/2017,HickoryBottoms,C,6/7/2017,94,Pool
6212017HBPoolC2,OTU141,GS,100,BOLD:ABX6186,Animalia,Arthropoda,Insecta,Diptera,Tipulidae,Nephrotoma,Nephrotoma ferruginea,44,6/21/2017,HickoryBottoms,C,6/7/2017,94,Pool
6212017HBPoolC2,OTU142,GS,100,BOLD:AAH3914,Animalia,Arthropoda,Insecta,Diptera,Sciaridae,Sciara,Sciara humeralis,2701,6/21/2017,HickoryBottoms,C,6/7/2017,94,Pool
6212017HBPoolC2,OTU143,SS,0.21,BOLD:ACW8718,Animalia,Arthropoda,Insecta,Diptera,NA,NA,NA,78,6/21/2017,HickoryBottoms,C,6/7/2017,94,Pool
6212017HBPoolC2,OTU152,GS,100,BOLD:AAA3950,Animalia,Arthropoda,Insecta,Lepidoptera,Tineidae,Acrolophus,Acrolophus plumifrontella,95,6/21/2017,HickoryBottoms,C,6/7/2017,94,Pool
6212017HBPoolC2,OTU154,GS,100,BOLD:AAB0486,Animalia,Arthropoda,Insecta,Lepidoptera,Notodontidae,Heterocampa,Heterocampa obliqua,2818,6/21/2017,HickoryBottoms,C,6/7/2017,94,Pool
6212017HBPoolC2,OTU169,GS,97.2,BOLD:AAO2061,Animalia,Arthropoda,Insecta,Blattodea,Ectobiidae,Parcoblatta,NA,65,6/21/2017,HickoryBottoms,C,6/7/2017,94,Pool
6212017HBPoolC2,OTU174,GS,97.2,BOLD:AAD2010,Animalia,Arthropoda,Insecta,Lepidoptera,Tineidae,Acrolophus,Acrolophus propinqua,27,6/21/2017,HickoryBottoms,C,6/7/2017,94,Pool
6212017HBPoolC2,OTU195,GS,100,BOLD:ABW4424,Animalia,Arthropoda,Insecta,Diptera,Limoniidae,Dicranomyia,NA,75,6/21/2017,HickoryBottoms,C,6/7/2017,94,Pool
6212017HBPoolC2,OTU196,GS,99.4,BOLD:ACE4102,Animalia,Arthropoda,Arachnida,Araneae,Araneidae,Mangora,Mangora placida,31,6/21/2017,HickoryBottoms,C,6/7/2017,94,Pool
6212017HBPoolC2,OTU198,GS,99.4,BOLD:ABZ1242,Animalia,Arthropoda,Insecta,Diptera,Chironomidae,NA,NA,76,6/21/2017,HickoryBottoms,C,6/7/2017,94,Pool
6212017HBPoolC2,OTU200,GS,100,BOLD:AAN8771,Animalia,Arthropoda,Insecta,Diptera,Psychodidae,NA,NA,20,6/21/2017,HickoryBottoms,C,6/7/2017,94,Pool
6212017HBPoolC2,OTU214,GS,99.4,BOLD:AAW6795,Animalia,Arthropoda,Insecta,Diptera,NA,NA,NA,124,6/21/2017,HickoryBottoms,C,6/7/2017,94,Pool
6212017HBPoolC2,OTU218,GS,100,BOLD:AAA4274,Animalia,Arthropoda,Insecta,Lepidoptera,Tineidae,Acrolophus,Acrolophus texanella,193,6/21/2017,HickoryBottoms,C,6/7/2017,94,Pool
6212017HBPoolC2,OTU219,GS,100,BOLD:AAD1855,Animalia,Arthropoda,Insecta,Lepidoptera,Tortricidae,Episimus,Episimus tyrius,18,6/21/2017,HickoryBottoms,C,6/7/2017,94,Pool
6212017HBPoolC2,OTU224,US,0.9934,BOLD:AAV1603,Animalia,Arthropoda,Insecta,Diptera,NA,NA,NA,15,6/21/2017,HickoryBottoms,C,6/7/2017,94,Pool
6212017HBPoolC2,OTU235,GS,100,BOLD:AAG3918,Animalia,Arthropoda,Insecta,Diptera,Chironomidae,Procladius,NA,46,6/21/2017,HickoryBottoms,C,6/7/2017,94,Pool
6212017HBPoolC2,OTU241,US,0.9963,BOLD:AAZ5765,Animalia,Arthropoda,Insecta,Coleoptera,NA,NA,NA,55,6/21/2017,HickoryBottoms,C,6/7/2017,94,Pool
6212017HBPoolC2,OTU257,GS,100,BOLD:AAA5803,Animalia,Arthropoda,Insecta,Hemiptera,Miridae,Lygus,Lygus lineolaris,215,6/21/2017,HickoryBottoms,C,6/7/2017,94,Pool
6212017HBPoolC2,OTU258,GS,100,BOLD:ACA7555,Animalia,Arthropoda,Insecta,Diptera,Chironomidae,NA,NA,9,6/21/2017,HickoryBottoms,C,6/7/2017,94,Pool
6212017HBPoolC2,OTU262,GS,100,BOLD:AAD0306,Animalia,Arthropoda,Insecta,Lepidoptera,Crambidae,Elophila,Elophila tinealis,153,6/21/2017,HickoryBottoms,C,6/7/2017,94,Pool
6212017HBPoolC2,OTU278,GS,100,BOLD:AAB3590,Animalia,Arthropoda,Insecta,Lepidoptera,Gelechiidae,Chionodes,Chionodes discoocellella,17,6/21/2017,HickoryBottoms,C,6/7/2017,94,Pool
6212017HBPoolC2,OTU283,GS,100,BOLD:AAZ5968,Animalia,Arthropoda,Insecta,Diptera,Limoniidae,NA,NA,462,6/21/2017,HickoryBottoms,C,6/7/2017,94,Pool
6212017HBPoolC2,OTU287,GS,98.9,BOLD:AAG5457,Animalia,Arthropoda,Insecta,Diptera,Chironomidae,NA,NA,26,6/21/2017,HickoryBottoms,C,6/7/2017,94,Pool
6212017HBPoolC2,OTU298,GS,100,BOLD:ACB8970,Animalia,Arthropoda,Insecta,Lepidoptera,Cosmopterigidae,NA,NA,25,6/21/2017,HickoryBottoms,C,6/7/2017,94,Pool
6212017HBPoolC2,OTU300,GS,100,BOLD:AAA8310,Animalia,Arthropoda,Insecta,Lepidoptera,Crambidae,Anageshna,Anageshna primordialis,30,6/21/2017,HickoryBottoms,C,6/7/2017,94,Pool
6212017HBPoolC2,OTU302,GS,100,BOLD:AAN6406,Animalia,Arthropoda,Insecta,Diptera,Sphaeroceridae,Opalimosina,Opalimosina mirabilis,25,6/21/2017,HickoryBottoms,C,6/7/2017,94,Pool
6212017HBPoolC2,OTU317,GS,99.4,BOLD:ACA8818,Animalia,Arthropoda,Insecta,Hemiptera,Derbidae,Patara,Patara vanduzeei,42,6/21/2017,HickoryBottoms,C,6/7/2017,94,Pool
6212017HBPoolC2,OTU324,GS,100,BOLD:AAR9127,Animalia,Arthropoda,Insecta,Hemiptera,Tingidae,Corythucha,Corythucha marmorata,369,6/21/2017,HickoryBottoms,C,6/7/2017,94,Pool
6212017HBPoolC2,OTU325,GS,100,BOLD:AAB6013,Animalia,Arthropoda,Insecta,Lepidoptera,Tortricidae,Phaecasiophora,Phaecasiophora confixana,18,6/21/2017,HickoryBottoms,C,6/7/2017,94,Pool
6212017HBPoolC2,OTU335,GS,99.4,BOLD:AAM6295,Animalia,Arthropoda,Insecta,Diptera,Chaoboridae,NA,NA,22,6/21/2017,HickoryBottoms,C,6/7/2017,94,Pool
6212017HBPoolC2,OTU342,GS,99.4,BOLD:AAI1931,Animalia,Arthropoda,Insecta,Lepidoptera,Blastobasidae,Holcocera,Holcocera chalcofrontella,10,6/21/2017,HickoryBottoms,C,6/7/2017,94,Pool
6212017HBPoolC2,OTU373,GS,98.9,BOLD:AAG8953,Animalia,Arthropoda,Insecta,Hemiptera,Cicadellidae,Gyponana,Gyponana amara,422,6/21/2017,HickoryBottoms,C,6/7/2017,94,Pool
6212017HBPoolC2,OTU384,GS,99.4,BOLD:AAF9312,Animalia,Arthropoda,Insecta,Diptera,Psychodidae,NA,NA,123,6/21/2017,HickoryBottoms,C,6/7/2017,94,Pool
6212017HBPoolC2,OTU396,SS,0.98,BOLD:AAP2734,Animalia,Arthropoda,Insecta,Diptera,Limoniidae,Erioptera,Erioptera parva,64,6/21/2017,HickoryBottoms,C,6/7/2017,94,Pool
6212017HBPoolC2,OTU399,GS,100,BOLD:ACF2428,Animalia,Arthropoda,Insecta,Lepidoptera,Tineidae,Acrolophus,Acrolophus texanella,11,6/21/2017,HickoryBottoms,C,6/7/2017,94,Pool
6212017HBPoolC2,OTU406,US,0.9916,BOLD:ACL2991,Animalia,Arthropoda,Insecta,Coleoptera,NA,NA,NA,10,6/21/2017,HickoryBottoms,C,6/7/2017,94,Pool
6212017HBPoolC2,OTU408,GS,100,BOLD:AAA2955,Animalia,Arthropoda,Insecta,Lepidoptera,Tortricidae,Argyrotaenia,Argyrotaenia ljungiana,35,6/21/2017,HickoryBottoms,C,6/7/2017,94,Pool
6212017HBPoolC2,OTU409,US,0.9916,BOLD:ACS0084,Animalia,Arthropoda,Insecta,Hemiptera,NA,NA,NA,8,6/21/2017,HickoryBottoms,C,6/7/2017,94,Pool
6212017HBPoolC2,OTU426,GS,98.9,BOLD:ABX4602,Animalia,Arthropoda,Insecta,Blattodea,Ectobiidae,NA,NA,7,6/21/2017,HickoryBottoms,C,6/7/2017,94,Pool
6212017HBPoolC2,OTU431,US,0,BOLD:ABA5252,Animalia,Arthropoda,Insecta,Diptera,NA,NA,NA,9,6/21/2017,HickoryBottoms,C,6/7/2017,94,Pool
6212017HBPoolC2,OTU433,GS,99.4,BOLD:AAC5286,Animalia,Arthropoda,Insecta,Lepidoptera,Tineidae,Xylesthia,Xylesthia pruniramiella,34,6/21/2017,HickoryBottoms,C,6/7/2017,94,Pool
6212017HBPoolC2,OTU434,GS,100,BOLD:AAU7127,Animalia,Arthropoda,Insecta,Coleoptera,Carabidae,Bembidion,Bembidion affine,14,6/21/2017,HickoryBottoms,C,6/7/2017,94,Pool
6212017HBPoolC2,OTU449,US,0.0049,BOLD:ABA3765,Animalia,Arthropoda,Insecta,Coleoptera,NA,NA,NA,234,6/21/2017,HickoryBottoms,C,6/7/2017,94,Pool
6212017HBPoolC2,OTU465,SS,0.66,BOLD:AAG0758,Animalia,Arthropoda,Insecta,Coleoptera,NA,NA,NA,15,6/21/2017,HickoryBottoms,C,6/7/2017,94,Pool
6212017HBPoolC2,OTU487,GS,100,BOLD:AAJ9298,Animalia,Arthropoda,Insecta,Lepidoptera,Geometridae,Melanolophia,Melanolophia signataria,14,6/21/2017,HickoryBottoms,C,6/7/2017,94,Pool
6212017HBPoolC2,OTU492,GS,97.8,BOLD:AAF5253,Animalia,Arthropoda,Insecta,Lepidoptera,Argyresthiidae,Argyresthia,NA,11,6/21/2017,HickoryBottoms,C,6/7/2017,94,Pool
6212017HBPoolC2,OTU500,GS,99.4,BOLD:AAG8583,Animalia,Arthropoda,Insecta,Lepidoptera,Blastobasidae,Pigritia,Pigritia fidella,21,6/21/2017,HickoryBottoms,C,6/7/2017,94,Pool
6212017HBPoolC2,OTU502,SS,0.79,BOLD:AAG0758,Animalia,Arthropoda,Insecta,Coleoptera,NA,NA,NA,9,6/21/2017,HickoryBottoms,C,6/7/2017,94,Pool
6212017HBPoolC2,OTU518,GS,100,BOLD:AAG7012,Animalia,Arthropoda,Insecta,Diptera,Limoniidae,Geranomyia,NA,221,6/21/2017,HickoryBottoms,C,6/7/2017,94,Pool
6212017HBPoolC2,OTU546,GS,100,BOLD:AAB1406,Animalia,Arthropoda,Insecta,Lepidoptera,Erebidae,Estigmene,Estigmene acrea,257,6/21/2017,HickoryBottoms,C,6/7/2017,94,Pool
6212017HBPoolC2,OTU549,GS,100,BOLD:AAM8604,Animalia,Arthropoda,Insecta,Lepidoptera,NA,NA,NA,14,6/21/2017,HickoryBottoms,C,6/7/2017,94,Pool
6212017HBPoolC2,OTU554,SS,0.58,BOLD:ABY1337,Animalia,Arthropoda,Insecta,Hemiptera,Miridae,NA,NA,53,6/21/2017,HickoryBottoms,C,6/7/2017,94,Pool
6212017HBPoolC2,OTU574,GS,100,BOLD:AAB7238,Animalia,Arthropoda,Insecta,Lepidoptera,Tortricidae,Ancylis,Ancylis platanana,10,6/21/2017,HickoryBottoms,C,6/7/2017,94,Pool
6212017HBPoolC2,OTU575,GS,98.9,BOLD:ACA7044,Animalia,Arthropoda,Insecta,Hymenoptera,Ichneumonidae,NA,NA,48,6/21/2017,HickoryBottoms,C,6/7/2017,94,Pool
6212017HBPoolC2,OTU576,GS,100,BOLD:AAA5192,Animalia,Arthropoda,Insecta,Lepidoptera,Tortricidae,Platynota,Platynota idaeusalis,1,6/21/2017,HickoryBottoms,C,6/7/2017,94,Pool
6212017HBPoolC2,OTU579,SS,0.72,BOLD:AAG0758,Animalia,Arthropoda,Insecta,Coleoptera,NA,NA,NA,4,6/21/2017,HickoryBottoms,C,6/7/2017,94,Pool
6212017HBPoolC2,OTU603,GS,99.4,BOLD:AAO3944,Animalia,Arthropoda,Insecta,Diptera,Limoniidae,Geranomyia,NA,33,6/21/2017,HickoryBottoms,C,6/7/2017,94,Pool
6212017HBPoolC2,OTU605,GS,100,BOLD:ACE2873,Animalia,Arthropoda,Insecta,Lepidoptera,Erebidae,Hypena,Hypena madefactalis,180,6/21/2017,HickoryBottoms,C,6/7/2017,94,Pool
6212017HBPoolC2,OTU607,SS,0.25,BOLD:AAH0187,Animalia,Arthropoda,Insecta,Coleoptera,Cantharidae,Rhagonycha,NA,27,6/21/2017,HickoryBottoms,C,6/7/2017,94,Pool
6212017HBPoolC2,OTU624,GS,100,BOLD:AAP4712,Animalia,Arthropoda,Insecta,Diptera,Psychodidae,NA,NA,20,6/21/2017,HickoryBottoms,C,6/7/2017,94,Pool
6212017HBPoolC2,OTU635,GS,97.2,BOLD:AAN5882,Animalia,Arthropoda,Insecta,Diptera,Limoniidae,Erioptera,Erioptera caliptera,74,6/21/2017,HickoryBottoms,C,6/7/2017,94,Pool
6212017HBPoolC2,OTU637,US,0.9934,BOLD:AAH6851,Animalia,Arthropoda,Insecta,Coleoptera,NA,NA,NA,34,6/21/2017,HickoryBottoms,C,6/7/2017,94,Pool
6212017HBPoolC2,OTU654,US,0.9967,BOLD:AAU1152,Animalia,Arthropoda,Insecta,Lepidoptera,NA,NA,NA,54,6/21/2017,HickoryBottoms,C,6/7/2017,94,Pool
6212017HBPoolC2,OTU670,US,0.9546,BOLD:AAG0758,Animalia,Arthropoda,Insecta,Diptera,NA,NA,NA,34,6/21/2017,HickoryBottoms,C,6/7/2017,94,Pool
6212017HBPoolC2,OTU707,GS,100,BOLD:ACA3244,Animalia,Arthropoda,Insecta,Diptera,Chironomidae,Polypedilum,Polypedilum convictum,16,6/21/2017,HickoryBottoms,C,6/7/2017,94,Pool
6212017HBPoolC2,OTU711,GS,100,BOLD:AAG2871,Animalia,Arthropoda,Insecta,Hemiptera,Cicadellidae,Agallia,Agallia constricta,41,6/21/2017,HickoryBottoms,C,6/7/2017,94,Pool
6212017HBPoolC2,OTU713,GS,99.4,BOLD:AAM7602,Animalia,Arthropoda,Insecta,Coleoptera,Cerambycidae,NA,NA,37,6/21/2017,HickoryBottoms,C,6/7/2017,94,Pool
6212017HBPoolC2,OTU715,SS,0.71,BOLD:ABZ0908,Animalia,Arthropoda,Insecta,Diptera,NA,NA,NA,39,6/21/2017,HickoryBottoms,C,6/7/2017,94,Pool
6212017HBPoolC2,OTU717,GSL,100,BOLD:ABZ7359,Animalia,Arthropoda,Insecta,Lepidoptera,Erebidae,Halysidota,NA,4,6/21/2017,HickoryBottoms,C,6/7/2017,94,Pool
6212017HBPoolC2,OTU720,GS,99.4,BOLD:AAB5347,Animalia,Arthropoda,Insecta,Lepidoptera,Tortricidae,Paralobesia,Paralobesia liriodendrana,11,6/21/2017,HickoryBottoms,C,6/7/2017,94,Pool
6212017HBPoolC2,OTU746,GS,100,BOLD:AAB7995,Animalia,Arthropoda,Arachnida,Araneae,Tetragnathidae,Tetragnatha,Tetragnatha shoshone,48,6/21/2017,HickoryBottoms,C,6/7/2017,94,Pool
6212017HBPoolC2,OTU760,GS,100,BOLD:AAK1384,Animalia,Arthropoda,Insecta,Diptera,Tabanidae,Tabanus,Tabanus atratus,71,6/21/2017,HickoryBottoms,C,6/7/2017,94,Pool
6212017HBPoolC2,OTU764,GS,100,BOLD:AAI2732,Animalia,Arthropoda,Arachnida,Araneae,Lycosidae,Pirata,Pirata alachuus,6,6/21/2017,HickoryBottoms,C,6/7/2017,94,Pool
6212017HBPoolC2,OTU775,SS,0.55,BOLD:AAV3887,Animalia,Arthropoda,Insecta,Diptera,NA,NA,NA,17,6/21/2017,HickoryBottoms,C,6/7/2017,94,Pool
6212017HBPoolC2,OTU785,US,0.9967,BOLD:AAD1848,Animalia,Arthropoda,Insecta,Lepidoptera,NA,NA,NA,176,6/21/2017,HickoryBottoms,C,6/7/2017,94,Pool
6212017HBPoolC2,OTU789,GS,100,BOLD:ABY8414,Animalia,Arthropoda,Insecta,Hemiptera,Miridae,Agnocoris,Agnocoris pulverulentus,4,6/21/2017,HickoryBottoms,C,6/7/2017,94,Pool
6212017HBPoolC2,OTU798,SS,0.6,BOLD:AAO3940,Animalia,Arthropoda,Insecta,Diptera,NA,NA,NA,9,6/21/2017,HickoryBottoms,C,6/7/2017,94,Pool
6212017HBPoolC2,OTU822,GS,97.8,BOLD:ACU1440,Animalia,Arthropoda,Insecta,Blattodea,Ectobiidae,Parcoblatta,Parcoblatta lata,17,6/21/2017,HickoryBottoms,C,6/7/2017,94,Pool
6212017HBPoolC2,OTU853,US,0,BOLD:ACP0294,Animalia,Arthropoda,Insecta,Coleoptera,NA,NA,NA,92,6/21/2017,HickoryBottoms,C,6/7/2017,94,Pool
6212017HBPoolC2,OTU856,GS,99.4,BOLD:AAD3799,Animalia,Arthropoda,Insecta,Lepidoptera,Tineidae,Hybroma,Hybroma servulella,29,6/21/2017,HickoryBottoms,C,6/7/2017,94,Pool
6212017HBPoolC2,OTU857,GS,100,BOLD:AAC9885,Animalia,Arthropoda,Insecta,Lepidoptera,Tortricidae,Acleris,Acleris negundana,6,6/21/2017,HickoryBottoms,C,6/7/2017,94,Pool
6212017HBPoolC2,OTU859,GS,100,BOLD:AAB6961,Animalia,Arthropoda,Insecta,Lepidoptera,Tortricidae,Larisa,Larisa subsolana,4,6/21/2017,HickoryBottoms,C,6/7/2017,94,Pool
6212017HBPoolC2,OTU894,US,0,BOLD:ABA9828,Animalia,Arthropoda,Insecta,Hymenoptera,NA,NA,NA,3,6/21/2017,HickoryBottoms,C,6/7/2017,94,Pool
6212017HBPoolC2,OTU901,GS,99.4,BOLD:AAL7699,Animalia,Arthropoda,Insecta,Hemiptera,Cicadellidae,Osbornellus,NA,17,6/21/2017,HickoryBottoms,C,6/7/2017,94,Pool
6212017HBPoolC2,OTU907,SS,0.01,BOLD:AAO3940,Animalia,Arthropoda,Insecta,Diptera,Limoniidae,Rhipidia,NA,19,6/21/2017,HickoryBottoms,C,6/7/2017,94,Pool
6212017HBPoolC2,OTU913,US,0,BOLD:ABV3248,Animalia,Arthropoda,Insecta,Diptera,NA,NA,NA,31,6/21/2017,HickoryBottoms,C,6/7/2017,94,Pool
6212017HBPoolC2,OTU927,GS,100,BOLD:ACY5387,Animalia,Arthropoda,Insecta,Coleoptera,Staphylinidae,Pella,Pella loricata,29,6/21/2017,HickoryBottoms,C,6/7/2017,94,Pool
6212017HBPoolC2,OTU935,SS,0.01,BOLD:AAO3940,Animalia,Arthropoda,Insecta,Diptera,Limoniidae,Rhipidia,NA,33,6/21/2017,HickoryBottoms,C,6/7/2017,94,Pool
6212017HBPoolC2,OTU956,SS,0.08,BOLD:ACN4095,Animalia,Arthropoda,Insecta,Diptera,NA,NA,NA,23,6/21/2017,HickoryBottoms,C,6/7/2017,94,Pool
6212017HBPoolC2,OTU978,SS,0.71,BOLD:AAG5479,Animalia,Arthropoda,Insecta,Diptera,Chironomidae,NA,NA,13,6/21/2017,HickoryBottoms,C,6/7/2017,94,Pool
6212017HBPoolC2,OTU1027,GS,98.3,BOLD:ABZ1212,Animalia,Arthropoda,Insecta,Lepidoptera,Tortricidae,Sparganothis,Sparganothis distincta,47,6/21/2017,HickoryBottoms,C,6/7/2017,94,Pool
6212017HBPoolC2,OTU1065,GS,100,BOLD:AAL7359,Animalia,Arthropoda,Insecta,Diptera,Chironomidae,Tanytarsus,NA,54,6/21/2017,HickoryBottoms,C,6/7/2017,94,Pool
6212017HBPoolC2,OTU1067,GS,99.4,BOLD:AAD1612,Animalia,Arthropoda,Insecta,Lepidoptera,Tortricidae,Rhyacionia,Rhyacionia frustrana,23,6/21/2017,HickoryBottoms,C,6/7/2017,94,Pool
6212017HBPoolC2,OTU1068,GS,99.4,BOLD:AAE3407,Animalia,Arthropoda,Insecta,Blattodea,Ectobiidae,Parcoblatta,Parcoblatta pennsylvanica,18,6/21/2017,HickoryBottoms,C,6/7/2017,94,Pool
6212017HBPoolC2,OTU1070,GS,99.4,BOLD:AAC0184,Animalia,Arthropoda,Insecta,Lepidoptera,Tineidae,Niditinea,Niditinea orleansella,6,6/21/2017,HickoryBottoms,C,6/7/2017,94,Pool
6212017HBPoolC2,OTU1093,GS,99.4,BOLD:AAF6867,Animalia,Arthropoda,Insecta,Coleoptera,Elmidae,Dubiraphia,Dubiraphia vittata,42,6/21/2017,HickoryBottoms,C,6/7/2017,94,Pool
6212017HBPoolC2,OTU1099,US,5e-04,BOLD:AAG0758,Animalia,Arthropoda,Insecta,Diptera,NA,NA,NA,59,6/21/2017,HickoryBottoms,C,6/7/2017,94,Pool
6212017HBPoolC2,OTU1100,GS,97,BOLD:AAF9064,Animalia,Arthropoda,Insecta,Diptera,Limoniidae,Elephantomyia,Elephantomyia westwoodi,6,6/21/2017,HickoryBottoms,C,6/7/2017,94,Pool
6212017HBPoolC2,OTU1109,GS,100,BOLD:AAF7649,Animalia,Arthropoda,Insecta,Coleoptera,Cerambycidae,Lepturges,Lepturges confluens,2,6/21/2017,HickoryBottoms,C,6/7/2017,94,Pool
6212017HBPoolC2,OTU1149,US,0,BOLD:AAL6252,Animalia,Arthropoda,Insecta,Coleoptera,NA,NA,NA,71,6/21/2017,HickoryBottoms,C,6/7/2017,94,Pool
6212017HBPoolC2,OTU1164,SS,0.84,BOLD:AAG0758,Animalia,Arthropoda,Insecta,Coleoptera,Pyrochroidae,Dendroides,Dendroides canadensis,19,6/21/2017,HickoryBottoms,C,6/7/2017,94,Pool
6212017HBPoolC2,OTU1172,SS,0.83,BOLD:AAD6926,Animalia,Arthropoda,Arachnida,Araneae,Anyphaenidae,Anyphaena,Anyphaena pectorosa,1,6/21/2017,HickoryBottoms,C,6/7/2017,94,Pool
6212017HBPoolC2,OTU1175,GS,100,BOLD:AAC8389,Animalia,Arthropoda,Insecta,Lepidoptera,Erebidae,Parahypenodes,Parahypenodes quadralis,53,6/21/2017,HickoryBottoms,C,6/7/2017,94,Pool
6212017HBPoolC2,OTU1184,GS,100,BOLD:AAK4647,Animalia,Arthropoda,Insecta,Lepidoptera,Gelechiidae,Helcystogramma,Helcystogramma melantherella,29,6/21/2017,HickoryBottoms,C,6/7/2017,94,Pool
6212017HBPoolC2,OTU1202,GS,99.4,BOLD:AAI3613,Animalia,Arthropoda,Insecta,Diptera,Stratiomyidae,Odontomyia,Odontomyia pubescens,3,6/21/2017,HickoryBottoms,C,6/7/2017,94,Pool
6212017HBPoolC2,OTU1210,GS,97.2,BOLD:AAF4632,Animalia,Arthropoda,Insecta,Diptera,Limoniidae,Epiphragma,Epiphragma solatrix,13,6/21/2017,HickoryBottoms,C,6/7/2017,94,Pool
6212017HBPoolC2,OTU1224,GS,100,BOLD:AAU7767,Animalia,Arthropoda,Insecta,Lepidoptera,Cosmopterigidae,Melanocinclis,Melanocinclis lineigera,35,6/21/2017,HickoryBottoms,C,6/7/2017,94,Pool
6212017HBPoolC2,OTU1234,GS,100,BOLD:AAC7661,Animalia,Arthropoda,Insecta,Lepidoptera,Tortricidae,Pristerognatha,Pristerognatha fuligana,1,6/21/2017,HickoryBottoms,C,6/7/2017,94,Pool
6212017HBPoolC2,OTU1240,GS,98.9,BOLD:AAI4410,Animalia,Arthropoda,Insecta,Lepidoptera,Tineidae,NA,NA,8,6/21/2017,HickoryBottoms,C,6/7/2017,94,Pool
6212017HBPoolC2,OTU1244,SS,0.81,BOLD:AAN5882,Animalia,Arthropoda,Insecta,Diptera,Limoniidae,Erioptera,Erioptera caliptera,193,6/21/2017,HickoryBottoms,C,6/7/2017,94,Pool
6212017HBPoolC2,OTU1265,SS,0.83,BOLD:AAF4632,Animalia,Arthropoda,Insecta,Diptera,Limoniidae,Epiphragma,Epiphragma solatrix,10,6/21/2017,HickoryBottoms,C,6/7/2017,94,Pool
6212017HBPoolC2,OTU1276,GS,99.4,BOLD:ABX4705,Animalia,Arthropoda,Insecta,Hemiptera,Rhyparochromidae,Pseudopachybrachius,Pseudopachybrachius basalis,1,6/21/2017,HickoryBottoms,C,6/7/2017,94,Pool
6212017HBPoolC2,OTU1277,US,2e-04,BOLD:AAG0758,Animalia,Arthropoda,Insecta,Lepidoptera,NA,NA,NA,25,6/21/2017,HickoryBottoms,C,6/7/2017,94,Pool
6212017HBPoolC2,OTU1292,GS,97.8,BOLD:AAN5882,Animalia,Arthropoda,Insecta,Diptera,Limoniidae,Erioptera,Erioptera caliptera,23,6/21/2017,HickoryBottoms,C,6/7/2017,94,Pool
6212017HBPoolC2,OTU1296,GS,97.2,BOLD:AAD2334,Animalia,Arthropoda,Insecta,Lepidoptera,Tineidae,Acrolophus,Acrolophus hasbroucki,12,6/21/2017,HickoryBottoms,C,6/7/2017,94,Pool
6212017HBPoolC2,OTU1312,US,0.0093,BOLD:AAG0758,Animalia,Arthropoda,Insecta,Lepidoptera,NA,NA,NA,2,6/21/2017,HickoryBottoms,C,6/7/2017,94,Pool
6212017HBPoolC2,OTU1317,SS,0.01,BOLD:AAN5451,Animalia,Arthropoda,Arachnida,Araneae,Araneidae,Eustala,NA,5,6/21/2017,HickoryBottoms,C,6/7/2017,94,Pool
6212017HBPoolC2,OTU1328,SS,0.36,BOLD:AAV4775,Animalia,Arthropoda,Insecta,Coleoptera,Phengodidae,Phengodes,NA,4,6/21/2017,HickoryBottoms,C,6/7/2017,94,Pool
6212017HBPoolC2,OTU1331,GS,98.3,BOLD:ABZ8023,Animalia,Arthropoda,Insecta,Coleoptera,Phengodidae,Phengodes,NA,90,6/21/2017,HickoryBottoms,C,6/7/2017,94,Pool
6212017HBPoolC2,OTU1333,GS,99.4,BOLD:AAI3281,Animalia,Arthropoda,Insecta,Lepidoptera,Gelechiidae,Monochroa,NA,7,6/21/2017,HickoryBottoms,C,6/7/2017,94,Pool
6212017HBPoolC2,OTU1343,GS,100,BOLD:AAC6150,Animalia,Arthropoda,Insecta,Lepidoptera,Tortricidae,Epiblema,Epiblema abruptana,28,6/21/2017,HickoryBottoms,C,6/7/2017,94,Pool
6212017HBPoolC2,OTU1349,GS,99.4,BOLD:AAN6432,Animalia,Arthropoda,Insecta,Diptera,Sciaridae,NA,NA,71,6/21/2017,HickoryBottoms,C,6/7/2017,94,Pool
6212017HBPoolC2,OTU1350,GS,97.2,BOLD:AAA7067,Animalia,Arthropoda,Insecta,Diptera,Culicidae,Aedes,Aedes vexans,543,6/21/2017,HickoryBottoms,C,6/7/2017,94,Pool
6212017HBPoolC2,OTU1351,SS,0.94,BOLD:AAB7030,Animalia,Arthropoda,Insecta,Diptera,Chironomidae,Chironomus,Chironomus decorus,42,6/21/2017,HickoryBottoms,C,6/7/2017,94,Pool
6212017HBPoolC2,OTU1358,SS,0.75,BOLD:AAG0758,Animalia,Arthropoda,Insecta,Coleoptera,NA,NA,NA,5,6/21/2017,HickoryBottoms,C,6/7/2017,94,Pool
6212017HBPoolC2,OTU1384,SS,0.76,BOLD:ACP7431,Animalia,Arthropoda,Insecta,NA,NA,NA,NA,179,6/21/2017,HickoryBottoms,C,6/7/2017,94,Pool
6212017HBPoolC2,OTU1386,SS,0.36,BOLD:ACQ9579,Animalia,Arthropoda,Insecta,Diptera,NA,NA,NA,23,6/21/2017,HickoryBottoms,C,6/7/2017,94,Pool
6212017HBPoolC2,OTU1399,SS,0.28,BOLD:AAX9373,Animalia,Arthropoda,Insecta,Diptera,NA,NA,NA,4,6/21/2017,HickoryBottoms,C,6/7/2017,94,Pool
6212017HBPoolC2,OTU1401,SS,0.78,BOLD:AAF9008,Animalia,Arthropoda,Insecta,Diptera,NA,NA,NA,2,6/21/2017,HickoryBottoms,C,6/7/2017,94,Pool
6212017HBPoolC2,OTU1403,SS,0.36,BOLD:ACV0130,Animalia,Arthropoda,Insecta,Diptera,NA,NA,NA,2,6/21/2017,HickoryBottoms,C,6/7/2017,94,Pool
6212017HBPoolC2,OTU1434,GS,97.6,BOLD:AAA7067,Animalia,Arthropoda,Insecta,Diptera,Culicidae,Aedes,Aedes vexans,14,6/21/2017,HickoryBottoms,C,6/7/2017,94,Pool
6212017HBPoolC2,OTU1480,US,0.9249,BOLD:AAN5882,Animalia,Arthropoda,Insecta,Diptera,NA,NA,NA,7,6/21/2017,HickoryBottoms,C,6/7/2017,94,Pool
6212017HBPoolC2,OTU1494,US,0.8732,BOLD:AAF4632,Animalia,Arthropoda,Insecta,Diptera,NA,NA,NA,3,6/21/2017,HickoryBottoms,C,6/7/2017,94,Pool
6212017HBPoolC2,OTU1504,SS,0.08,BOLD:ACB5181,Animalia,Arthropoda,Insecta,Diptera,NA,NA,NA,202,6/21/2017,HickoryBottoms,C,6/7/2017,94,Pool
6212017HBPoolC2,OTU1513,GS,97.8,BOLD:ACL2801,Animalia,Arthropoda,Insecta,Diptera,Tipulidae,Nephrotoma,Nephrotoma macrocera,2,6/21/2017,HickoryBottoms,C,6/7/2017,94,Pool
6212017HBPoolC2,OTU1522,SS,0.57,BOLD:AAF9008,Animalia,Arthropoda,Insecta,Diptera,NA,NA,NA,2,6/21/2017,HickoryBottoms,C,6/7/2017,94,Pool
6212017HBPoolC2,OTU1538,GS,100,BOLD:AAG1143,Animalia,Arthropoda,Insecta,Lepidoptera,Gracillariidae,Caloptilia,Caloptilia belfragella,11,6/21/2017,HickoryBottoms,C,6/7/2017,94,Pool
6212017HBPoolC2,OTU1554,SS,0.92,BOLD:AAP2734,Animalia,Arthropoda,Insecta,Diptera,Limoniidae,Erioptera,Erioptera parva,209,6/21/2017,HickoryBottoms,C,6/7/2017,94,Pool
6212017HBPoolC2,OTU1598,US,0.7924,BOLD:ACF9205,Animalia,Arthropoda,Insecta,NA,NA,NA,NA,20,6/21/2017,HickoryBottoms,C,6/7/2017,94,Pool
6212017HBPoolC2,OTU1602,GS,100,BOLD:AAC9649,Animalia,Arthropoda,Insecta,Lepidoptera,Tortricidae,Proteoteras,Proteoteras willingana,18,6/21/2017,HickoryBottoms,C,6/7/2017,94,Pool
6212017HBPoolC2,OTU1640,SS,0.5,BOLD:ADE1548,Animalia,Arthropoda,Insecta,Hymenoptera,NA,NA,NA,21,6/21/2017,HickoryBottoms,C,6/7/2017,94,Pool
6212017HBPoolC2,OTU1648,US,0.8732,BOLD:AAG0758,Animalia,Arthropoda,Insecta,Lepidoptera,NA,NA,NA,2,6/21/2017,HickoryBottoms,C,6/7/2017,94,Pool
6212017HBPoolC2,OTU1664,SS,0.26,BOLD:AAF9008,Animalia,Arthropoda,Insecta,Diptera,NA,NA,NA,2,6/21/2017,HickoryBottoms,C,6/7/2017,94,Pool
6212017HBPoolC2,OTU1683,SS,0.84,BOLD:AAF4632,Animalia,Arthropoda,Insecta,Diptera,Limoniidae,Epiphragma,Epiphragma solatrix,86,6/21/2017,HickoryBottoms,C,6/7/2017,94,Pool
6212017HBPoolC2,OTU1719,GS,97.2,BOLD:AAG0149,Animalia,Arthropoda,Insecta,Lepidoptera,NA,NA,NA,2,6/21/2017,HickoryBottoms,C,6/7/2017,94,Pool
6212017HBPoolC2,OTU1738,SS,0.89,BOLD:AAG0758,Animalia,Arthropoda,Insecta,Coleoptera,Pyrochroidae,Dendroides,Dendroides canadensis,1,6/21/2017,HickoryBottoms,C,6/7/2017,94,Pool
6212017HBPoolC2,OTU1748,SS,0.6,BOLD:ACF8409,Animalia,Arthropoda,Insecta,Diptera,NA,NA,NA,85,6/21/2017,HickoryBottoms,C,6/7/2017,94,Pool
6212017HBPoolC2,OTU1782,US,0.9249,BOLD:AAO3940,Animalia,Arthropoda,Insecta,Diptera,NA,NA,NA,2,6/21/2017,HickoryBottoms,C,6/7/2017,94,Pool
6212017HBPoolC2,OTU1801,SS,1,BOLD:ABW7506,Animalia,Arthropoda,Arachnida,Mesostigmata,Veigaiidae,NA,NA,22,6/21/2017,HickoryBottoms,C,6/7/2017,94,Pool
6212017HBPoolC2,OTU1817,GS,97.2,BOLD:AAE2023,Animalia,Arthropoda,Insecta,Lepidoptera,Tortricidae,Suleima,Suleima helianthana,15,6/21/2017,HickoryBottoms,C,6/7/2017,94,Pool
6212017HBPoolC2,OTU1819,US,0.9844,BOLD:AAE5173,Animalia,Arthropoda,Insecta,Diptera,NA,NA,NA,1,6/21/2017,HickoryBottoms,C,6/7/2017,94,Pool
6212017HBPoolC2,OTU1862,GSL,100,BOLD:AAF1106,Animalia,Arthropoda,Insecta,Lepidoptera,Gelechiidae,Scrobipalpula,Scrobipalpula tussilaginis,30,6/21/2017,HickoryBottoms,C,6/7/2017,94,Pool
6212017HBPoolC2,OTU1910,SS,0.87,BOLD:ABZ0908,Animalia,Arthropoda,Insecta,Diptera,Tipulidae,Nephrotoma,Nephrotoma ferruginea,1,6/21/2017,HickoryBottoms,C,6/7/2017,94,Pool
6212017HBPoolC3,OTU3,GS,100,BOLD:AAP2734,Animalia,Arthropoda,Insecta,Diptera,Limoniidae,Erioptera,Erioptera parva,1351,6/21/2017,HickoryBottoms,C,6/7/2017,94,Pool
6212017HBPoolC3,OTU4,GS,100,BOLD:AAN5882,Animalia,Arthropoda,Insecta,Diptera,Limoniidae,Erioptera,Erioptera caliptera,2142,6/21/2017,HickoryBottoms,C,6/7/2017,94,Pool
6212017HBPoolC3,OTU7,GS,100,BOLD:AAF4632,Animalia,Arthropoda,Insecta,Diptera,Limoniidae,Epiphragma,Epiphragma solatrix,1161,6/21/2017,HickoryBottoms,C,6/7/2017,94,Pool
6212017HBPoolC3,OTU9,US,0.7924,BOLD:AAG8502,Animalia,Arthropoda,Insecta,NA,NA,NA,NA,271,6/21/2017,HickoryBottoms,C,6/7/2017,94,Pool
6212017HBPoolC3,OTU10,GS,100,BOLD:ACF3057,Animalia,Arthropoda,Insecta,Lepidoptera,Tineidae,Acrolophus,Acrolophus mortipennella,520,6/21/2017,HickoryBottoms,C,6/7/2017,94,Pool
6212017HBPoolC3,OTU12,GS,100,BOLD:AAE5173,Animalia,Arthropoda,Insecta,Diptera,Psychodidae,PschodididGC,NA,585,6/21/2017,HickoryBottoms,C,6/7/2017,94,Pool
6212017HBPoolC3,OTU14,GS,99.4,BOLD:AAO3940,Animalia,Arthropoda,Insecta,Diptera,Limoniidae,Rhipidia,NA,3442,6/21/2017,HickoryBottoms,C,6/7/2017,94,Pool
6212017HBPoolC3,OTU15,GS,100,BOLD:ABZ0908,Animalia,Arthropoda,Insecta,Diptera,Tipulidae,Nephrotoma,Nephrotoma ferruginea,218,6/21/2017,HickoryBottoms,C,6/7/2017,94,Pool
6212017HBPoolC3,OTU16,GS,100,BOLD:AAA7067,Animalia,Arthropoda,Insecta,Diptera,Culicidae,Aedes,Aedes vexans,1782,6/21/2017,HickoryBottoms,C,6/7/2017,94,Pool
6212017HBPoolC3,OTU17,GS,100,BOLD:AAB3702,Animalia,Arthropoda,Insecta,Trichoptera,Hydropsychidae,Potamyia,Potamyia flava,184,6/21/2017,HickoryBottoms,C,6/7/2017,94,Pool
6212017HBPoolC3,OTU21,GS,100,BOLD:ACR3763,Animalia,Arthropoda,Insecta,Coleoptera,Ptilodactylidae,Ptilodactyla,Ptilodactyla serricollis,1982,6/21/2017,HickoryBottoms,C,6/7/2017,94,Pool
6212017HBPoolC3,OTU25,GS,100,BOLD:ACF0083,Animalia,Arthropoda,Insecta,Diptera,Tabanidae,Tabanus,Tabanus similis,187,6/21/2017,HickoryBottoms,C,6/7/2017,94,Pool
6212017HBPoolC3,OTU46,GS,100,BOLD:AAP2735,Animalia,Arthropoda,Insecta,Diptera,Limoniidae,NA,NA,130,6/21/2017,HickoryBottoms,C,6/7/2017,94,Pool
6212017HBPoolC3,OTU57,GS,100,BOLD:AAI1618,Animalia,Arthropoda,Insecta,Diptera,Culicidae,Coquillettidia,Coquillettidia perturbans,90,6/21/2017,HickoryBottoms,C,6/7/2017,94,Pool
6212017HBPoolC3,OTU65,GS,100,BOLD:AAA1517,Animalia,Arthropoda,Insecta,Lepidoptera,Tortricidae,Choristoneura,Choristoneura rosaceana,66,6/21/2017,HickoryBottoms,C,6/7/2017,94,Pool
6212017HBPoolC3,OTU67,GS,100,BOLD:AAO3948,Animalia,Arthropoda,Insecta,Diptera,Tipulidae,Nephrotoma,Nephrotoma macrocera,61,6/21/2017,HickoryBottoms,C,6/7/2017,94,Pool
6212017HBPoolC3,OTU68,GS,100,BOLD:AAB7030,Animalia,Arthropoda,Insecta,Diptera,Chironomidae,Chironomus,Chironomus decorus,159,6/21/2017,HickoryBottoms,C,6/7/2017,94,Pool
6212017HBPoolC3,OTU73,GS,100,BOLD:AAD6926,Animalia,Arthropoda,Arachnida,Araneae,Anyphaenidae,Anyphaena,Anyphaena pectorosa,46,6/21/2017,HickoryBottoms,C,6/7/2017,94,Pool
6212017HBPoolC3,OTU91,GS,99.4,BOLD:AAU8053,Animalia,Arthropoda,Malacostraca,Isopoda,Armadillidiidae,Armadillidium,Armadillidium nasatum,39,6/21/2017,HickoryBottoms,C,6/7/2017,94,Pool
6212017HBPoolC3,OTU114,US,0.9963,BOLD:AAG1452,Animalia,Arthropoda,Insecta,Diptera,NA,NA,NA,312,6/21/2017,HickoryBottoms,C,6/7/2017,94,Pool
6212017HBPoolC3,OTU115,GS,100,BOLD:AAA4942,Animalia,Arthropoda,Arachnida,Araneae,Tetragnathidae,Tetragnatha,Tetragnatha elongata,34,6/21/2017,HickoryBottoms,C,6/7/2017,94,Pool
6212017HBPoolC3,OTU117,GS,100,BOLD:AAH5449,Animalia,Arthropoda,Insecta,Lepidoptera,Tineidae,Acrolophus,Acrolophus propinqua,100,6/21/2017,HickoryBottoms,C,6/7/2017,94,Pool
6212017HBPoolC3,OTU125,GS,100,BOLD:ACX4440,Animalia,Arthropoda,Insecta,Coleoptera,NA,NA,NA,92,6/21/2017,HickoryBottoms,C,6/7/2017,94,Pool
6212017HBPoolC3,OTU131,US,0.9919,BOLD:AAL9946,Animalia,Arthropoda,Insecta,Diptera,NA,NA,NA,35,6/21/2017,HickoryBottoms,C,6/7/2017,94,Pool
6212017HBPoolC3,OTU136,GS,100,BOLD:AAJ2208,Animalia,Arthropoda,Insecta,Diptera,Limoniidae,Limonia,Limonia immatura,32,6/21/2017,HickoryBottoms,C,6/7/2017,94,Pool
6212017HBPoolC3,OTU142,GS,100,BOLD:AAH3914,Animalia,Arthropoda,Insecta,Diptera,Sciaridae,Sciara,Sciara humeralis,1809,6/21/2017,HickoryBottoms,C,6/7/2017,94,Pool
6212017HBPoolC3,OTU152,GS,100,BOLD:AAA3950,Animalia,Arthropoda,Insecta,Lepidoptera,Tineidae,Acrolophus,Acrolophus plumifrontella,70,6/21/2017,HickoryBottoms,C,6/7/2017,94,Pool
6212017HBPoolC3,OTU154,GS,100,BOLD:AAB0486,Animalia,Arthropoda,Insecta,Lepidoptera,Notodontidae,Heterocampa,Heterocampa obliqua,1535,6/21/2017,HickoryBottoms,C,6/7/2017,94,Pool
6212017HBPoolC3,OTU169,GS,97.2,BOLD:AAO2061,Animalia,Arthropoda,Insecta,Blattodea,Ectobiidae,Parcoblatta,NA,26,6/21/2017,HickoryBottoms,C,6/7/2017,94,Pool
6212017HBPoolC3,OTU182,GS,100,BOLD:ACF4855,Animalia,Arthropoda,Insecta,Lepidoptera,Gelechiidae,Dichomeris,Dichomeris kimballi,39,6/21/2017,HickoryBottoms,C,6/7/2017,94,Pool
6212017HBPoolC3,OTU195,GS,100,BOLD:ABW4424,Animalia,Arthropoda,Insecta,Diptera,Limoniidae,Dicranomyia,NA,11,6/21/2017,HickoryBottoms,C,6/7/2017,94,Pool
6212017HBPoolC3,OTU198,GS,99.4,BOLD:ABZ1242,Animalia,Arthropoda,Insecta,Diptera,Chironomidae,NA,NA,48,6/21/2017,HickoryBottoms,C,6/7/2017,94,Pool
6212017HBPoolC3,OTU200,GS,100,BOLD:AAN8771,Animalia,Arthropoda,Insecta,Diptera,Psychodidae,NA,NA,19,6/21/2017,HickoryBottoms,C,6/7/2017,94,Pool
6212017HBPoolC3,OTU214,GS,99.4,BOLD:AAW6795,Animalia,Arthropoda,Insecta,Diptera,NA,NA,NA,114,6/21/2017,HickoryBottoms,C,6/7/2017,94,Pool
6212017HBPoolC3,OTU218,GS,100,BOLD:AAA4274,Animalia,Arthropoda,Insecta,Lepidoptera,Tineidae,Acrolophus,Acrolophus texanella,184,6/21/2017,HickoryBottoms,C,6/7/2017,94,Pool
6212017HBPoolC3,OTU219,GS,100,BOLD:AAD1855,Animalia,Arthropoda,Insecta,Lepidoptera,Tortricidae,Episimus,Episimus tyrius,12,6/21/2017,HickoryBottoms,C,6/7/2017,94,Pool
6212017HBPoolC3,OTU231,GS,100,BOLD:AAD2590,Animalia,Arthropoda,Insecta,Lepidoptera,Gracillariidae,Caloptilia,Caloptilia packardella,9,6/21/2017,HickoryBottoms,C,6/7/2017,94,Pool
6212017HBPoolC3,OTU235,GS,100,BOLD:AAG3918,Animalia,Arthropoda,Insecta,Diptera,Chironomidae,Procladius,NA,28,6/21/2017,HickoryBottoms,C,6/7/2017,94,Pool
6212017HBPoolC3,OTU241,US,0.9963,BOLD:AAZ5765,Animalia,Arthropoda,Insecta,Coleoptera,NA,NA,NA,42,6/21/2017,HickoryBottoms,C,6/7/2017,94,Pool
6212017HBPoolC3,OTU247,GS,100,BOLD:AAG0787,Animalia,Arthropoda,Insecta,Hemiptera,Corixidae,Trichocorixa,NA,39,6/21/2017,HickoryBottoms,C,6/7/2017,94,Pool
6212017HBPoolC3,OTU262,GS,100,BOLD:AAD0306,Animalia,Arthropoda,Insecta,Lepidoptera,Crambidae,Elophila,Elophila tinealis,75,6/21/2017,HickoryBottoms,C,6/7/2017,94,Pool
6212017HBPoolC3,OTU283,GS,100,BOLD:AAZ5968,Animalia,Arthropoda,Insecta,Diptera,Limoniidae,NA,NA,374,6/21/2017,HickoryBottoms,C,6/7/2017,94,Pool
6212017HBPoolC3,OTU298,GS,100,BOLD:ACB8970,Animalia,Arthropoda,Insecta,Lepidoptera,Cosmopterigidae,NA,NA,5,6/21/2017,HickoryBottoms,C,6/7/2017,94,Pool
6212017HBPoolC3,OTU304,GS,100,BOLD:AAD6122,Animalia,Arthropoda,Insecta,Diptera,NA,NA,NA,11,6/21/2017,HickoryBottoms,C,6/7/2017,94,Pool
6212017HBPoolC3,OTU324,GS,100,BOLD:AAR9127,Animalia,Arthropoda,Insecta,Hemiptera,Tingidae,Corythucha,Corythucha marmorata,385,6/21/2017,HickoryBottoms,C,6/7/2017,94,Pool
6212017HBPoolC3,OTU325,GS,100,BOLD:AAB6013,Animalia,Arthropoda,Insecta,Lepidoptera,Tortricidae,Phaecasiophora,Phaecasiophora confixana,10,6/21/2017,HickoryBottoms,C,6/7/2017,94,Pool
6212017HBPoolC3,OTU330,GS,100,BOLD:ACL2176,Animalia,Arthropoda,Arachnida,Trombidiformes,NA,NA,NA,5,6/21/2017,HickoryBottoms,C,6/7/2017,94,Pool
6212017HBPoolC3,OTU342,GS,99.4,BOLD:AAI1931,Animalia,Arthropoda,Insecta,Lepidoptera,Blastobasidae,Holcocera,Holcocera chalcofrontella,10,6/21/2017,HickoryBottoms,C,6/7/2017,94,Pool
6212017HBPoolC3,OTU352,GS,100,BOLD:AAM7592,Animalia,Arthropoda,Insecta,Coleoptera,Heteroceridae,Tropicus,Tropicus pusillus,5,6/21/2017,HickoryBottoms,C,6/7/2017,94,Pool
6212017HBPoolC3,OTU373,GS,98.9,BOLD:AAG8953,Animalia,Arthropoda,Insecta,Hemiptera,Cicadellidae,Gyponana,Gyponana amara,132,6/21/2017,HickoryBottoms,C,6/7/2017,94,Pool
6212017HBPoolC3,OTU384,GS,99.4,BOLD:AAF9312,Animalia,Arthropoda,Insecta,Diptera,Psychodidae,NA,NA,55,6/21/2017,HickoryBottoms,C,6/7/2017,94,Pool
6212017HBPoolC3,OTU391,GS,100,BOLD:AAI2836,Animalia,Arthropoda,Arachnida,Araneae,Philodromidae,Philodromus,Philodromus keyserlingi,12,6/21/2017,HickoryBottoms,C,6/7/2017,94,Pool
6212017HBPoolC3,OTU396,SS,0.98,BOLD:AAP2734,Animalia,Arthropoda,Insecta,Diptera,Limoniidae,Erioptera,Erioptera parva,35,6/21/2017,HickoryBottoms,C,6/7/2017,94,Pool
6212017HBPoolC3,OTU407,GS,99.4,BOLD:AAK8831,Animalia,Arthropoda,Insecta,Diptera,Limoniidae,Metalimnobia,Metalimnobia cinctipes,3,6/21/2017,HickoryBottoms,C,6/7/2017,94,Pool
6212017HBPoolC3,OTU408,GS,100,BOLD:AAA2955,Animalia,Arthropoda,Insecta,Lepidoptera,Tortricidae,Argyrotaenia,Argyrotaenia ljungiana,5,6/21/2017,HickoryBottoms,C,6/7/2017,94,Pool
6212017HBPoolC3,OTU409,US,0.9916,BOLD:ACS0084,Animalia,Arthropoda,Insecta,Hemiptera,NA,NA,NA,3,6/21/2017,HickoryBottoms,C,6/7/2017,94,Pool
6212017HBPoolC3,OTU415,GS,100,BOLD:AAP8030,Animalia,Arthropoda,Insecta,Lepidoptera,Blastobasidae,Blastobasis,NA,13,6/21/2017,HickoryBottoms,C,6/7/2017,94,Pool
6212017HBPoolC3,OTU426,GS,98.9,BOLD:ABX4602,Animalia,Arthropoda,Insecta,Blattodea,Ectobiidae,NA,NA,12,6/21/2017,HickoryBottoms,C,6/7/2017,94,Pool
6212017HBPoolC3,OTU431,US,0,BOLD:ABA5252,Animalia,Arthropoda,Insecta,Diptera,NA,NA,NA,10,6/21/2017,HickoryBottoms,C,6/7/2017,94,Pool
6212017HBPoolC3,OTU433,GS,99.4,BOLD:AAC5286,Animalia,Arthropoda,Insecta,Lepidoptera,Tineidae,Xylesthia,Xylesthia pruniramiella,33,6/21/2017,HickoryBottoms,C,6/7/2017,94,Pool
6212017HBPoolC3,OTU434,GS,100,BOLD:AAU7127,Animalia,Arthropoda,Insecta,Coleoptera,Carabidae,Bembidion,Bembidion affine,6,6/21/2017,HickoryBottoms,C,6/7/2017,94,Pool
6212017HBPoolC3,OTU446,GS,100,BOLD:AAD1537,Animalia,Arthropoda,Insecta,Lepidoptera,Tortricidae,Gretchena,Gretchena bolliana,14,6/21/2017,HickoryBottoms,C,6/7/2017,94,Pool
6212017HBPoolC3,OTU449,US,0.0049,BOLD:ABA3765,Animalia,Arthropoda,Insecta,Coleoptera,NA,NA,NA,147,6/21/2017,HickoryBottoms,C,6/7/2017,94,Pool
6212017HBPoolC3,OTU457,GS,100,BOLD:ABY9153,Animalia,Arthropoda,Insecta,Lepidoptera,Oecophoridae,Epicallima,Epicallima argenticinctella,9,6/21/2017,HickoryBottoms,C,6/7/2017,94,Pool
6212017HBPoolC3,OTU518,GS,100,BOLD:AAG7012,Animalia,Arthropoda,Insecta,Diptera,Limoniidae,Geranomyia,NA,186,6/21/2017,HickoryBottoms,C,6/7/2017,94,Pool
6212017HBPoolC3,OTU525,US,0.9803,BOLD:AAG0758,Animalia,Arthropoda,Insecta,Lepidoptera,NA,NA,NA,6,6/21/2017,HickoryBottoms,C,6/7/2017,94,Pool
6212017HBPoolC3,OTU546,GS,100,BOLD:AAB1406,Animalia,Arthropoda,Insecta,Lepidoptera,Erebidae,Estigmene,Estigmene acrea,84,6/21/2017,HickoryBottoms,C,6/7/2017,94,Pool
6212017HBPoolC3,OTU548,GS,99.4,BOLD:AAC0126,Animalia,Arthropoda,Insecta,Lepidoptera,Tortricidae,Coelostathma,Coelostathma discopunctana,13,6/21/2017,HickoryBottoms,C,6/7/2017,94,Pool
6212017HBPoolC3,OTU549,GS,100,BOLD:AAM8604,Animalia,Arthropoda,Insecta,Lepidoptera,NA,NA,NA,10,6/21/2017,HickoryBottoms,C,6/7/2017,94,Pool
6212017HBPoolC3,OTU554,SS,0.58,BOLD:ABY1337,Animalia,Arthropoda,Insecta,Hemiptera,Miridae,NA,NA,56,6/21/2017,HickoryBottoms,C,6/7/2017,94,Pool
6212017HBPoolC3,OTU575,GS,98.9,BOLD:ACA7044,Animalia,Arthropoda,Insecta,Hymenoptera,Ichneumonidae,NA,NA,34,6/21/2017,HickoryBottoms,C,6/7/2017,94,Pool
6212017HBPoolC3,OTU603,GS,99.4,BOLD:AAO3944,Animalia,Arthropoda,Insecta,Diptera,Limoniidae,Geranomyia,NA,38,6/21/2017,HickoryBottoms,C,6/7/2017,94,Pool
6212017HBPoolC3,OTU605,GS,100,BOLD:ACE2873,Animalia,Arthropoda,Insecta,Lepidoptera,Erebidae,Hypena,Hypena madefactalis,55,6/21/2017,HickoryBottoms,C,6/7/2017,94,Pool
6212017HBPoolC3,OTU621,US,0.9885,BOLD:ACR5140,Animalia,Arthropoda,Insecta,Coleoptera,NA,NA,NA,11,6/21/2017,HickoryBottoms,C,6/7/2017,94,Pool
6212017HBPoolC3,OTU624,GS,100,BOLD:AAP4712,Animalia,Arthropoda,Insecta,Diptera,Psychodidae,NA,NA,11,6/21/2017,HickoryBottoms,C,6/7/2017,94,Pool
6212017HBPoolC3,OTU635,GS,97.2,BOLD:AAN5882,Animalia,Arthropoda,Insecta,Diptera,Limoniidae,Erioptera,Erioptera caliptera,48,6/21/2017,HickoryBottoms,C,6/7/2017,94,Pool
6212017HBPoolC3,OTU637,US,0.9934,BOLD:AAH6851,Animalia,Arthropoda,Insecta,Coleoptera,NA,NA,NA,18,6/21/2017,HickoryBottoms,C,6/7/2017,94,Pool
6212017HBPoolC3,OTU670,US,0.9546,BOLD:AAG0758,Animalia,Arthropoda,Insecta,Diptera,NA,NA,NA,13,6/21/2017,HickoryBottoms,C,6/7/2017,94,Pool
6212017HBPoolC3,OTU706,GS,98.3,BOLD:ACV0077,Animalia,Arthropoda,Insecta,Hymenoptera,Perilampidae,Perilampus,NA,1,6/21/2017,HickoryBottoms,C,6/7/2017,94,Pool
6212017HBPoolC3,OTU707,GS,100,BOLD:ACA3244,Animalia,Arthropoda,Insecta,Diptera,Chironomidae,Polypedilum,Polypedilum convictum,6,6/21/2017,HickoryBottoms,C,6/7/2017,94,Pool
6212017HBPoolC3,OTU711,GS,100,BOLD:AAG2871,Animalia,Arthropoda,Insecta,Hemiptera,Cicadellidae,Agallia,Agallia constricta,12,6/21/2017,HickoryBottoms,C,6/7/2017,94,Pool
6212017HBPoolC3,OTU715,SS,0.71,BOLD:ABZ0908,Animalia,Arthropoda,Insecta,Diptera,NA,NA,NA,29,6/21/2017,HickoryBottoms,C,6/7/2017,94,Pool
6212017HBPoolC3,OTU720,GS,99.4,BOLD:AAB5347,Animalia,Arthropoda,Insecta,Lepidoptera,Tortricidae,Paralobesia,Paralobesia liriodendrana,7,6/21/2017,HickoryBottoms,C,6/7/2017,94,Pool
6212017HBPoolC3,OTU737,GS,100,BOLD:AAG3822,Animalia,Arthropoda,Arachnida,Araneae,Anyphaenidae,Anyphaena,NA,1,6/21/2017,HickoryBottoms,C,6/7/2017,94,Pool
6212017HBPoolC3,OTU743,GS,97.8,BOLD:AAH3833,Animalia,Arthropoda,Insecta,Coleoptera,Dytiscidae,NA,NA,2,6/21/2017,HickoryBottoms,C,6/7/2017,94,Pool
6212017HBPoolC3,OTU746,GS,100,BOLD:AAB7995,Animalia,Arthropoda,Arachnida,Araneae,Tetragnathidae,Tetragnatha,Tetragnatha shoshone,73,6/21/2017,HickoryBottoms,C,6/7/2017,94,Pool
6212017HBPoolC3,OTU760,GS,100,BOLD:AAK1384,Animalia,Arthropoda,Insecta,Diptera,Tabanidae,Tabanus,Tabanus atratus,41,6/21/2017,HickoryBottoms,C,6/7/2017,94,Pool
6212017HBPoolC3,OTU771,US,0.2833,BOLD:ACN7840,Animalia,Arthropoda,Arachnida,Araneae,NA,NA,NA,1,6/21/2017,HickoryBottoms,C,6/7/2017,94,Pool
6212017HBPoolC3,OTU775,SS,0.55,BOLD:AAV3887,Animalia,Arthropoda,Insecta,Diptera,NA,NA,NA,25,6/21/2017,HickoryBottoms,C,6/7/2017,94,Pool
6212017HBPoolC3,OTU790,GS,98.9,BOLD:AAG5674,Animalia,Arthropoda,Arachnida,Araneae,Gnaphosidae,Drassyllus,Drassyllus dromeus,9,6/21/2017,HickoryBottoms,C,6/7/2017,94,Pool
6212017HBPoolC3,OTU793,GS,98.9,BOLD:AAB8800,Animalia,Arthropoda,Insecta,Lepidoptera,Autostichidae,Gerdana,Gerdana caritella,4,6/21/2017,HickoryBottoms,C,6/7/2017,94,Pool
6212017HBPoolC3,OTU798,SS,0.6,BOLD:AAO3940,Animalia,Arthropoda,Insecta,Diptera,NA,NA,NA,10,6/21/2017,HickoryBottoms,C,6/7/2017,94,Pool
6212017HBPoolC3,OTU853,US,0,BOLD:ACP0294,Animalia,Arthropoda,Insecta,Coleoptera,NA,NA,NA,27,6/21/2017,HickoryBottoms,C,6/7/2017,94,Pool
6212017HBPoolC3,OTU856,GS,99.4,BOLD:AAD3799,Animalia,Arthropoda,Insecta,Lepidoptera,Tineidae,Hybroma,Hybroma servulella,14,6/21/2017,HickoryBottoms,C,6/7/2017,94,Pool
6212017HBPoolC3,OTU857,GS,100,BOLD:AAC9885,Animalia,Arthropoda,Insecta,Lepidoptera,Tortricidae,Acleris,Acleris negundana,11,6/21/2017,HickoryBottoms,C,6/7/2017,94,Pool
6212017HBPoolC3,OTU859,GS,100,BOLD:AAB6961,Animalia,Arthropoda,Insecta,Lepidoptera,Tortricidae,Larisa,Larisa subsolana,12,6/21/2017,HickoryBottoms,C,6/7/2017,94,Pool
6212017HBPoolC3,OTU877,GS,100,BOLD:AAL9094,Animalia,Arthropoda,Arachnida,Araneae,Lycosidae,Trochosa,Trochosa sepulchralis,4,6/21/2017,HickoryBottoms,C,6/7/2017,94,Pool
6212017HBPoolC3,OTU907,SS,0.01,BOLD:AAO3940,Animalia,Arthropoda,Insecta,Diptera,Limoniidae,Rhipidia,NA,9,6/21/2017,HickoryBottoms,C,6/7/2017,94,Pool
6212017HBPoolC3,OTU913,US,0,BOLD:ABV3248,Animalia,Arthropoda,Insecta,Diptera,NA,NA,NA,11,6/21/2017,HickoryBottoms,C,6/7/2017,94,Pool
6212017HBPoolC3,OTU927,GS,100,BOLD:ACY5387,Animalia,Arthropoda,Insecta,Coleoptera,Staphylinidae,Pella,Pella loricata,11,6/21/2017,HickoryBottoms,C,6/7/2017,94,Pool
6212017HBPoolC3,OTU935,SS,0.01,BOLD:AAO3940,Animalia,Arthropoda,Insecta,Diptera,Limoniidae,Rhipidia,NA,10,6/21/2017,HickoryBottoms,C,6/7/2017,94,Pool
6212017HBPoolC3,OTU949,GS,100,BOLD:AAP3003,Animalia,Arthropoda,Insecta,Diptera,Chironomidae,NA,NA,9,6/21/2017,HickoryBottoms,C,6/7/2017,94,Pool
6212017HBPoolC3,OTU953,GS,100,BOLD:ABW2530,Animalia,Arthropoda,Insecta,Diptera,Tabanidae,NA,NA,21,6/21/2017,HickoryBottoms,C,6/7/2017,94,Pool
6212017HBPoolC3,OTU956,SS,0.08,BOLD:ACN4095,Animalia,Arthropoda,Insecta,Diptera,NA,NA,NA,6,6/21/2017,HickoryBottoms,C,6/7/2017,94,Pool
6212017HBPoolC3,OTU1026,GS,100,BOLD:AAH7222,Animalia,Arthropoda,Insecta,Neuroptera,Mantispidae,Mantispa,Mantispa viridis,2,6/21/2017,HickoryBottoms,C,6/7/2017,94,Pool
6212017HBPoolC3,OTU1027,GS,98.3,BOLD:ABZ1212,Animalia,Arthropoda,Insecta,Lepidoptera,Tortricidae,Sparganothis,Sparganothis distincta,31,6/21/2017,HickoryBottoms,C,6/7/2017,94,Pool
6212017HBPoolC3,OTU1065,GS,100,BOLD:AAL7359,Animalia,Arthropoda,Insecta,Diptera,Chironomidae,Tanytarsus,NA,30,6/21/2017,HickoryBottoms,C,6/7/2017,94,Pool
6212017HBPoolC3,OTU1068,GS,99.4,BOLD:AAE3407,Animalia,Arthropoda,Insecta,Blattodea,Ectobiidae,Parcoblatta,Parcoblatta pennsylvanica,7,6/21/2017,HickoryBottoms,C,6/7/2017,94,Pool
6212017HBPoolC3,OTU1070,GS,99.4,BOLD:AAC0184,Animalia,Arthropoda,Insecta,Lepidoptera,Tineidae,Niditinea,Niditinea orleansella,6,6/21/2017,HickoryBottoms,C,6/7/2017,94,Pool
6212017HBPoolC3,OTU1085,GS,98.9,BOLD:ACZ3313,Animalia,Arthropoda,Insecta,Coleoptera,Ptilodactylidae,Ptilodactyla,Ptilodactyla carinata,12,6/21/2017,HickoryBottoms,C,6/7/2017,94,Pool
6212017HBPoolC3,OTU1093,GS,99.4,BOLD:AAF6867,Animalia,Arthropoda,Insecta,Coleoptera,Elmidae,Dubiraphia,Dubiraphia vittata,36,6/21/2017,HickoryBottoms,C,6/7/2017,94,Pool
6212017HBPoolC3,OTU1109,GS,100,BOLD:AAF7649,Animalia,Arthropoda,Insecta,Coleoptera,Cerambycidae,Lepturges,Lepturges confluens,2,6/21/2017,HickoryBottoms,C,6/7/2017,94,Pool
6212017HBPoolC3,OTU1130,SS,0.64,BOLD:AAN4385,Animalia,Arthropoda,Insecta,Diptera,NA,NA,NA,1,6/21/2017,HickoryBottoms,C,6/7/2017,94,Pool
6212017HBPoolC3,OTU1172,SS,0.83,BOLD:AAD6926,Animalia,Arthropoda,Arachnida,Araneae,Anyphaenidae,Anyphaena,Anyphaena pectorosa,1,6/21/2017,HickoryBottoms,C,6/7/2017,94,Pool
6212017HBPoolC3,OTU1175,GS,100,BOLD:AAC8389,Animalia,Arthropoda,Insecta,Lepidoptera,Erebidae,Parahypenodes,Parahypenodes quadralis,5,6/21/2017,HickoryBottoms,C,6/7/2017,94,Pool
6212017HBPoolC3,OTU1184,GS,100,BOLD:AAK4647,Animalia,Arthropoda,Insecta,Lepidoptera,Gelechiidae,Helcystogramma,Helcystogramma melantherella,12,6/21/2017,HickoryBottoms,C,6/7/2017,94,Pool
6212017HBPoolC3,OTU1202,GS,99.4,BOLD:AAI3613,Animalia,Arthropoda,Insecta,Diptera,Stratiomyidae,Odontomyia,Odontomyia pubescens,9,6/21/2017,HickoryBottoms,C,6/7/2017,94,Pool
6212017HBPoolC3,OTU1210,GS,97.2,BOLD:AAF4632,Animalia,Arthropoda,Insecta,Diptera,Limoniidae,Epiphragma,Epiphragma solatrix,17,6/21/2017,HickoryBottoms,C,6/7/2017,94,Pool
6212017HBPoolC3,OTU1220,US,0.7924,BOLD:AAG0758,Animalia,Arthropoda,Insecta,NA,NA,NA,NA,8,6/21/2017,HickoryBottoms,C,6/7/2017,94,Pool
6212017HBPoolC3,OTU1224,GS,100,BOLD:AAU7767,Animalia,Arthropoda,Insecta,Lepidoptera,Cosmopterigidae,Melanocinclis,Melanocinclis lineigera,15,6/21/2017,HickoryBottoms,C,6/7/2017,94,Pool
6212017HBPoolC3,OTU1244,SS,0.81,BOLD:AAN5882,Animalia,Arthropoda,Insecta,Diptera,Limoniidae,Erioptera,Erioptera caliptera,110,6/21/2017,HickoryBottoms,C,6/7/2017,94,Pool
6212017HBPoolC3,OTU1265,SS,0.83,BOLD:AAF4632,Animalia,Arthropoda,Insecta,Diptera,Limoniidae,Epiphragma,Epiphragma solatrix,7,6/21/2017,HickoryBottoms,C,6/7/2017,94,Pool
6212017HBPoolC3,OTU1278,US,1,BOLD:AAG0758,Animalia,Arthropoda,Insecta,Coleoptera,NA,NA,NA,7,6/21/2017,HickoryBottoms,C,6/7/2017,94,Pool
6212017HBPoolC3,OTU1292,GS,97.8,BOLD:AAN5882,Animalia,Arthropoda,Insecta,Diptera,Limoniidae,Erioptera,Erioptera caliptera,19,6/21/2017,HickoryBottoms,C,6/7/2017,94,Pool
6212017HBPoolC3,OTU1296,GS,97.2,BOLD:AAD2334,Animalia,Arthropoda,Insecta,Lepidoptera,Tineidae,Acrolophus,Acrolophus hasbroucki,15,6/21/2017,HickoryBottoms,C,6/7/2017,94,Pool
6212017HBPoolC3,OTU1331,GS,98.3,BOLD:ABZ8023,Animalia,Arthropoda,Insecta,Coleoptera,Phengodidae,Phengodes,NA,1,6/21/2017,HickoryBottoms,C,6/7/2017,94,Pool
6212017HBPoolC3,OTU1343,GS,100,BOLD:AAC6150,Animalia,Arthropoda,Insecta,Lepidoptera,Tortricidae,Epiblema,Epiblema abruptana,10,6/21/2017,HickoryBottoms,C,6/7/2017,94,Pool
6212017HBPoolC3,OTU1350,GS,97.2,BOLD:AAA7067,Animalia,Arthropoda,Insecta,Diptera,Culicidae,Aedes,Aedes vexans,491,6/21/2017,HickoryBottoms,C,6/7/2017,94,Pool
6212017HBPoolC3,OTU1351,SS,0.94,BOLD:AAB7030,Animalia,Arthropoda,Insecta,Diptera,Chironomidae,Chironomus,Chironomus decorus,28,6/21/2017,HickoryBottoms,C,6/7/2017,94,Pool
6212017HBPoolC3,OTU1352,GS,100,BOLD:ABW2707,Animalia,Arthropoda,Insecta,Diptera,Chironomidae,Polypedilum,NA,2,6/21/2017,HickoryBottoms,C,6/7/2017,94,Pool
6212017HBPoolC3,OTU1375,SS,0.11,BOLD:ACR6572,Animalia,Arthropoda,Insecta,Lepidoptera,NA,NA,NA,6,6/21/2017,HickoryBottoms,C,6/7/2017,94,Pool
6212017HBPoolC3,OTU1384,SS,0.76,BOLD:ACP7431,Animalia,Arthropoda,Insecta,NA,NA,NA,NA,130,6/21/2017,HickoryBottoms,C,6/7/2017,94,Pool
6212017HBPoolC3,OTU1390,GS,99.4,BOLD:AAF6833,Animalia,Arthropoda,Insecta,Lepidoptera,Tineidae,Philonome,Philonome clemensella,37,6/21/2017,HickoryBottoms,C,6/7/2017,94,Pool
6212017HBPoolC3,OTU1399,SS,0.28,BOLD:AAX9373,Animalia,Arthropoda,Insecta,Diptera,NA,NA,NA,21,6/21/2017,HickoryBottoms,C,6/7/2017,94,Pool
6212017HBPoolC3,OTU1434,GS,97.6,BOLD:AAA7067,Animalia,Arthropoda,Insecta,Diptera,Culicidae,Aedes,Aedes vexans,9,6/21/2017,HickoryBottoms,C,6/7/2017,94,Pool
6212017HBPoolC3,OTU1480,US,0.9249,BOLD:AAN5882,Animalia,Arthropoda,Insecta,Diptera,NA,NA,NA,1,6/21/2017,HickoryBottoms,C,6/7/2017,94,Pool
6212017HBPoolC3,OTU1497,SS,0.97,BOLD:AAI1618,Animalia,Arthropoda,Insecta,Diptera,Culicidae,Coquillettidia,Coquillettidia perturbans,7,6/21/2017,HickoryBottoms,C,6/7/2017,94,Pool
6212017HBPoolC3,OTU1504,SS,0.08,BOLD:ACB5181,Animalia,Arthropoda,Insecta,Diptera,NA,NA,NA,82,6/21/2017,HickoryBottoms,C,6/7/2017,94,Pool
6212017HBPoolC3,OTU1513,GS,97.8,BOLD:ACL2801,Animalia,Arthropoda,Insecta,Diptera,Tipulidae,Nephrotoma,Nephrotoma macrocera,3,6/21/2017,HickoryBottoms,C,6/7/2017,94,Pool
6212017HBPoolC3,OTU1522,SS,0.57,BOLD:AAF9008,Animalia,Arthropoda,Insecta,Diptera,NA,NA,NA,1,6/21/2017,HickoryBottoms,C,6/7/2017,94,Pool
6212017HBPoolC3,OTU1547,GS,98.9,BOLD:AAA9667,Animalia,Arthropoda,Insecta,Lepidoptera,Oecophoridae,Epicallima,Epicallima argenticinctella,34,6/21/2017,HickoryBottoms,C,6/7/2017,94,Pool
6212017HBPoolC3,OTU1554,SS,0.92,BOLD:AAP2734,Animalia,Arthropoda,Insecta,Diptera,Limoniidae,Erioptera,Erioptera parva,160,6/21/2017,HickoryBottoms,C,6/7/2017,94,Pool
6212017HBPoolC3,OTU1581,SS,0.94,BOLD:ACF4855,Animalia,Arthropoda,Insecta,Lepidoptera,Gelechiidae,Dichomeris,Dichomeris kimballi,7,6/21/2017,HickoryBottoms,C,6/7/2017,94,Pool
6212017HBPoolC3,OTU1598,US,0.7924,BOLD:ACF9205,Animalia,Arthropoda,Insecta,NA,NA,NA,NA,10,6/21/2017,HickoryBottoms,C,6/7/2017,94,Pool
6212017HBPoolC3,OTU1602,GS,100,BOLD:AAC9649,Animalia,Arthropoda,Insecta,Lepidoptera,Tortricidae,Proteoteras,Proteoteras willingana,1,6/21/2017,HickoryBottoms,C,6/7/2017,94,Pool
6212017HBPoolC3,OTU1607,SS,0.89,BOLD:AAG0758,Animalia,Arthropoda,Insecta,Coleoptera,Pyrochroidae,Dendroides,Dendroides canadensis,6,6/21/2017,HickoryBottoms,C,6/7/2017,94,Pool
6212017HBPoolC3,OTU1664,SS,0.26,BOLD:AAF9008,Animalia,Arthropoda,Insecta,Diptera,NA,NA,NA,2,6/21/2017,HickoryBottoms,C,6/7/2017,94,Pool
6212017HBPoolC3,OTU1683,SS,0.84,BOLD:AAF4632,Animalia,Arthropoda,Insecta,Diptera,Limoniidae,Epiphragma,Epiphragma solatrix,82,6/21/2017,HickoryBottoms,C,6/7/2017,94,Pool
6212017HBPoolC3,OTU1719,GS,97.2,BOLD:AAG0149,Animalia,Arthropoda,Insecta,Lepidoptera,NA,NA,NA,5,6/21/2017,HickoryBottoms,C,6/7/2017,94,Pool
6212017HBPoolC3,OTU1748,SS,0.6,BOLD:ACF8409,Animalia,Arthropoda,Insecta,Diptera,NA,NA,NA,56,6/21/2017,HickoryBottoms,C,6/7/2017,94,Pool
6212017HBPoolC3,OTU1765,GS,97.8,BOLD:ABW2916,Animalia,Arthropoda,Insecta,Hemiptera,Cicadellidae,NA,NA,10,6/21/2017,HickoryBottoms,C,6/7/2017,94,Pool
6212017HBPoolC3,OTU1770,GS,99.4,BOLD:ACA8431,Animalia,Arthropoda,Insecta,Coleoptera,NA,NA,NA,16,6/21/2017,HickoryBottoms,C,6/7/2017,94,Pool
6212017HBPoolC3,OTU1830,US,0,BOLD:ABW7506,Animalia,Arthropoda,Arachnida,Mesostigmata,NA,NA,NA,14,6/21/2017,HickoryBottoms,C,6/7/2017,94,Pool
6212017HBPoolC3,OTU1878,SS,0.78,BOLD:ABW4215,Animalia,Arthropoda,Insecta,Diptera,NA,NA,NA,2,6/21/2017,HickoryBottoms,C,6/7/2017,94,Pool
6212017HBPoolC3,OTU1896,US,0.9201,BOLD:AAA0693,Animalia,Arthropoda,Insecta,Lepidoptera,NA,NA,NA,4,6/21/2017,HickoryBottoms,C,6/7/2017,94,Pool
6212017HBPoolC3,OTU1927,GS,100,BOLD:AAB1885,Animalia,Arthropoda,Insecta,Lepidoptera,Tortricidae,Pelochrista,Pelochrista cataclystiana,11,6/21/2017,HickoryBottoms,C,6/7/2017,94,Pool
6212017HBPoolC4,OTU3,GS,100,BOLD:AAP2734,Animalia,Arthropoda,Insecta,Diptera,Limoniidae,Erioptera,Erioptera parva,2404,6/21/2017,HickoryBottoms,C,6/7/2017,94,Pool
6212017HBPoolC4,OTU4,GS,100,BOLD:AAN5882,Animalia,Arthropoda,Insecta,Diptera,Limoniidae,Erioptera,Erioptera caliptera,3989,6/21/2017,HickoryBottoms,C,6/7/2017,94,Pool
6212017HBPoolC4,OTU7,GS,100,BOLD:AAF4632,Animalia,Arthropoda,Insecta,Diptera,Limoniidae,Epiphragma,Epiphragma solatrix,1500,6/21/2017,HickoryBottoms,C,6/7/2017,94,Pool
6212017HBPoolC4,OTU9,US,0.7924,BOLD:AAG8502,Animalia,Arthropoda,Insecta,NA,NA,NA,NA,351,6/21/2017,HickoryBottoms,C,6/7/2017,94,Pool
6212017HBPoolC4,OTU10,GS,100,BOLD:ACF3057,Animalia,Arthropoda,Insecta,Lepidoptera,Tineidae,Acrolophus,Acrolophus mortipennella,876,6/21/2017,HickoryBottoms,C,6/7/2017,94,Pool
6212017HBPoolC4,OTU12,GS,100,BOLD:AAE5173,Animalia,Arthropoda,Insecta,Diptera,Psychodidae,PschodididGC,NA,635,6/21/2017,HickoryBottoms,C,6/7/2017,94,Pool
6212017HBPoolC4,OTU14,GS,99.4,BOLD:AAO3940,Animalia,Arthropoda,Insecta,Diptera,Limoniidae,Rhipidia,NA,4443,6/21/2017,HickoryBottoms,C,6/7/2017,94,Pool
6212017HBPoolC4,OTU15,GS,100,BOLD:ABZ0908,Animalia,Arthropoda,Insecta,Diptera,Tipulidae,Nephrotoma,Nephrotoma ferruginea,450,6/21/2017,HickoryBottoms,C,6/7/2017,94,Pool
6212017HBPoolC4,OTU16,GS,100,BOLD:AAA7067,Animalia,Arthropoda,Insecta,Diptera,Culicidae,Aedes,Aedes vexans,3184,6/21/2017,HickoryBottoms,C,6/7/2017,94,Pool
6212017HBPoolC4,OTU17,GS,100,BOLD:AAB3702,Animalia,Arthropoda,Insecta,Trichoptera,Hydropsychidae,Potamyia,Potamyia flava,283,6/21/2017,HickoryBottoms,C,6/7/2017,94,Pool
6212017HBPoolC4,OTU21,GS,100,BOLD:ACR3763,Animalia,Arthropoda,Insecta,Coleoptera,Ptilodactylidae,Ptilodactyla,Ptilodactyla serricollis,2413,6/21/2017,HickoryBottoms,C,6/7/2017,94,Pool
6212017HBPoolC4,OTU23,GS,100,BOLD:AAF9008,Animalia,Arthropoda,Insecta,Diptera,Limoniidae,Helius,Helius flavipes,505,6/21/2017,HickoryBottoms,C,6/7/2017,94,Pool
6212017HBPoolC4,OTU25,GS,100,BOLD:ACF0083,Animalia,Arthropoda,Insecta,Diptera,Tabanidae,Tabanus,Tabanus similis,356,6/21/2017,HickoryBottoms,C,6/7/2017,94,Pool
6212017HBPoolC4,OTU31,GS,100,BOLD:AAM6212,Animalia,Arthropoda,Insecta,Diptera,Chironomidae,Axarus,Axarus festivus,155,6/21/2017,HickoryBottoms,C,6/7/2017,94,Pool
6212017HBPoolC4,OTU47,GS,100,BOLD:AAN5881,Animalia,Arthropoda,Insecta,Diptera,Limoniidae,NA,NA,290,6/21/2017,HickoryBottoms,C,6/7/2017,94,Pool
6212017HBPoolC4,OTU62,GS,100,BOLD:ACX8671,Animalia,Arthropoda,Insecta,Coleoptera,Elateridae,Melanotus,Melanotus miscellus,106,6/21/2017,HickoryBottoms,C,6/7/2017,94,Pool
6212017HBPoolC4,OTU65,GS,100,BOLD:AAA1517,Animalia,Arthropoda,Insecta,Lepidoptera,Tortricidae,Choristoneura,Choristoneura rosaceana,180,6/21/2017,HickoryBottoms,C,6/7/2017,94,Pool
6212017HBPoolC4,OTU67,GS,100,BOLD:AAO3948,Animalia,Arthropoda,Insecta,Diptera,Tipulidae,Nephrotoma,Nephrotoma macrocera,134,6/21/2017,HickoryBottoms,C,6/7/2017,94,Pool
6212017HBPoolC4,OTU68,GS,100,BOLD:AAB7030,Animalia,Arthropoda,Insecta,Diptera,Chironomidae,Chironomus,Chironomus decorus,207,6/21/2017,HickoryBottoms,C,6/7/2017,94,Pool
6212017HBPoolC4,OTU70,GS,100,BOLD:ABY9168,Animalia,Arthropoda,Insecta,Lepidoptera,Tortricidae,Clepsis,Clepsis peritana,93,6/21/2017,HickoryBottoms,C,6/7/2017,94,Pool
6212017HBPoolC4,OTU73,GS,100,BOLD:AAD6926,Animalia,Arthropoda,Arachnida,Araneae,Anyphaenidae,Anyphaena,Anyphaena pectorosa,25,6/21/2017,HickoryBottoms,C,6/7/2017,94,Pool
6212017HBPoolC4,OTU89,GS,98.3,BOLD:ABW2415,Animalia,Arthropoda,Insecta,Diptera,Tipulidae,Nephrotoma,Nephrotoma okefenoke,33,6/21/2017,HickoryBottoms,C,6/7/2017,94,Pool
6212017HBPoolC4,OTU91,GS,99.4,BOLD:AAU8053,Animalia,Arthropoda,Malacostraca,Isopoda,Armadillidiidae,Armadillidium,Armadillidium nasatum,69,6/21/2017,HickoryBottoms,C,6/7/2017,94,Pool
6212017HBPoolC4,OTU114,US,0.9963,BOLD:AAG1452,Animalia,Arthropoda,Insecta,Diptera,NA,NA,NA,265,6/21/2017,HickoryBottoms,C,6/7/2017,94,Pool
6212017HBPoolC4,OTU115,GS,100,BOLD:AAA4942,Animalia,Arthropoda,Arachnida,Araneae,Tetragnathidae,Tetragnatha,Tetragnatha elongata,140,6/21/2017,HickoryBottoms,C,6/7/2017,94,Pool
6212017HBPoolC4,OTU117,GS,100,BOLD:AAH5449,Animalia,Arthropoda,Insecta,Lepidoptera,Tineidae,Acrolophus,Acrolophus propinqua,149,6/21/2017,HickoryBottoms,C,6/7/2017,94,Pool
6212017HBPoolC4,OTU125,GS,100,BOLD:ACX4440,Animalia,Arthropoda,Insecta,Coleoptera,NA,NA,NA,113,6/21/2017,HickoryBottoms,C,6/7/2017,94,Pool
6212017HBPoolC4,OTU141,GS,100,BOLD:ABX6186,Animalia,Arthropoda,Insecta,Diptera,Tipulidae,Nephrotoma,Nephrotoma ferruginea,24,6/21/2017,HickoryBottoms,C,6/7/2017,94,Pool
6212017HBPoolC4,OTU142,GS,100,BOLD:AAH3914,Animalia,Arthropoda,Insecta,Diptera,Sciaridae,Sciara,Sciara humeralis,2982,6/21/2017,HickoryBottoms,C,6/7/2017,94,Pool
6212017HBPoolC4,OTU143,SS,0.21,BOLD:ACW8718,Animalia,Arthropoda,Insecta,Diptera,NA,NA,NA,46,6/21/2017,HickoryBottoms,C,6/7/2017,94,Pool
6212017HBPoolC4,OTU152,GS,100,BOLD:AAA3950,Animalia,Arthropoda,Insecta,Lepidoptera,Tineidae,Acrolophus,Acrolophus plumifrontella,145,6/21/2017,HickoryBottoms,C,6/7/2017,94,Pool
6212017HBPoolC4,OTU154,GS,100,BOLD:AAB0486,Animalia,Arthropoda,Insecta,Lepidoptera,Notodontidae,Heterocampa,Heterocampa obliqua,1721,6/21/2017,HickoryBottoms,C,6/7/2017,94,Pool
6212017HBPoolC4,OTU169,GS,97.2,BOLD:AAO2061,Animalia,Arthropoda,Insecta,Blattodea,Ectobiidae,Parcoblatta,NA,76,6/21/2017,HickoryBottoms,C,6/7/2017,94,Pool
6212017HBPoolC4,OTU174,GS,97.2,BOLD:AAD2010,Animalia,Arthropoda,Insecta,Lepidoptera,Tineidae,Acrolophus,Acrolophus propinqua,98,6/21/2017,HickoryBottoms,C,6/7/2017,94,Pool
6212017HBPoolC4,OTU177,US,0.9934,BOLD:ACS7571,Animalia,Arthropoda,Insecta,Coleoptera,NA,NA,NA,39,6/21/2017,HickoryBottoms,C,6/7/2017,94,Pool
6212017HBPoolC4,OTU182,GS,100,BOLD:ACF4855,Animalia,Arthropoda,Insecta,Lepidoptera,Gelechiidae,Dichomeris,Dichomeris kimballi,122,6/21/2017,HickoryBottoms,C,6/7/2017,94,Pool
6212017HBPoolC4,OTU195,GS,100,BOLD:ABW4424,Animalia,Arthropoda,Insecta,Diptera,Limoniidae,Dicranomyia,NA,22,6/21/2017,HickoryBottoms,C,6/7/2017,94,Pool
6212017HBPoolC4,OTU198,GS,99.4,BOLD:ABZ1242,Animalia,Arthropoda,Insecta,Diptera,Chironomidae,NA,NA,44,6/21/2017,HickoryBottoms,C,6/7/2017,94,Pool
6212017HBPoolC4,OTU200,GS,100,BOLD:AAN8771,Animalia,Arthropoda,Insecta,Diptera,Psychodidae,NA,NA,10,6/21/2017,HickoryBottoms,C,6/7/2017,94,Pool
6212017HBPoolC4,OTU214,GS,99.4,BOLD:AAW6795,Animalia,Arthropoda,Insecta,Diptera,NA,NA,NA,181,6/21/2017,HickoryBottoms,C,6/7/2017,94,Pool
6212017HBPoolC4,OTU218,GS,100,BOLD:AAA4274,Animalia,Arthropoda,Insecta,Lepidoptera,Tineidae,Acrolophus,Acrolophus texanella,304,6/21/2017,HickoryBottoms,C,6/7/2017,94,Pool
6212017HBPoolC4,OTU219,GS,100,BOLD:AAD1855,Animalia,Arthropoda,Insecta,Lepidoptera,Tortricidae,Episimus,Episimus tyrius,25,6/21/2017,HickoryBottoms,C,6/7/2017,94,Pool
6212017HBPoolC4,OTU224,US,0.9934,BOLD:AAV1603,Animalia,Arthropoda,Insecta,Diptera,NA,NA,NA,42,6/21/2017,HickoryBottoms,C,6/7/2017,94,Pool
6212017HBPoolC4,OTU231,GS,100,BOLD:AAD2590,Animalia,Arthropoda,Insecta,Lepidoptera,Gracillariidae,Caloptilia,Caloptilia packardella,12,6/21/2017,HickoryBottoms,C,6/7/2017,94,Pool
6212017HBPoolC4,OTU241,US,0.9963,BOLD:AAZ5765,Animalia,Arthropoda,Insecta,Coleoptera,NA,NA,NA,106,6/21/2017,HickoryBottoms,C,6/7/2017,94,Pool
6212017HBPoolC4,OTU257,GS,100,BOLD:AAA5803,Animalia,Arthropoda,Insecta,Hemiptera,Miridae,Lygus,Lygus lineolaris,36,6/21/2017,HickoryBottoms,C,6/7/2017,94,Pool
6212017HBPoolC4,OTU262,GS,100,BOLD:AAD0306,Animalia,Arthropoda,Insecta,Lepidoptera,Crambidae,Elophila,Elophila tinealis,138,6/21/2017,HickoryBottoms,C,6/7/2017,94,Pool
6212017HBPoolC4,OTU265,GS,100,BOLD:AAQ3192,Animalia,Arthropoda,Insecta,Lepidoptera,Dryadaulidae,Dryadaula,NA,13,6/21/2017,HickoryBottoms,C,6/7/2017,94,Pool
6212017HBPoolC4,OTU268,US,0.9963,BOLD:ACT8457,Animalia,Arthropoda,Insecta,Hymenoptera,NA,NA,NA,18,6/21/2017,HickoryBottoms,C,6/7/2017,94,Pool
6212017HBPoolC4,OTU270,GS,100,BOLD:AAB6541,Animalia,Arthropoda,Insecta,Lepidoptera,Gelechiidae,Coleotechnites,Coleotechnites florae,25,6/21/2017,HickoryBottoms,C,6/7/2017,94,Pool
6212017HBPoolC4,OTU278,GS,100,BOLD:AAB3590,Animalia,Arthropoda,Insecta,Lepidoptera,Gelechiidae,Chionodes,Chionodes discoocellella,14,6/21/2017,HickoryBottoms,C,6/7/2017,94,Pool
6212017HBPoolC4,OTU283,GS,100,BOLD:AAZ5968,Animalia,Arthropoda,Insecta,Diptera,Limoniidae,NA,NA,485,6/21/2017,HickoryBottoms,C,6/7/2017,94,Pool
6212017HBPoolC4,OTU287,GS,98.9,BOLD:AAG5457,Animalia,Arthropoda,Insecta,Diptera,Chironomidae,NA,NA,9,6/21/2017,HickoryBottoms,C,6/7/2017,94,Pool
6212017HBPoolC4,OTU324,GS,100,BOLD:AAR9127,Animalia,Arthropoda,Insecta,Hemiptera,Tingidae,Corythucha,Corythucha marmorata,592,6/21/2017,HickoryBottoms,C,6/7/2017,94,Pool
6212017HBPoolC4,OTU338,GS,100,BOLD:AAH4681,Animalia,Arthropoda,Insecta,Lepidoptera,Autostichidae,Oegoconia,Oegoconia novimundi,35,6/21/2017,HickoryBottoms,C,6/7/2017,94,Pool
6212017HBPoolC4,OTU342,GS,99.4,BOLD:AAI1931,Animalia,Arthropoda,Insecta,Lepidoptera,Blastobasidae,Holcocera,Holcocera chalcofrontella,7,6/21/2017,HickoryBottoms,C,6/7/2017,94,Pool
6212017HBPoolC4,OTU372,GS,100,BOLD:AAC0182,Animalia,Arthropoda,Insecta,Lepidoptera,Tineidae,Niditinea,Niditinea orleansella,5,6/21/2017,HickoryBottoms,C,6/7/2017,94,Pool
6212017HBPoolC4,OTU373,GS,98.9,BOLD:AAG8953,Animalia,Arthropoda,Insecta,Hemiptera,Cicadellidae,Gyponana,Gyponana amara,356,6/21/2017,HickoryBottoms,C,6/7/2017,94,Pool
6212017HBPoolC4,OTU384,GS,99.4,BOLD:AAF9312,Animalia,Arthropoda,Insecta,Diptera,Psychodidae,NA,NA,32,6/21/2017,HickoryBottoms,C,6/7/2017,94,Pool
6212017HBPoolC4,OTU391,GS,100,BOLD:AAI2836,Animalia,Arthropoda,Arachnida,Araneae,Philodromidae,Philodromus,Philodromus keyserlingi,23,6/21/2017,HickoryBottoms,C,6/7/2017,94,Pool
6212017HBPoolC4,OTU396,SS,0.98,BOLD:AAP2734,Animalia,Arthropoda,Insecta,Diptera,Limoniidae,Erioptera,Erioptera parva,79,6/21/2017,HickoryBottoms,C,6/7/2017,94,Pool
6212017HBPoolC4,OTU401,GS,100,BOLD:AAH3229,Animalia,Arthropoda,Insecta,Psocodea,Dasydemellidae,Teliapsocus,NA,5,6/21/2017,HickoryBottoms,C,6/7/2017,94,Pool
6212017HBPoolC4,OTU408,GS,100,BOLD:AAA2955,Animalia,Arthropoda,Insecta,Lepidoptera,Tortricidae,Argyrotaenia,Argyrotaenia ljungiana,7,6/21/2017,HickoryBottoms,C,6/7/2017,94,Pool
6212017HBPoolC4,OTU426,GS,98.9,BOLD:ABX4602,Animalia,Arthropoda,Insecta,Blattodea,Ectobiidae,NA,NA,49,6/21/2017,HickoryBottoms,C,6/7/2017,94,Pool
6212017HBPoolC4,OTU431,US,0,BOLD:ABA5252,Animalia,Arthropoda,Insecta,Diptera,NA,NA,NA,6,6/21/2017,HickoryBottoms,C,6/7/2017,94,Pool
6212017HBPoolC4,OTU433,GS,99.4,BOLD:AAC5286,Animalia,Arthropoda,Insecta,Lepidoptera,Tineidae,Xylesthia,Xylesthia pruniramiella,6,6/21/2017,HickoryBottoms,C,6/7/2017,94,Pool
6212017HBPoolC4,OTU449,US,0.0049,BOLD:ABA3765,Animalia,Arthropoda,Insecta,Coleoptera,NA,NA,NA,270,6/21/2017,HickoryBottoms,C,6/7/2017,94,Pool
6212017HBPoolC4,OTU518,GS,100,BOLD:AAG7012,Animalia,Arthropoda,Insecta,Diptera,Limoniidae,Geranomyia,NA,144,6/21/2017,HickoryBottoms,C,6/7/2017,94,Pool
6212017HBPoolC4,OTU527,GS,100,BOLD:ABX0334,Animalia,Arthropoda,Insecta,Hemiptera,Miridae,Tropidosteptes,Tropidosteptes amoenus,1,6/21/2017,HickoryBottoms,C,6/7/2017,94,Pool
6212017HBPoolC4,OTU546,GS,100,BOLD:AAB1406,Animalia,Arthropoda,Insecta,Lepidoptera,Erebidae,Estigmene,Estigmene acrea,213,6/21/2017,HickoryBottoms,C,6/7/2017,94,Pool
6212017HBPoolC4,OTU575,GS,98.9,BOLD:ACA7044,Animalia,Arthropoda,Insecta,Hymenoptera,Ichneumonidae,NA,NA,105,6/21/2017,HickoryBottoms,C,6/7/2017,94,Pool
6212017HBPoolC4,OTU580,GS,98.3,BOLD:ABZ0908,Animalia,Arthropoda,Insecta,Diptera,Tipulidae,Nephrotoma,Nephrotoma ferruginea,10,6/21/2017,HickoryBottoms,C,6/7/2017,94,Pool
6212017HBPoolC4,OTU585,US,0.7924,BOLD:AAG0758,Animalia,Arthropoda,Insecta,NA,NA,NA,NA,14,6/21/2017,HickoryBottoms,C,6/7/2017,94,Pool
6212017HBPoolC4,OTU600,SS,0.85,BOLD:AAG0758,Animalia,Arthropoda,Insecta,Coleoptera,Pyrochroidae,Dendroides,Dendroides canadensis,8,6/21/2017,HickoryBottoms,C,6/7/2017,94,Pool
6212017HBPoolC4,OTU603,GS,99.4,BOLD:AAO3944,Animalia,Arthropoda,Insecta,Diptera,Limoniidae,Geranomyia,NA,95,6/21/2017,HickoryBottoms,C,6/7/2017,94,Pool
6212017HBPoolC4,OTU605,GS,100,BOLD:ACE2873,Animalia,Arthropoda,Insecta,Lepidoptera,Erebidae,Hypena,Hypena madefactalis,108,6/21/2017,HickoryBottoms,C,6/7/2017,94,Pool
6212017HBPoolC4,OTU615,US,0.9916,BOLD:ACD1227,Animalia,Arthropoda,Insecta,Hymenoptera,NA,NA,NA,8,6/21/2017,HickoryBottoms,C,6/7/2017,94,Pool
6212017HBPoolC4,OTU624,GS,100,BOLD:AAP4712,Animalia,Arthropoda,Insecta,Diptera,Psychodidae,NA,NA,72,6/21/2017,HickoryBottoms,C,6/7/2017,94,Pool
6212017HBPoolC4,OTU635,GS,97.2,BOLD:AAN5882,Animalia,Arthropoda,Insecta,Diptera,Limoniidae,Erioptera,Erioptera caliptera,117,6/21/2017,HickoryBottoms,C,6/7/2017,94,Pool
6212017HBPoolC4,OTU636,GS,99.4,BOLD:AAM6230,Animalia,Arthropoda,Insecta,Diptera,Chironomidae,Chironomus,NA,5,6/21/2017,HickoryBottoms,C,6/7/2017,94,Pool
6212017HBPoolC4,OTU637,US,0.9934,BOLD:AAH6851,Animalia,Arthropoda,Insecta,Coleoptera,NA,NA,NA,39,6/21/2017,HickoryBottoms,C,6/7/2017,94,Pool
6212017HBPoolC4,OTU642,GS,100,BOLD:AAM7778,Animalia,Arthropoda,Insecta,Coleoptera,Hydrophilidae,Enochrus,Enochrus ochraceus,13,6/21/2017,HickoryBottoms,C,6/7/2017,94,Pool
6212017HBPoolC4,OTU670,US,0.9546,BOLD:AAG0758,Animalia,Arthropoda,Insecta,Diptera,NA,NA,NA,30,6/21/2017,HickoryBottoms,C,6/7/2017,94,Pool
6212017HBPoolC4,OTU702,SS,0.87,BOLD:AAN6304,Animalia,Arthropoda,Arachnida,Araneae,Araneidae,Araneus,Araneus guttulatus,4,6/21/2017,HickoryBottoms,C,6/7/2017,94,Pool
6212017HBPoolC4,OTU706,GS,98.3,BOLD:ACV0077,Animalia,Arthropoda,Insecta,Hymenoptera,Perilampidae,Perilampus,NA,5,6/21/2017,HickoryBottoms,C,6/7/2017,94,Pool
6212017HBPoolC4,OTU711,GS,100,BOLD:AAG2871,Animalia,Arthropoda,Insecta,Hemiptera,Cicadellidae,Agallia,Agallia constricta,33,6/21/2017,HickoryBottoms,C,6/7/2017,94,Pool
6212017HBPoolC4,OTU713,GS,99.4,BOLD:AAM7602,Animalia,Arthropoda,Insecta,Coleoptera,Cerambycidae,NA,NA,14,6/21/2017,HickoryBottoms,C,6/7/2017,94,Pool
6212017HBPoolC4,OTU715,SS,0.71,BOLD:ABZ0908,Animalia,Arthropoda,Insecta,Diptera,NA,NA,NA,74,6/21/2017,HickoryBottoms,C,6/7/2017,94,Pool
6212017HBPoolC4,OTU719,US,0.9859,BOLD:AAG0758,Animalia,Arthropoda,Insecta,Lepidoptera,NA,NA,NA,2,6/21/2017,HickoryBottoms,C,6/7/2017,94,Pool
6212017HBPoolC4,OTU720,GS,99.4,BOLD:AAB5347,Animalia,Arthropoda,Insecta,Lepidoptera,Tortricidae,Paralobesia,Paralobesia liriodendrana,13,6/21/2017,HickoryBottoms,C,6/7/2017,94,Pool
6212017HBPoolC4,OTU729,GS,100,BOLD:AAA7282,Animalia,Arthropoda,Insecta,Lepidoptera,Tortricidae,Cydia,Cydia caryana,15,6/21/2017,HickoryBottoms,C,6/7/2017,94,Pool
6212017HBPoolC4,OTU746,GS,100,BOLD:AAB7995,Animalia,Arthropoda,Arachnida,Araneae,Tetragnathidae,Tetragnatha,Tetragnatha shoshone,56,6/21/2017,HickoryBottoms,C,6/7/2017,94,Pool
6212017HBPoolC4,OTU760,GS,100,BOLD:AAK1384,Animalia,Arthropoda,Insecta,Diptera,Tabanidae,Tabanus,Tabanus atratus,72,6/21/2017,HickoryBottoms,C,6/7/2017,94,Pool
6212017HBPoolC4,OTU770,GS,100,BOLD:ACF1857,Animalia,Arthropoda,Insecta,Lepidoptera,Nymphalidae,Phyciodes,Phyciodes tharos,12,6/21/2017,HickoryBottoms,C,6/7/2017,94,Pool
6212017HBPoolC4,OTU771,US,0.2833,BOLD:ACN7840,Animalia,Arthropoda,Arachnida,Araneae,NA,NA,NA,8,6/21/2017,HickoryBottoms,C,6/7/2017,94,Pool
6212017HBPoolC4,OTU775,SS,0.55,BOLD:AAV3887,Animalia,Arthropoda,Insecta,Diptera,NA,NA,NA,144,6/21/2017,HickoryBottoms,C,6/7/2017,94,Pool
6212017HBPoolC4,OTU785,US,0.9967,BOLD:AAD1848,Animalia,Arthropoda,Insecta,Lepidoptera,NA,NA,NA,34,6/21/2017,HickoryBottoms,C,6/7/2017,94,Pool
6212017HBPoolC4,OTU798,SS,0.6,BOLD:AAO3940,Animalia,Arthropoda,Insecta,Diptera,NA,NA,NA,13,6/21/2017,HickoryBottoms,C,6/7/2017,94,Pool
6212017HBPoolC4,OTU853,US,0,BOLD:ACP0294,Animalia,Arthropoda,Insecta,Coleoptera,NA,NA,NA,100,6/21/2017,HickoryBottoms,C,6/7/2017,94,Pool
6212017HBPoolC4,OTU907,SS,0.01,BOLD:AAO3940,Animalia,Arthropoda,Insecta,Diptera,Limoniidae,Rhipidia,NA,27,6/21/2017,HickoryBottoms,C,6/7/2017,94,Pool
6212017HBPoolC4,OTU913,US,0,BOLD:ABV3248,Animalia,Arthropoda,Insecta,Diptera,NA,NA,NA,32,6/21/2017,HickoryBottoms,C,6/7/2017,94,Pool
6212017HBPoolC4,OTU924,GS,100,BOLD:AAB1670,Animalia,Arthropoda,Insecta,Lepidoptera,Noctuidae,Marimatha,Marimatha nigrofimbria,25,6/21/2017,HickoryBottoms,C,6/7/2017,94,Pool
6212017HBPoolC4,OTU927,GS,100,BOLD:ACY5387,Animalia,Arthropoda,Insecta,Coleoptera,Staphylinidae,Pella,Pella loricata,65,6/21/2017,HickoryBottoms,C,6/7/2017,94,Pool
6212017HBPoolC4,OTU935,SS,0.01,BOLD:AAO3940,Animalia,Arthropoda,Insecta,Diptera,Limoniidae,Rhipidia,NA,16,6/21/2017,HickoryBottoms,C,6/7/2017,94,Pool
6212017HBPoolC4,OTU947,US,0.9546,BOLD:AAG0758,Animalia,Arthropoda,Insecta,Lepidoptera,NA,NA,NA,3,6/21/2017,HickoryBottoms,C,6/7/2017,94,Pool
6212017HBPoolC4,OTU949,GS,100,BOLD:AAP3003,Animalia,Arthropoda,Insecta,Diptera,Chironomidae,NA,NA,28,6/21/2017,HickoryBottoms,C,6/7/2017,94,Pool
6212017HBPoolC4,OTU954,SS,0.17,BOLD:ACW3280,Animalia,Arthropoda,Insecta,Diptera,NA,NA,NA,5,6/21/2017,HickoryBottoms,C,6/7/2017,94,Pool
6212017HBPoolC4,OTU956,SS,0.08,BOLD:ACN4095,Animalia,Arthropoda,Insecta,Diptera,NA,NA,NA,7,6/21/2017,HickoryBottoms,C,6/7/2017,94,Pool
6212017HBPoolC4,OTU1021,US,0.0017,BOLD:AAG0758,Animalia,Arthropoda,Insecta,Lepidoptera,NA,NA,NA,10,6/21/2017,HickoryBottoms,C,6/7/2017,94,Pool
6212017HBPoolC4,OTU1027,GS,98.3,BOLD:ABZ1212,Animalia,Arthropoda,Insecta,Lepidoptera,Tortricidae,Sparganothis,Sparganothis distincta,37,6/21/2017,HickoryBottoms,C,6/7/2017,94,Pool
6212017HBPoolC4,OTU1068,GS,99.4,BOLD:AAE3407,Animalia,Arthropoda,Insecta,Blattodea,Ectobiidae,Parcoblatta,Parcoblatta pennsylvanica,29,6/21/2017,HickoryBottoms,C,6/7/2017,94,Pool
6212017HBPoolC4,OTU1078,SS,0.86,BOLD:AAG0758,Animalia,Arthropoda,Insecta,Coleoptera,Pyrochroidae,Dendroides,Dendroides canadensis,4,6/21/2017,HickoryBottoms,C,6/7/2017,94,Pool
6212017HBPoolC4,OTU1099,US,5e-04,BOLD:AAG0758,Animalia,Arthropoda,Insecta,Diptera,NA,NA,NA,33,6/21/2017,HickoryBottoms,C,6/7/2017,94,Pool
6212017HBPoolC4,OTU1100,GS,97,BOLD:AAF9064,Animalia,Arthropoda,Insecta,Diptera,Limoniidae,Elephantomyia,Elephantomyia westwoodi,3,6/21/2017,HickoryBottoms,C,6/7/2017,94,Pool
6212017HBPoolC4,OTU1164,SS,0.84,BOLD:AAG0758,Animalia,Arthropoda,Insecta,Coleoptera,Pyrochroidae,Dendroides,Dendroides canadensis,47,6/21/2017,HickoryBottoms,C,6/7/2017,94,Pool
6212017HBPoolC4,OTU1172,SS,0.83,BOLD:AAD6926,Animalia,Arthropoda,Arachnida,Araneae,Anyphaenidae,Anyphaena,Anyphaena pectorosa,1,6/21/2017,HickoryBottoms,C,6/7/2017,94,Pool
6212017HBPoolC4,OTU1175,GS,100,BOLD:AAC8389,Animalia,Arthropoda,Insecta,Lepidoptera,Erebidae,Parahypenodes,Parahypenodes quadralis,44,6/21/2017,HickoryBottoms,C,6/7/2017,94,Pool
6212017HBPoolC4,OTU1184,GS,100,BOLD:AAK4647,Animalia,Arthropoda,Insecta,Lepidoptera,Gelechiidae,Helcystogramma,Helcystogramma melantherella,7,6/21/2017,HickoryBottoms,C,6/7/2017,94,Pool
6212017HBPoolC4,OTU1187,US,0.7924,BOLD:ABW7506,Animalia,Arthropoda,Arachnida,NA,NA,NA,NA,15,6/21/2017,HickoryBottoms,C,6/7/2017,94,Pool
6212017HBPoolC4,OTU1202,GS,99.4,BOLD:AAI3613,Animalia,Arthropoda,Insecta,Diptera,Stratiomyidae,Odontomyia,Odontomyia pubescens,61,6/21/2017,HickoryBottoms,C,6/7/2017,94,Pool
6212017HBPoolC4,OTU1210,GS,97.2,BOLD:AAF4632,Animalia,Arthropoda,Insecta,Diptera,Limoniidae,Epiphragma,Epiphragma solatrix,26,6/21/2017,HickoryBottoms,C,6/7/2017,94,Pool
6212017HBPoolC4,OTU1224,GS,100,BOLD:AAU7767,Animalia,Arthropoda,Insecta,Lepidoptera,Cosmopterigidae,Melanocinclis,Melanocinclis lineigera,7,6/21/2017,HickoryBottoms,C,6/7/2017,94,Pool
6212017HBPoolC4,OTU1240,GS,98.9,BOLD:AAI4410,Animalia,Arthropoda,Insecta,Lepidoptera,Tineidae,NA,NA,7,6/21/2017,HickoryBottoms,C,6/7/2017,94,Pool
6212017HBPoolC4,OTU1244,SS,0.81,BOLD:AAN5882,Animalia,Arthropoda,Insecta,Diptera,Limoniidae,Erioptera,Erioptera caliptera,159,6/21/2017,HickoryBottoms,C,6/7/2017,94,Pool
6212017HBPoolC4,OTU1265,SS,0.83,BOLD:AAF4632,Animalia,Arthropoda,Insecta,Diptera,Limoniidae,Epiphragma,Epiphragma solatrix,10,6/21/2017,HickoryBottoms,C,6/7/2017,94,Pool
6212017HBPoolC4,OTU1277,US,2e-04,BOLD:AAG0758,Animalia,Arthropoda,Insecta,Lepidoptera,NA,NA,NA,10,6/21/2017,HickoryBottoms,C,6/7/2017,94,Pool
6212017HBPoolC4,OTU1278,US,1,BOLD:AAG0758,Animalia,Arthropoda,Insecta,Coleoptera,NA,NA,NA,1,6/21/2017,HickoryBottoms,C,6/7/2017,94,Pool
6212017HBPoolC4,OTU1292,GS,97.8,BOLD:AAN5882,Animalia,Arthropoda,Insecta,Diptera,Limoniidae,Erioptera,Erioptera caliptera,69,6/21/2017,HickoryBottoms,C,6/7/2017,94,Pool
6212017HBPoolC4,OTU1296,GS,97.2,BOLD:AAD2334,Animalia,Arthropoda,Insecta,Lepidoptera,Tineidae,Acrolophus,Acrolophus hasbroucki,16,6/21/2017,HickoryBottoms,C,6/7/2017,94,Pool
6212017HBPoolC4,OTU1306,GS,97.2,BOLD:ABX5600,Animalia,Arthropoda,Insecta,Hemiptera,Cicadellidae,Gyponana,Gyponana cana,9,6/21/2017,HickoryBottoms,C,6/7/2017,94,Pool
6212017HBPoolC4,OTU1343,GS,100,BOLD:AAC6150,Animalia,Arthropoda,Insecta,Lepidoptera,Tortricidae,Epiblema,Epiblema abruptana,22,6/21/2017,HickoryBottoms,C,6/7/2017,94,Pool
6212017HBPoolC4,OTU1350,GS,97.2,BOLD:AAA7067,Animalia,Arthropoda,Insecta,Diptera,Culicidae,Aedes,Aedes vexans,871,6/21/2017,HickoryBottoms,C,6/7/2017,94,Pool
6212017HBPoolC4,OTU1351,SS,0.94,BOLD:AAB7030,Animalia,Arthropoda,Insecta,Diptera,Chironomidae,Chironomus,Chironomus decorus,35,6/21/2017,HickoryBottoms,C,6/7/2017,94,Pool
6212017HBPoolC4,OTU1358,SS,0.75,BOLD:AAG0758,Animalia,Arthropoda,Insecta,Coleoptera,NA,NA,NA,17,6/21/2017,HickoryBottoms,C,6/7/2017,94,Pool
6212017HBPoolC4,OTU1363,GS,100,BOLD:AAH0074,Animalia,Arthropoda,Insecta,Coleoptera,Scirtidae,Cyphon,Cyphon obscurus,1,6/21/2017,HickoryBottoms,C,6/7/2017,94,Pool
6212017HBPoolC4,OTU1375,SS,0.11,BOLD:ACR6572,Animalia,Arthropoda,Insecta,Lepidoptera,NA,NA,NA,47,6/21/2017,HickoryBottoms,C,6/7/2017,94,Pool
6212017HBPoolC4,OTU1384,SS,0.76,BOLD:ACP7431,Animalia,Arthropoda,Insecta,NA,NA,NA,NA,240,6/21/2017,HickoryBottoms,C,6/7/2017,94,Pool
6212017HBPoolC4,OTU1403,SS,0.36,BOLD:ACV0130,Animalia,Arthropoda,Insecta,Diptera,NA,NA,NA,2,6/21/2017,HickoryBottoms,C,6/7/2017,94,Pool
6212017HBPoolC4,OTU1434,GS,97.6,BOLD:AAA7067,Animalia,Arthropoda,Insecta,Diptera,Culicidae,Aedes,Aedes vexans,14,6/21/2017,HickoryBottoms,C,6/7/2017,94,Pool
6212017HBPoolC4,OTU1464,SS,0.42,BOLD:ABA5086,Animalia,Arthropoda,Insecta,Hemiptera,Cicadellidae,Gyponana,NA,10,6/21/2017,HickoryBottoms,C,6/7/2017,94,Pool
6212017HBPoolC4,OTU1480,US,0.9249,BOLD:AAN5882,Animalia,Arthropoda,Insecta,Diptera,NA,NA,NA,22,6/21/2017,HickoryBottoms,C,6/7/2017,94,Pool
6212017HBPoolC4,OTU1482,SS,0.87,BOLD:AAF9008,Animalia,Arthropoda,Insecta,Diptera,Limoniidae,Helius,Helius flavipes,8,6/21/2017,HickoryBottoms,C,6/7/2017,94,Pool
6212017HBPoolC4,OTU1494,US,0.8732,BOLD:AAF4632,Animalia,Arthropoda,Insecta,Diptera,NA,NA,NA,5,6/21/2017,HickoryBottoms,C,6/7/2017,94,Pool
6212017HBPoolC4,OTU1497,SS,0.97,BOLD:AAI1618,Animalia,Arthropoda,Insecta,Diptera,Culicidae,Coquillettidia,Coquillettidia perturbans,3,6/21/2017,HickoryBottoms,C,6/7/2017,94,Pool
6212017HBPoolC4,OTU1504,SS,0.08,BOLD:ACB5181,Animalia,Arthropoda,Insecta,Diptera,NA,NA,NA,149,6/21/2017,HickoryBottoms,C,6/7/2017,94,Pool
6212017HBPoolC4,OTU1512,GS,98.9,BOLD:ACU8828,Animalia,Arthropoda,Insecta,Coleoptera,Cleridae,NA,NA,35,6/21/2017,HickoryBottoms,C,6/7/2017,94,Pool
6212017HBPoolC4,OTU1513,GS,97.8,BOLD:ACL2801,Animalia,Arthropoda,Insecta,Diptera,Tipulidae,Nephrotoma,Nephrotoma macrocera,1,6/21/2017,HickoryBottoms,C,6/7/2017,94,Pool
6212017HBPoolC4,OTU1522,SS,0.57,BOLD:AAF9008,Animalia,Arthropoda,Insecta,Diptera,NA,NA,NA,1,6/21/2017,HickoryBottoms,C,6/7/2017,94,Pool
6212017HBPoolC4,OTU1547,GS,98.9,BOLD:AAA9667,Animalia,Arthropoda,Insecta,Lepidoptera,Oecophoridae,Epicallima,Epicallima argenticinctella,27,6/21/2017,HickoryBottoms,C,6/7/2017,94,Pool
6212017HBPoolC4,OTU1554,SS,0.92,BOLD:AAP2734,Animalia,Arthropoda,Insecta,Diptera,Limoniidae,Erioptera,Erioptera parva,233,6/21/2017,HickoryBottoms,C,6/7/2017,94,Pool
6212017HBPoolC4,OTU1581,SS,0.94,BOLD:ACF4855,Animalia,Arthropoda,Insecta,Lepidoptera,Gelechiidae,Dichomeris,Dichomeris kimballi,33,6/21/2017,HickoryBottoms,C,6/7/2017,94,Pool
6212017HBPoolC4,OTU1583,US,0,BOLD:AAG0758,Animalia,Arthropoda,Insecta,Lepidoptera,NA,NA,NA,11,6/21/2017,HickoryBottoms,C,6/7/2017,94,Pool
6212017HBPoolC4,OTU1602,GS,100,BOLD:AAC9649,Animalia,Arthropoda,Insecta,Lepidoptera,Tortricidae,Proteoteras,Proteoteras willingana,11,6/21/2017,HickoryBottoms,C,6/7/2017,94,Pool
6212017HBPoolC4,OTU1635,US,0,None,Animalia,Arthropoda,Arachnida,Araneae,NA,NA,NA,1,6/21/2017,HickoryBottoms,C,6/7/2017,94,Pool
6212017HBPoolC4,OTU1651,SS,0.93,BOLD:AAU7129,Animalia,Arthropoda,Insecta,Coleoptera,Bostrichidae,Xylobiops,Xylobiops basilaris,25,6/21/2017,HickoryBottoms,C,6/7/2017,94,Pool
6212017HBPoolC4,OTU1653,GS,99.4,BOLD:ACQ8280,Animalia,Arthropoda,Insecta,Lepidoptera,Lecithoceridae,Martyringa,Martyringa ravicapitis,8,6/21/2017,HickoryBottoms,C,6/7/2017,94,Pool
6212017HBPoolC4,OTU1668,US,0.7924,BOLD:ABW7506,Animalia,Arthropoda,Arachnida,NA,NA,NA,NA,14,6/21/2017,HickoryBottoms,C,6/7/2017,94,Pool
6212017HBPoolC4,OTU1683,SS,0.84,BOLD:AAF4632,Animalia,Arthropoda,Insecta,Diptera,Limoniidae,Epiphragma,Epiphragma solatrix,92,6/21/2017,HickoryBottoms,C,6/7/2017,94,Pool
6212017HBPoolC4,OTU1698,US,0.9859,BOLD:AAG0758,Animalia,Arthropoda,Insecta,Coleoptera,NA,NA,NA,30,6/21/2017,HickoryBottoms,C,6/7/2017,94,Pool
6212017HBPoolC4,OTU1719,GS,97.2,BOLD:AAG0149,Animalia,Arthropoda,Insecta,Lepidoptera,NA,NA,NA,7,6/21/2017,HickoryBottoms,C,6/7/2017,94,Pool
6212017HBPoolC4,OTU1748,SS,0.6,BOLD:ACF8409,Animalia,Arthropoda,Insecta,Diptera,NA,NA,NA,54,6/21/2017,HickoryBottoms,C,6/7/2017,94,Pool
6212017HBPoolC4,OTU1770,GS,99.4,BOLD:ACA8431,Animalia,Arthropoda,Insecta,Coleoptera,NA,NA,NA,3,6/21/2017,HickoryBottoms,C,6/7/2017,94,Pool
6212017HBPoolC4,OTU1778,SS,0.95,BOLD:AAG2878,Animalia,Arthropoda,Insecta,Hemiptera,Cicadellidae,Gyponana,Gyponana extenda,12,6/21/2017,HickoryBottoms,C,6/7/2017,94,Pool
6212017HBPoolC4,OTU1782,US,0.9249,BOLD:AAO3940,Animalia,Arthropoda,Insecta,Diptera,NA,NA,NA,7,6/21/2017,HickoryBottoms,C,6/7/2017,94,Pool
6212017HBPoolC4,OTU1834,SS,0.74,BOLD:AAF4632,Animalia,Arthropoda,Insecta,Diptera,NA,NA,NA,2,6/21/2017,HickoryBottoms,C,6/7/2017,94,Pool
6212017HBPoolC4,OTU1870,GS,98.3,BOLD:AAM7568,Animalia,Arthropoda,Insecta,Coleoptera,NA,NA,NA,14,6/21/2017,HickoryBottoms,C,6/7/2017,94,Pool
6212017HBPoolC4,OTU1910,SS,0.87,BOLD:ABZ0908,Animalia,Arthropoda,Insecta,Diptera,Tipulidae,Nephrotoma,Nephrotoma ferruginea,1,6/21/2017,HickoryBottoms,C,6/7/2017,94,Pool
6212017HBPoolD1,OTU4,GS,100,BOLD:AAN5882,Animalia,Arthropoda,Insecta,Diptera,Limoniidae,Erioptera,Erioptera caliptera,11712,6/21/2017,HickoryBottoms,D,6/7/2017,113,Pool
6212017HBPoolD1,OTU9,US,0.7924,BOLD:AAG8502,Animalia,Arthropoda,Insecta,NA,NA,NA,NA,252,6/21/2017,HickoryBottoms,D,6/7/2017,113,Pool
6212017HBPoolD1,OTU15,GS,100,BOLD:ABZ0908,Animalia,Arthropoda,Insecta,Diptera,Tipulidae,Nephrotoma,Nephrotoma ferruginea,13073,6/21/2017,HickoryBottoms,D,6/7/2017,113,Pool
6212017HBPoolD1,OTU16,GS,100,BOLD:AAA7067,Animalia,Arthropoda,Insecta,Diptera,Culicidae,Aedes,Aedes vexans,427,6/21/2017,HickoryBottoms,D,6/7/2017,113,Pool
6212017HBPoolD1,OTU17,GS,100,BOLD:AAB3702,Animalia,Arthropoda,Insecta,Trichoptera,Hydropsychidae,Potamyia,Potamyia flava,882,6/21/2017,HickoryBottoms,D,6/7/2017,113,Pool
6212017HBPoolD1,OTU21,GS,100,BOLD:ACR3763,Animalia,Arthropoda,Insecta,Coleoptera,Ptilodactylidae,Ptilodactyla,Ptilodactyla serricollis,548,6/21/2017,HickoryBottoms,D,6/7/2017,113,Pool
6212017HBPoolD1,OTU23,GS,100,BOLD:AAF9008,Animalia,Arthropoda,Insecta,Diptera,Limoniidae,Helius,Helius flavipes,1276,6/21/2017,HickoryBottoms,D,6/7/2017,113,Pool
6212017HBPoolD1,OTU57,GS,100,BOLD:AAI1618,Animalia,Arthropoda,Insecta,Diptera,Culicidae,Coquillettidia,Coquillettidia perturbans,126,6/21/2017,HickoryBottoms,D,6/7/2017,113,Pool
6212017HBPoolD1,OTU63,GS,99.4,BOLD:AAD4131,Animalia,Arthropoda,Insecta,Trichoptera,Hydropsychidae,Hydropsyche,Hydropsyche orris,6751,6/21/2017,HickoryBottoms,D,6/7/2017,113,Pool
6212017HBPoolD1,OTU68,GS,100,BOLD:AAB7030,Animalia,Arthropoda,Insecta,Diptera,Chironomidae,Chironomus,Chironomus decorus,91,6/21/2017,HickoryBottoms,D,6/7/2017,113,Pool
6212017HBPoolD1,OTU89,GS,98.3,BOLD:ABW2415,Animalia,Arthropoda,Insecta,Diptera,Tipulidae,Nephrotoma,Nephrotoma okefenoke,29,6/21/2017,HickoryBottoms,D,6/7/2017,113,Pool
6212017HBPoolD1,OTU99,US,1,BOLD:ACF7919,Animalia,Arthropoda,Collembola,Poduromorpha,NA,NA,NA,67,6/21/2017,HickoryBottoms,D,6/7/2017,113,Pool
6212017HBPoolD1,OTU121,US,0.9936,BOLD:AAN9897,Animalia,Arthropoda,Insecta,Lepidoptera,NA,NA,NA,78,6/21/2017,HickoryBottoms,D,6/7/2017,113,Pool
6212017HBPoolD1,OTU166,GS,98.3,BOLD:AAH2870,Animalia,Arthropoda,Insecta,Hemiptera,Aphididae,Euceraphis,Euceraphis papyrifericola,1160,6/21/2017,HickoryBottoms,D,6/7/2017,113,Pool
6212017HBPoolD1,OTU167,GS,100,BOLD:ACA7651,Animalia,Arthropoda,Insecta,Hymenoptera,Ichneumonidae,NA,NA,26,6/21/2017,HickoryBottoms,D,6/7/2017,113,Pool
6212017HBPoolD1,OTU190,GS,100,BOLD:ABY7666,Animalia,Arthropoda,Insecta,Diptera,Culicidae,Culex,Culex territans,14,6/21/2017,HickoryBottoms,D,6/7/2017,113,Pool
6212017HBPoolD1,OTU194,GS,100,BOLD:AAA6913,Animalia,Arthropoda,Insecta,Lepidoptera,Noctuidae,Leuconycta,Leuconycta diphteroides,9,6/21/2017,HickoryBottoms,D,6/7/2017,113,Pool
6212017HBPoolD1,OTU198,GS,99.4,BOLD:ABZ1242,Animalia,Arthropoda,Insecta,Diptera,Chironomidae,NA,NA,17,6/21/2017,HickoryBottoms,D,6/7/2017,113,Pool
6212017HBPoolD1,OTU214,GS,99.4,BOLD:AAW6795,Animalia,Arthropoda,Insecta,Diptera,NA,NA,NA,28,6/21/2017,HickoryBottoms,D,6/7/2017,113,Pool
6212017HBPoolD1,OTU257,GS,100,BOLD:AAA5803,Animalia,Arthropoda,Insecta,Hemiptera,Miridae,Lygus,Lygus lineolaris,12,6/21/2017,HickoryBottoms,D,6/7/2017,113,Pool
6212017HBPoolD1,OTU268,US,0.9963,BOLD:ACT8457,Animalia,Arthropoda,Insecta,Hymenoptera,NA,NA,NA,24,6/21/2017,HickoryBottoms,D,6/7/2017,113,Pool
6212017HBPoolD1,OTU287,GS,98.9,BOLD:AAG5457,Animalia,Arthropoda,Insecta,Diptera,Chironomidae,NA,NA,20,6/21/2017,HickoryBottoms,D,6/7/2017,113,Pool
6212017HBPoolD1,OTU323,GS,98.9,BOLD:AAA5103,Animalia,Arthropoda,Insecta,Diptera,Culicidae,Anopheles,Anopheles crucians,19,6/21/2017,HickoryBottoms,D,6/7/2017,113,Pool
6212017HBPoolD1,OTU370,GS,99.4,BOLD:AAN6154,Animalia,Arthropoda,Insecta,Coleoptera,Latridiidae,Melanophthalma,Melanophthalma inermis,186,6/21/2017,HickoryBottoms,D,6/7/2017,113,Pool
6212017HBPoolD1,OTU380,US,0,None,Animalia,Arthropoda,Insecta,Trichoptera,NA,NA,NA,268,6/21/2017,HickoryBottoms,D,6/7/2017,113,Pool
6212017HBPoolD1,OTU413,GS,100,BOLD:AAA0399,Animalia,Arthropoda,Insecta,Lepidoptera,Crambidae,Elophila,Elophila obliteralis,268,6/21/2017,HickoryBottoms,D,6/7/2017,113,Pool
6212017HBPoolD1,OTU426,GS,98.9,BOLD:ABX4602,Animalia,Arthropoda,Insecta,Blattodea,Ectobiidae,NA,NA,28,6/21/2017,HickoryBottoms,D,6/7/2017,113,Pool
6212017HBPoolD1,OTU437,SS,0.23,BOLD:AAD0874,Animalia,Arthropoda,Insecta,Trichoptera,Hydropsychidae,Hydropsyche,NA,328,6/21/2017,HickoryBottoms,D,6/7/2017,113,Pool
6212017HBPoolD1,OTU439,GS,100,BOLD:AAI3406,Animalia,Arthropoda,Insecta,Coleoptera,Cerambycidae,Obrium,Obrium rufulum,48,6/21/2017,HickoryBottoms,D,6/7/2017,113,Pool
6212017HBPoolD1,OTU442,GS,97.2,BOLD:ABU6554,Animalia,Arthropoda,Insecta,Diptera,NA,NA,NA,7,6/21/2017,HickoryBottoms,D,6/7/2017,113,Pool
6212017HBPoolD1,OTU445,GS,100,BOLD:AAF3325,Animalia,Arthropoda,Insecta,Lepidoptera,Psychidae,Kearfottia,Kearfottia albifasciella,14,6/21/2017,HickoryBottoms,D,6/7/2017,113,Pool
6212017HBPoolD1,OTU446,GS,100,BOLD:AAD1537,Animalia,Arthropoda,Insecta,Lepidoptera,Tortricidae,Gretchena,Gretchena bolliana,2,6/21/2017,HickoryBottoms,D,6/7/2017,113,Pool
6212017HBPoolD1,OTU469,GS,100,BOLD:AAR7014,Animalia,Arthropoda,Insecta,Lepidoptera,Gracillariidae,Neurobathra,Neurobathra strigifinitella,2,6/21/2017,HickoryBottoms,D,6/7/2017,113,Pool
6212017HBPoolD1,OTU493,GS,99.4,BOLD:ABY7387,Animalia,Arthropoda,Insecta,Lepidoptera,Limacodidae,Lithacodes,Lithacodes fasciola,13,6/21/2017,HickoryBottoms,D,6/7/2017,113,Pool
6212017HBPoolD1,OTU580,GS,98.3,BOLD:ABZ0908,Animalia,Arthropoda,Insecta,Diptera,Tipulidae,Nephrotoma,Nephrotoma ferruginea,7,6/21/2017,HickoryBottoms,D,6/7/2017,113,Pool
6212017HBPoolD1,OTU586,US,0.9885,BOLD:ACB2737,Animalia,Arthropoda,Insecta,Hymenoptera,NA,NA,NA,2,6/21/2017,HickoryBottoms,D,6/7/2017,113,Pool
6212017HBPoolD1,OTU608,US,0.6809,BOLD:ABW8929,Animalia,Arthropoda,Maxillopoda,NA,NA,NA,NA,7,6/21/2017,HickoryBottoms,D,6/7/2017,113,Pool
6212017HBPoolD1,OTU635,GS,97.2,BOLD:AAN5882,Animalia,Arthropoda,Insecta,Diptera,Limoniidae,Erioptera,Erioptera caliptera,381,6/21/2017,HickoryBottoms,D,6/7/2017,113,Pool
6212017HBPoolD1,OTU654,US,0.9967,BOLD:AAU1152,Animalia,Arthropoda,Insecta,Lepidoptera,NA,NA,NA,12,6/21/2017,HickoryBottoms,D,6/7/2017,113,Pool
6212017HBPoolD1,OTU680,GS,97.2,BOLD:AAF9008,Animalia,Arthropoda,Insecta,Diptera,Limoniidae,Helius,Helius flavipes,27,6/21/2017,HickoryBottoms,D,6/7/2017,113,Pool
6212017HBPoolD1,OTU686,US,0.9919,BOLD:ACT2785,Animalia,Arthropoda,Insecta,Hymenoptera,NA,NA,NA,11,6/21/2017,HickoryBottoms,D,6/7/2017,113,Pool
6212017HBPoolD1,OTU698,GS,99.4,BOLD:ACY2331,Animalia,Arthropoda,Insecta,Diptera,Stratiomyidae,NA,NA,2,6/21/2017,HickoryBottoms,D,6/7/2017,113,Pool
6212017HBPoolD1,OTU707,GS,100,BOLD:ACA3244,Animalia,Arthropoda,Insecta,Diptera,Chironomidae,Polypedilum,Polypedilum convictum,5,6/21/2017,HickoryBottoms,D,6/7/2017,113,Pool
6212017HBPoolD1,OTU715,SS,0.71,BOLD:ABZ0908,Animalia,Arthropoda,Insecta,Diptera,NA,NA,NA,131,6/21/2017,HickoryBottoms,D,6/7/2017,113,Pool
6212017HBPoolD1,OTU718,US,0.7924,BOLD:AAG0758,Animalia,Arthropoda,Insecta,NA,NA,NA,NA,3,6/21/2017,HickoryBottoms,D,6/7/2017,113,Pool
6212017HBPoolD1,OTU728,GS,100,BOLD:ABA6114,Animalia,Arthropoda,Insecta,Hymenoptera,Diapriidae,NA,NA,3,6/21/2017,HickoryBottoms,D,6/7/2017,113,Pool
6212017HBPoolD1,OTU737,GS,100,BOLD:AAG3822,Animalia,Arthropoda,Arachnida,Araneae,Anyphaenidae,Anyphaena,NA,1,6/21/2017,HickoryBottoms,D,6/7/2017,113,Pool
6212017HBPoolD1,OTU756,GS,100,BOLD:ABY9006,Animalia,Arthropoda,Insecta,Hemiptera,Aphididae,Pemphigus,NA,125,6/21/2017,HickoryBottoms,D,6/7/2017,113,Pool
6212017HBPoolD1,OTU757,GS,100,BOLD:ABA3960,Animalia,Arthropoda,Insecta,Coleoptera,Chrysomelidae,Paria,Paria fragariae,4,6/21/2017,HickoryBottoms,D,6/7/2017,113,Pool
6212017HBPoolD1,OTU765,GS,100,BOLD:ABW8719,Animalia,Arthropoda,Insecta,Coleoptera,Dytiscidae,Coptotomus,Coptotomus longulus,10,6/21/2017,HickoryBottoms,D,6/7/2017,113,Pool
6212017HBPoolD1,OTU789,GS,100,BOLD:ABY8414,Animalia,Arthropoda,Insecta,Hemiptera,Miridae,Agnocoris,Agnocoris pulverulentus,2,6/21/2017,HickoryBottoms,D,6/7/2017,113,Pool
6212017HBPoolD1,OTU811,US,1,BOLD:ACZ0840,Animalia,Arthropoda,Insecta,Lepidoptera,NA,NA,NA,2,6/21/2017,HickoryBottoms,D,6/7/2017,113,Pool
6212017HBPoolD1,OTU826,US,0.9916,BOLD:ACB1715,Animalia,Arthropoda,Insecta,Diptera,NA,NA,NA,1,6/21/2017,HickoryBottoms,D,6/7/2017,113,Pool
6212017HBPoolD1,OTU856,GS,99.4,BOLD:AAD3799,Animalia,Arthropoda,Insecta,Lepidoptera,Tineidae,Hybroma,Hybroma servulella,8,6/21/2017,HickoryBottoms,D,6/7/2017,113,Pool
6212017HBPoolD1,OTU859,GS,100,BOLD:AAB6961,Animalia,Arthropoda,Insecta,Lepidoptera,Tortricidae,Larisa,Larisa subsolana,4,6/21/2017,HickoryBottoms,D,6/7/2017,113,Pool
6212017HBPoolD1,OTU907,SS,0.01,BOLD:AAO3940,Animalia,Arthropoda,Insecta,Diptera,Limoniidae,Rhipidia,NA,3,6/21/2017,HickoryBottoms,D,6/7/2017,113,Pool
6212017HBPoolD1,OTU921,GSL,100,BOLD:ABY4768,Animalia,Arthropoda,Insecta,Hemiptera,Aphididae,Uroleucon,NA,7,6/21/2017,HickoryBottoms,D,6/7/2017,113,Pool
6212017HBPoolD1,OTU929,GS,100,BOLD:AAA5051,Animalia,Arthropoda,Insecta,Lepidoptera,Crambidae,Desmia,Desmia funeralis,14,6/21/2017,HickoryBottoms,D,6/7/2017,113,Pool
6212017HBPoolD1,OTU1012,GS,100,BOLD:AAA2074,Animalia,Arthropoda,Insecta,Lepidoptera,Geometridae,Ectropis,Ectropis crepuscularia,133,6/21/2017,HickoryBottoms,D,6/7/2017,113,Pool
6212017HBPoolD1,OTU1040,SS,0.14,BOLD:AAU6662,Animalia,Arthropoda,Insecta,Diptera,NA,NA,NA,4,6/21/2017,HickoryBottoms,D,6/7/2017,113,Pool
6212017HBPoolD1,OTU1075,US,0.9715,BOLD:ACD1056,Animalia,Arthropoda,Insecta,Coleoptera,NA,NA,NA,7,6/21/2017,HickoryBottoms,D,6/7/2017,113,Pool
6212017HBPoolD1,OTU1090,GS,97.2,BOLD:ABX3627,Animalia,Arthropoda,Insecta,Diptera,Limoniidae,NA,NA,2,6/21/2017,HickoryBottoms,D,6/7/2017,113,Pool
6212017HBPoolD1,OTU1116,SS,0.5,BOLD:ABZ0908,Animalia,Arthropoda,Insecta,Diptera,NA,NA,NA,7,6/21/2017,HickoryBottoms,D,6/7/2017,113,Pool
6212017HBPoolD1,OTU1119,GS,97.2,BOLD:ACL3160,Animalia,Arthropoda,Insecta,Hemiptera,NA,NA,NA,7,6/21/2017,HickoryBottoms,D,6/7/2017,113,Pool
6212017HBPoolD1,OTU1141,US,0,BOLD:AAD0874,Animalia,Arthropoda,Insecta,Diptera,NA,NA,NA,67,6/21/2017,HickoryBottoms,D,6/7/2017,113,Pool
6212017HBPoolD1,OTU1187,US,0.7924,BOLD:ABW7506,Animalia,Arthropoda,Arachnida,NA,NA,NA,NA,33,6/21/2017,HickoryBottoms,D,6/7/2017,113,Pool
6212017HBPoolD1,OTU1235,GS,100,BOLD:ACY0328,Animalia,Arthropoda,Insecta,Diptera,Chironomidae,Cryptochironomus,NA,41,6/21/2017,HickoryBottoms,D,6/7/2017,113,Pool
6212017HBPoolD1,OTU1240,GS,98.9,BOLD:AAI4410,Animalia,Arthropoda,Insecta,Lepidoptera,Tineidae,NA,NA,1,6/21/2017,HickoryBottoms,D,6/7/2017,113,Pool
6212017HBPoolD1,OTU1246,GS,99.4,BOLD:AAK9049,Animalia,Arthropoda,Insecta,Lepidoptera,Tineidae,Nemapogon,NA,9,6/21/2017,HickoryBottoms,D,6/7/2017,113,Pool
6212017HBPoolD1,OTU1284,GS,100,BOLD:ACZ2399,Animalia,Arthropoda,Insecta,Coleoptera,Scirtidae,Cyphon,NA,5,6/21/2017,HickoryBottoms,D,6/7/2017,113,Pool
6212017HBPoolD1,OTU1292,GS,97.8,BOLD:AAN5882,Animalia,Arthropoda,Insecta,Diptera,Limoniidae,Erioptera,Erioptera caliptera,6,6/21/2017,HickoryBottoms,D,6/7/2017,113,Pool
6212017HBPoolD1,OTU1293,GS,100,BOLD:AAG8605,Animalia,Arthropoda,Insecta,Lepidoptera,Gelechiidae,Monochroa,NA,2,6/21/2017,HickoryBottoms,D,6/7/2017,113,Pool
6212017HBPoolD1,OTU1317,SS,0.01,BOLD:AAN5451,Animalia,Arthropoda,Arachnida,Araneae,Araneidae,Eustala,NA,5,6/21/2017,HickoryBottoms,D,6/7/2017,113,Pool
6212017HBPoolD1,OTU1350,GS,97.2,BOLD:AAA7067,Animalia,Arthropoda,Insecta,Diptera,Culicidae,Aedes,Aedes vexans,54,6/21/2017,HickoryBottoms,D,6/7/2017,113,Pool
6212017HBPoolD1,OTU1351,SS,0.94,BOLD:AAB7030,Animalia,Arthropoda,Insecta,Diptera,Chironomidae,Chironomus,Chironomus decorus,11,6/21/2017,HickoryBottoms,D,6/7/2017,113,Pool
6212017HBPoolD1,OTU1353,SS,0.11,BOLD:ABU9995,Animalia,Arthropoda,Insecta,Diptera,NA,NA,NA,4,6/21/2017,HickoryBottoms,D,6/7/2017,113,Pool
6212017HBPoolD1,OTU1371,GS,100,BOLD:ACB0854,Animalia,Arthropoda,Insecta,Coleoptera,Ptilodactylidae,NA,NA,13,6/21/2017,HickoryBottoms,D,6/7/2017,113,Pool
6212017HBPoolD1,OTU1400,US,7e-04,BOLD:ABX2163,Animalia,Arthropoda,Insecta,Diptera,NA,NA,NA,2,6/21/2017,HickoryBottoms,D,6/7/2017,113,Pool
6212017HBPoolD1,OTU1434,GS,97.6,BOLD:AAA7067,Animalia,Arthropoda,Insecta,Diptera,Culicidae,Aedes,Aedes vexans,14,6/21/2017,HickoryBottoms,D,6/7/2017,113,Pool
6212017HBPoolD1,OTU1447,SS,0.95,BOLD:ABZ0908,Animalia,Arthropoda,Insecta,Diptera,Tipulidae,Nephrotoma,Nephrotoma ferruginea,8,6/21/2017,HickoryBottoms,D,6/7/2017,113,Pool
6212017HBPoolD1,OTU1480,US,0.9249,BOLD:AAN5882,Animalia,Arthropoda,Insecta,Diptera,NA,NA,NA,1,6/21/2017,HickoryBottoms,D,6/7/2017,113,Pool
6212017HBPoolD1,OTU1497,SS,0.97,BOLD:AAI1618,Animalia,Arthropoda,Insecta,Diptera,Culicidae,Coquillettidia,Coquillettidia perturbans,4,6/21/2017,HickoryBottoms,D,6/7/2017,113,Pool
6212017HBPoolD1,OTU1513,GS,97.8,BOLD:ACL2801,Animalia,Arthropoda,Insecta,Diptera,Tipulidae,Nephrotoma,Nephrotoma macrocera,3,6/21/2017,HickoryBottoms,D,6/7/2017,113,Pool
6212017HBPoolD1,OTU1580,GS,100,BOLD:AAN6197,Animalia,Arthropoda,Insecta,Coleoptera,Carabidae,Bembidion,Bembidion impotens,10,6/21/2017,HickoryBottoms,D,6/7/2017,113,Pool
6212017HBPoolD1,OTU1586,GS,100,BOLD:AAZ6988,Animalia,Arthropoda,Insecta,Coleoptera,NA,NA,NA,6,6/21/2017,HickoryBottoms,D,6/7/2017,113,Pool
6212017HBPoolD1,OTU1629,GS,100,BOLD:AAG3221,Animalia,Arthropoda,Insecta,Coleoptera,Tenebrionidae,Alobates,Alobates pensylvanicus,20,6/21/2017,HickoryBottoms,D,6/7/2017,113,Pool
6212017HBPoolD1,OTU1647,SS,0.79,BOLD:ACU8967,Animalia,Arthropoda,Insecta,NA,NA,NA,NA,1,6/21/2017,HickoryBottoms,D,6/7/2017,113,Pool
6212017HBPoolD1,OTU1664,SS,0.26,BOLD:AAF9008,Animalia,Arthropoda,Insecta,Diptera,NA,NA,NA,51,6/21/2017,HickoryBottoms,D,6/7/2017,113,Pool
6212017HBPoolD1,OTU1700,US,0.8732,BOLD:ACW3910,Animalia,Arthropoda,Insecta,Diptera,NA,NA,NA,11,6/21/2017,HickoryBottoms,D,6/7/2017,113,Pool
6212017HBPoolD1,OTU1712,US,0,None,Animalia,Arthropoda,Insecta,Hymenoptera,NA,NA,NA,2,6/21/2017,HickoryBottoms,D,6/7/2017,113,Pool
6212017HBPoolD1,OTU1714,SS,0.8,BOLD:ABX6186,Animalia,Arthropoda,Insecta,Diptera,Tipulidae,Nephrotoma,Nephrotoma ferruginea,4,6/21/2017,HickoryBottoms,D,6/7/2017,113,Pool
6212017HBPoolD1,OTU1758,GS,100,BOLD:AAV1136,Animalia,Arthropoda,Insecta,Diptera,Scatopsidae,NA,NA,21,6/21/2017,HickoryBottoms,D,6/7/2017,113,Pool
6212017HBPoolD1,OTU1763,US,1,None,Animalia,Arthropoda,Arachnida,Araneae,NA,NA,NA,10,6/21/2017,HickoryBottoms,D,6/7/2017,113,Pool
6212017HBPoolD1,OTU1774,SS,0.08,BOLD:ABU9995,Animalia,Arthropoda,Insecta,Diptera,NA,NA,NA,2,6/21/2017,HickoryBottoms,D,6/7/2017,113,Pool
6212017HBPoolD1,OTU1781,US,0.2259,BOLD:AAO8514,Animalia,Arthropoda,Insecta,Lepidoptera,NA,NA,NA,1,6/21/2017,HickoryBottoms,D,6/7/2017,113,Pool
6212017HBPoolD1,OTU1787,GS,98.9,BOLD:ABX3602,Animalia,Arthropoda,Insecta,Coleoptera,Mycetophagidae,Typhaea,Typhaea stercorea,3,6/21/2017,HickoryBottoms,D,6/7/2017,113,Pool
6212017HBPoolD1,OTU1887,US,1,BOLD:ADA2863,Animalia,Arthropoda,Insecta,Diptera,NA,NA,NA,12,6/21/2017,HickoryBottoms,D,6/7/2017,113,Pool
6212017HBPoolD1,OTU1910,SS,0.87,BOLD:ABZ0908,Animalia,Arthropoda,Insecta,Diptera,Tipulidae,Nephrotoma,Nephrotoma ferruginea,87,6/21/2017,HickoryBottoms,D,6/7/2017,113,Pool
6212017HBPoolD2,OTU4,GS,100,BOLD:AAN5882,Animalia,Arthropoda,Insecta,Diptera,Limoniidae,Erioptera,Erioptera caliptera,11272,6/21/2017,HickoryBottoms,D,6/7/2017,113,Pool
6212017HBPoolD2,OTU9,US,0.7924,BOLD:AAG8502,Animalia,Arthropoda,Insecta,NA,NA,NA,NA,237,6/21/2017,HickoryBottoms,D,6/7/2017,113,Pool
6212017HBPoolD2,OTU15,GS,100,BOLD:ABZ0908,Animalia,Arthropoda,Insecta,Diptera,Tipulidae,Nephrotoma,Nephrotoma ferruginea,12958,6/21/2017,HickoryBottoms,D,6/7/2017,113,Pool
6212017HBPoolD2,OTU16,GS,100,BOLD:AAA7067,Animalia,Arthropoda,Insecta,Diptera,Culicidae,Aedes,Aedes vexans,356,6/21/2017,HickoryBottoms,D,6/7/2017,113,Pool
6212017HBPoolD2,OTU17,GS,100,BOLD:AAB3702,Animalia,Arthropoda,Insecta,Trichoptera,Hydropsychidae,Potamyia,Potamyia flava,851,6/21/2017,HickoryBottoms,D,6/7/2017,113,Pool
6212017HBPoolD2,OTU21,GS,100,BOLD:ACR3763,Animalia,Arthropoda,Insecta,Coleoptera,Ptilodactylidae,Ptilodactyla,Ptilodactyla serricollis,367,6/21/2017,HickoryBottoms,D,6/7/2017,113,Pool
6212017HBPoolD2,OTU23,GS,100,BOLD:AAF9008,Animalia,Arthropoda,Insecta,Diptera,Limoniidae,Helius,Helius flavipes,1105,6/21/2017,HickoryBottoms,D,6/7/2017,113,Pool
6212017HBPoolD2,OTU25,GS,100,BOLD:ACF0083,Animalia,Arthropoda,Insecta,Diptera,Tabanidae,Tabanus,Tabanus similis,105,6/21/2017,HickoryBottoms,D,6/7/2017,113,Pool
6212017HBPoolD2,OTU63,GS,99.4,BOLD:AAD4131,Animalia,Arthropoda,Insecta,Trichoptera,Hydropsychidae,Hydropsyche,Hydropsyche orris,6081,6/21/2017,HickoryBottoms,D,6/7/2017,113,Pool
6212017HBPoolD2,OTU67,GS,100,BOLD:AAO3948,Animalia,Arthropoda,Insecta,Diptera,Tipulidae,Nephrotoma,Nephrotoma macrocera,22,6/21/2017,HickoryBottoms,D,6/7/2017,113,Pool
6212017HBPoolD2,OTU68,GS,100,BOLD:AAB7030,Animalia,Arthropoda,Insecta,Diptera,Chironomidae,Chironomus,Chironomus decorus,82,6/21/2017,HickoryBottoms,D,6/7/2017,113,Pool
6212017HBPoolD2,OTU70,GS,100,BOLD:ABY9168,Animalia,Arthropoda,Insecta,Lepidoptera,Tortricidae,Clepsis,Clepsis peritana,100,6/21/2017,HickoryBottoms,D,6/7/2017,113,Pool
6212017HBPoolD2,OTU89,GS,98.3,BOLD:ABW2415,Animalia,Arthropoda,Insecta,Diptera,Tipulidae,Nephrotoma,Nephrotoma okefenoke,40,6/21/2017,HickoryBottoms,D,6/7/2017,113,Pool
6212017HBPoolD2,OTU99,US,1,BOLD:ACF7919,Animalia,Arthropoda,Collembola,Poduromorpha,NA,NA,NA,99,6/21/2017,HickoryBottoms,D,6/7/2017,113,Pool
6212017HBPoolD2,OTU121,US,0.9936,BOLD:AAN9897,Animalia,Arthropoda,Insecta,Lepidoptera,NA,NA,NA,94,6/21/2017,HickoryBottoms,D,6/7/2017,113,Pool
6212017HBPoolD2,OTU125,GS,100,BOLD:ACX4440,Animalia,Arthropoda,Insecta,Coleoptera,NA,NA,NA,23,6/21/2017,HickoryBottoms,D,6/7/2017,113,Pool
6212017HBPoolD2,OTU166,GS,98.3,BOLD:AAH2870,Animalia,Arthropoda,Insecta,Hemiptera,Aphididae,Euceraphis,Euceraphis papyrifericola,973,6/21/2017,HickoryBottoms,D,6/7/2017,113,Pool
6212017HBPoolD2,OTU194,GS,100,BOLD:AAA6913,Animalia,Arthropoda,Insecta,Lepidoptera,Noctuidae,Leuconycta,Leuconycta diphteroides,10,6/21/2017,HickoryBottoms,D,6/7/2017,113,Pool
6212017HBPoolD2,OTU198,GS,99.4,BOLD:ABZ1242,Animalia,Arthropoda,Insecta,Diptera,Chironomidae,NA,NA,11,6/21/2017,HickoryBottoms,D,6/7/2017,113,Pool
6212017HBPoolD2,OTU214,GS,99.4,BOLD:AAW6795,Animalia,Arthropoda,Insecta,Diptera,NA,NA,NA,18,6/21/2017,HickoryBottoms,D,6/7/2017,113,Pool
6212017HBPoolD2,OTU268,US,0.9963,BOLD:ACT8457,Animalia,Arthropoda,Insecta,Hymenoptera,NA,NA,NA,21,6/21/2017,HickoryBottoms,D,6/7/2017,113,Pool
6212017HBPoolD2,OTU270,GS,100,BOLD:AAB6541,Animalia,Arthropoda,Insecta,Lepidoptera,Gelechiidae,Coleotechnites,Coleotechnites florae,4,6/21/2017,HickoryBottoms,D,6/7/2017,113,Pool
6212017HBPoolD2,OTU287,GS,98.9,BOLD:AAG5457,Animalia,Arthropoda,Insecta,Diptera,Chironomidae,NA,NA,15,6/21/2017,HickoryBottoms,D,6/7/2017,113,Pool
6212017HBPoolD2,OTU323,GS,98.9,BOLD:AAA5103,Animalia,Arthropoda,Insecta,Diptera,Culicidae,Anopheles,Anopheles crucians,28,6/21/2017,HickoryBottoms,D,6/7/2017,113,Pool
6212017HBPoolD2,OTU342,GS,99.4,BOLD:AAI1931,Animalia,Arthropoda,Insecta,Lepidoptera,Blastobasidae,Holcocera,Holcocera chalcofrontella,12,6/21/2017,HickoryBottoms,D,6/7/2017,113,Pool
6212017HBPoolD2,OTU352,GS,100,BOLD:AAM7592,Animalia,Arthropoda,Insecta,Coleoptera,Heteroceridae,Tropicus,Tropicus pusillus,13,6/21/2017,HickoryBottoms,D,6/7/2017,113,Pool
6212017HBPoolD2,OTU361,US,1,None,Animalia,Arthropoda,Arachnida,Araneae,NA,NA,NA,6,6/21/2017,HickoryBottoms,D,6/7/2017,113,Pool
6212017HBPoolD2,OTU370,GS,99.4,BOLD:AAN6154,Animalia,Arthropoda,Insecta,Coleoptera,Latridiidae,Melanophthalma,Melanophthalma inermis,250,6/21/2017,HickoryBottoms,D,6/7/2017,113,Pool
6212017HBPoolD2,OTU375,GS,100,BOLD:AAG2878,Animalia,Arthropoda,Insecta,Hemiptera,Cicadellidae,Gyponana,Gyponana extenda,14,6/21/2017,HickoryBottoms,D,6/7/2017,113,Pool
6212017HBPoolD2,OTU380,US,0,None,Animalia,Arthropoda,Insecta,Trichoptera,NA,NA,NA,325,6/21/2017,HickoryBottoms,D,6/7/2017,113,Pool
6212017HBPoolD2,OTU413,GS,100,BOLD:AAA0399,Animalia,Arthropoda,Insecta,Lepidoptera,Crambidae,Elophila,Elophila obliteralis,314,6/21/2017,HickoryBottoms,D,6/7/2017,113,Pool
6212017HBPoolD2,OTU426,GS,98.9,BOLD:ABX4602,Animalia,Arthropoda,Insecta,Blattodea,Ectobiidae,NA,NA,4,6/21/2017,HickoryBottoms,D,6/7/2017,113,Pool
6212017HBPoolD2,OTU437,SS,0.23,BOLD:AAD0874,Animalia,Arthropoda,Insecta,Trichoptera,Hydropsychidae,Hydropsyche,NA,324,6/21/2017,HickoryBottoms,D,6/7/2017,113,Pool
6212017HBPoolD2,OTU439,GS,100,BOLD:AAI3406,Animalia,Arthropoda,Insecta,Coleoptera,Cerambycidae,Obrium,Obrium rufulum,18,6/21/2017,HickoryBottoms,D,6/7/2017,113,Pool
6212017HBPoolD2,OTU446,GS,100,BOLD:AAD1537,Animalia,Arthropoda,Insecta,Lepidoptera,Tortricidae,Gretchena,Gretchena bolliana,6,6/21/2017,HickoryBottoms,D,6/7/2017,113,Pool
6212017HBPoolD2,OTU493,GS,99.4,BOLD:ABY7387,Animalia,Arthropoda,Insecta,Lepidoptera,Limacodidae,Lithacodes,Lithacodes fasciola,13,6/21/2017,HickoryBottoms,D,6/7/2017,113,Pool
6212017HBPoolD2,OTU557,GS,98.3,BOLD:AAO7609,Animalia,Arthropoda,Insecta,Diptera,NA,NA,NA,4,6/21/2017,HickoryBottoms,D,6/7/2017,113,Pool
6212017HBPoolD2,OTU580,GS,98.3,BOLD:ABZ0908,Animalia,Arthropoda,Insecta,Diptera,Tipulidae,Nephrotoma,Nephrotoma ferruginea,12,6/21/2017,HickoryBottoms,D,6/7/2017,113,Pool
6212017HBPoolD2,OTU586,US,0.9885,BOLD:ACB2737,Animalia,Arthropoda,Insecta,Hymenoptera,NA,NA,NA,3,6/21/2017,HickoryBottoms,D,6/7/2017,113,Pool
6212017HBPoolD2,OTU603,GS,99.4,BOLD:AAO3944,Animalia,Arthropoda,Insecta,Diptera,Limoniidae,Geranomyia,NA,5,6/21/2017,HickoryBottoms,D,6/7/2017,113,Pool
6212017HBPoolD2,OTU608,US,0.6809,BOLD:ABW8929,Animalia,Arthropoda,Maxillopoda,NA,NA,NA,NA,11,6/21/2017,HickoryBottoms,D,6/7/2017,113,Pool
6212017HBPoolD2,OTU615,US,0.9916,BOLD:ACD1227,Animalia,Arthropoda,Insecta,Hymenoptera,NA,NA,NA,4,6/21/2017,HickoryBottoms,D,6/7/2017,113,Pool
6212017HBPoolD2,OTU635,GS,97.2,BOLD:AAN5882,Animalia,Arthropoda,Insecta,Diptera,Limoniidae,Erioptera,Erioptera caliptera,340,6/21/2017,HickoryBottoms,D,6/7/2017,113,Pool
6212017HBPoolD2,OTU654,US,0.9967,BOLD:AAU1152,Animalia,Arthropoda,Insecta,Lepidoptera,NA,NA,NA,13,6/21/2017,HickoryBottoms,D,6/7/2017,113,Pool
6212017HBPoolD2,OTU680,GS,97.2,BOLD:AAF9008,Animalia,Arthropoda,Insecta,Diptera,Limoniidae,Helius,Helius flavipes,21,6/21/2017,HickoryBottoms,D,6/7/2017,113,Pool
6212017HBPoolD2,OTU686,US,0.9919,BOLD:ACT2785,Animalia,Arthropoda,Insecta,Hymenoptera,NA,NA,NA,21,6/21/2017,HickoryBottoms,D,6/7/2017,113,Pool
6212017HBPoolD2,OTU692,GS,100,BOLD:ABW5646,Animalia,Arthropoda,Insecta,Psocodea,Psocidae,Cerastipsocus,NA,3,6/21/2017,HickoryBottoms,D,6/7/2017,113,Pool
6212017HBPoolD2,OTU713,GS,99.4,BOLD:AAM7602,Animalia,Arthropoda,Insecta,Coleoptera,Cerambycidae,NA,NA,6,6/21/2017,HickoryBottoms,D,6/7/2017,113,Pool
6212017HBPoolD2,OTU715,SS,0.71,BOLD:ABZ0908,Animalia,Arthropoda,Insecta,Diptera,NA,NA,NA,112,6/21/2017,HickoryBottoms,D,6/7/2017,113,Pool
6212017HBPoolD2,OTU723,GS,100,BOLD:AAG5453,Animalia,Arthropoda,Insecta,Diptera,Chironomidae,Chironomus,Chironomus bifurcatus,1,6/21/2017,HickoryBottoms,D,6/7/2017,113,Pool
6212017HBPoolD2,OTU737,GS,100,BOLD:AAG3822,Animalia,Arthropoda,Arachnida,Araneae,Anyphaenidae,Anyphaena,NA,4,6/21/2017,HickoryBottoms,D,6/7/2017,113,Pool
6212017HBPoolD2,OTU756,GS,100,BOLD:ABY9006,Animalia,Arthropoda,Insecta,Hemiptera,Aphididae,Pemphigus,NA,88,6/21/2017,HickoryBottoms,D,6/7/2017,113,Pool
6212017HBPoolD2,OTU757,GS,100,BOLD:ABA3960,Animalia,Arthropoda,Insecta,Coleoptera,Chrysomelidae,Paria,Paria fragariae,3,6/21/2017,HickoryBottoms,D,6/7/2017,113,Pool
6212017HBPoolD2,OTU783,GS,98.9,BOLD:ABW9917,Animalia,Arthropoda,Insecta,Coleoptera,Cantharidae,NA,NA,4,6/21/2017,HickoryBottoms,D,6/7/2017,113,Pool
6212017HBPoolD2,OTU811,US,1,BOLD:ACZ0840,Animalia,Arthropoda,Insecta,Lepidoptera,NA,NA,NA,2,6/21/2017,HickoryBottoms,D,6/7/2017,113,Pool
6212017HBPoolD2,OTU856,GS,99.4,BOLD:AAD3799,Animalia,Arthropoda,Insecta,Lepidoptera,Tineidae,Hybroma,Hybroma servulella,23,6/21/2017,HickoryBottoms,D,6/7/2017,113,Pool
6212017HBPoolD2,OTU921,GSL,100,BOLD:ABY4768,Animalia,Arthropoda,Insecta,Hemiptera,Aphididae,Uroleucon,NA,17,6/21/2017,HickoryBottoms,D,6/7/2017,113,Pool
6212017HBPoolD2,OTU1012,GS,100,BOLD:AAA2074,Animalia,Arthropoda,Insecta,Lepidoptera,Geometridae,Ectropis,Ectropis crepuscularia,75,6/21/2017,HickoryBottoms,D,6/7/2017,113,Pool
6212017HBPoolD2,OTU1051,US,0.2887,BOLD:ACJ2256,Animalia,Arthropoda,Insecta,Trichoptera,NA,NA,NA,2,6/21/2017,HickoryBottoms,D,6/7/2017,113,Pool
6212017HBPoolD2,OTU1075,US,0.9715,BOLD:ACD1056,Animalia,Arthropoda,Insecta,Coleoptera,NA,NA,NA,4,6/21/2017,HickoryBottoms,D,6/7/2017,113,Pool
6212017HBPoolD2,OTU1119,GS,97.2,BOLD:ACL3160,Animalia,Arthropoda,Insecta,Hemiptera,NA,NA,NA,3,6/21/2017,HickoryBottoms,D,6/7/2017,113,Pool
6212017HBPoolD2,OTU1130,SS,0.64,BOLD:AAN4385,Animalia,Arthropoda,Insecta,Diptera,NA,NA,NA,1,6/21/2017,HickoryBottoms,D,6/7/2017,113,Pool
6212017HBPoolD2,OTU1141,US,0,BOLD:AAD0874,Animalia,Arthropoda,Insecta,Diptera,NA,NA,NA,101,6/21/2017,HickoryBottoms,D,6/7/2017,113,Pool
6212017HBPoolD2,OTU1187,US,0.7924,BOLD:ABW7506,Animalia,Arthropoda,Arachnida,NA,NA,NA,NA,20,6/21/2017,HickoryBottoms,D,6/7/2017,113,Pool
6212017HBPoolD2,OTU1214,US,0.986,BOLD:AAG0758,Animalia,Arthropoda,Insecta,Lepidoptera,NA,NA,NA,1,6/21/2017,HickoryBottoms,D,6/7/2017,113,Pool
6212017HBPoolD2,OTU1235,GS,100,BOLD:ACY0328,Animalia,Arthropoda,Insecta,Diptera,Chironomidae,Cryptochironomus,NA,31,6/21/2017,HickoryBottoms,D,6/7/2017,113,Pool
6212017HBPoolD2,OTU1246,GS,99.4,BOLD:AAK9049,Animalia,Arthropoda,Insecta,Lepidoptera,Tineidae,Nemapogon,NA,5,6/21/2017,HickoryBottoms,D,6/7/2017,113,Pool
6212017HBPoolD2,OTU1284,GS,100,BOLD:ACZ2399,Animalia,Arthropoda,Insecta,Coleoptera,Scirtidae,Cyphon,NA,8,6/21/2017,HickoryBottoms,D,6/7/2017,113,Pool
6212017HBPoolD2,OTU1292,GS,97.8,BOLD:AAN5882,Animalia,Arthropoda,Insecta,Diptera,Limoniidae,Erioptera,Erioptera caliptera,3,6/21/2017,HickoryBottoms,D,6/7/2017,113,Pool
6212017HBPoolD2,OTU1304,SS,1,BOLD:AAI3406,Animalia,Arthropoda,Insecta,Coleoptera,Cerambycidae,Obrium,Obrium rufulum,5,6/21/2017,HickoryBottoms,D,6/7/2017,113,Pool
6212017HBPoolD2,OTU1317,SS,0.01,BOLD:AAN5451,Animalia,Arthropoda,Arachnida,Araneae,Araneidae,Eustala,NA,6,6/21/2017,HickoryBottoms,D,6/7/2017,113,Pool
6212017HBPoolD2,OTU1350,GS,97.2,BOLD:AAA7067,Animalia,Arthropoda,Insecta,Diptera,Culicidae,Aedes,Aedes vexans,46,6/21/2017,HickoryBottoms,D,6/7/2017,113,Pool
6212017HBPoolD2,OTU1351,SS,0.94,BOLD:AAB7030,Animalia,Arthropoda,Insecta,Diptera,Chironomidae,Chironomus,Chironomus decorus,4,6/21/2017,HickoryBottoms,D,6/7/2017,113,Pool
6212017HBPoolD2,OTU1353,SS,0.11,BOLD:ABU9995,Animalia,Arthropoda,Insecta,Diptera,NA,NA,NA,4,6/21/2017,HickoryBottoms,D,6/7/2017,113,Pool
6212017HBPoolD2,OTU1371,GS,100,BOLD:ACB0854,Animalia,Arthropoda,Insecta,Coleoptera,Ptilodactylidae,NA,NA,13,6/21/2017,HickoryBottoms,D,6/7/2017,113,Pool
6212017HBPoolD2,OTU1400,US,7e-04,BOLD:ABX2163,Animalia,Arthropoda,Insecta,Diptera,NA,NA,NA,2,6/21/2017,HickoryBottoms,D,6/7/2017,113,Pool
6212017HBPoolD2,OTU1434,GS,97.6,BOLD:AAA7067,Animalia,Arthropoda,Insecta,Diptera,Culicidae,Aedes,Aedes vexans,11,6/21/2017,HickoryBottoms,D,6/7/2017,113,Pool
6212017HBPoolD2,OTU1447,SS,0.95,BOLD:ABZ0908,Animalia,Arthropoda,Insecta,Diptera,Tipulidae,Nephrotoma,Nephrotoma ferruginea,8,6/21/2017,HickoryBottoms,D,6/7/2017,113,Pool
6212017HBPoolD2,OTU1497,SS,0.97,BOLD:AAI1618,Animalia,Arthropoda,Insecta,Diptera,Culicidae,Coquillettidia,Coquillettidia perturbans,6,6/21/2017,HickoryBottoms,D,6/7/2017,113,Pool
6212017HBPoolD2,OTU1513,GS,97.8,BOLD:ACL2801,Animalia,Arthropoda,Insecta,Diptera,Tipulidae,Nephrotoma,Nephrotoma macrocera,6,6/21/2017,HickoryBottoms,D,6/7/2017,113,Pool
6212017HBPoolD2,OTU1554,SS,0.92,BOLD:AAP2734,Animalia,Arthropoda,Insecta,Diptera,Limoniidae,Erioptera,Erioptera parva,4,6/21/2017,HickoryBottoms,D,6/7/2017,113,Pool
6212017HBPoolD2,OTU1580,GS,100,BOLD:AAN6197,Animalia,Arthropoda,Insecta,Coleoptera,Carabidae,Bembidion,Bembidion impotens,15,6/21/2017,HickoryBottoms,D,6/7/2017,113,Pool
6212017HBPoolD2,OTU1586,GS,100,BOLD:AAZ6988,Animalia,Arthropoda,Insecta,Coleoptera,NA,NA,NA,1,6/21/2017,HickoryBottoms,D,6/7/2017,113,Pool
6212017HBPoolD2,OTU1629,GS,100,BOLD:AAG3221,Animalia,Arthropoda,Insecta,Coleoptera,Tenebrionidae,Alobates,Alobates pensylvanicus,4,6/21/2017,HickoryBottoms,D,6/7/2017,113,Pool
6212017HBPoolD2,OTU1664,SS,0.26,BOLD:AAF9008,Animalia,Arthropoda,Insecta,Diptera,NA,NA,NA,34,6/21/2017,HickoryBottoms,D,6/7/2017,113,Pool
6212017HBPoolD2,OTU1676,US,0,BOLD:AAU6656,Animalia,Arthropoda,Insecta,Diptera,NA,NA,NA,2,6/21/2017,HickoryBottoms,D,6/7/2017,113,Pool
6212017HBPoolD2,OTU1714,SS,0.8,BOLD:ABX6186,Animalia,Arthropoda,Insecta,Diptera,Tipulidae,Nephrotoma,Nephrotoma ferruginea,2,6/21/2017,HickoryBottoms,D,6/7/2017,113,Pool
6212017HBPoolD2,OTU1743,US,0.986,BOLD:AAH4935,Animalia,Arthropoda,Insecta,Lepidoptera,NA,NA,NA,1,6/21/2017,HickoryBottoms,D,6/7/2017,113,Pool
6212017HBPoolD2,OTU1758,GS,100,BOLD:AAV1136,Animalia,Arthropoda,Insecta,Diptera,Scatopsidae,NA,NA,15,6/21/2017,HickoryBottoms,D,6/7/2017,113,Pool
6212017HBPoolD2,OTU1763,US,1,None,Animalia,Arthropoda,Arachnida,Araneae,NA,NA,NA,4,6/21/2017,HickoryBottoms,D,6/7/2017,113,Pool
6212017HBPoolD2,OTU1770,GS,99.4,BOLD:ACA8431,Animalia,Arthropoda,Insecta,Coleoptera,NA,NA,NA,2,6/21/2017,HickoryBottoms,D,6/7/2017,113,Pool
6212017HBPoolD2,OTU1910,SS,0.87,BOLD:ABZ0908,Animalia,Arthropoda,Insecta,Diptera,Tipulidae,Nephrotoma,Nephrotoma ferruginea,70,6/21/2017,HickoryBottoms,D,6/7/2017,113,Pool
6212017HBPoolD3,OTU4,GS,100,BOLD:AAN5882,Animalia,Arthropoda,Insecta,Diptera,Limoniidae,Erioptera,Erioptera caliptera,8837,6/21/2017,HickoryBottoms,D,6/7/2017,113,Pool
6212017HBPoolD3,OTU9,US,0.7924,BOLD:AAG8502,Animalia,Arthropoda,Insecta,NA,NA,NA,NA,417,6/21/2017,HickoryBottoms,D,6/7/2017,113,Pool
6212017HBPoolD3,OTU14,GS,99.4,BOLD:AAO3940,Animalia,Arthropoda,Insecta,Diptera,Limoniidae,Rhipidia,NA,739,6/21/2017,HickoryBottoms,D,6/7/2017,113,Pool
6212017HBPoolD3,OTU15,GS,100,BOLD:ABZ0908,Animalia,Arthropoda,Insecta,Diptera,Tipulidae,Nephrotoma,Nephrotoma ferruginea,10364,6/21/2017,HickoryBottoms,D,6/7/2017,113,Pool
6212017HBPoolD3,OTU16,GS,100,BOLD:AAA7067,Animalia,Arthropoda,Insecta,Diptera,Culicidae,Aedes,Aedes vexans,239,6/21/2017,HickoryBottoms,D,6/7/2017,113,Pool
6212017HBPoolD3,OTU17,GS,100,BOLD:AAB3702,Animalia,Arthropoda,Insecta,Trichoptera,Hydropsychidae,Potamyia,Potamyia flava,715,6/21/2017,HickoryBottoms,D,6/7/2017,113,Pool
6212017HBPoolD3,OTU21,GS,100,BOLD:ACR3763,Animalia,Arthropoda,Insecta,Coleoptera,Ptilodactylidae,Ptilodactyla,Ptilodactyla serricollis,1662,6/21/2017,HickoryBottoms,D,6/7/2017,113,Pool
6212017HBPoolD3,OTU23,GS,100,BOLD:AAF9008,Animalia,Arthropoda,Insecta,Diptera,Limoniidae,Helius,Helius flavipes,1267,6/21/2017,HickoryBottoms,D,6/7/2017,113,Pool
6212017HBPoolD3,OTU26,GS,98.8,BOLD:ACM8443,Animalia,Arthropoda,Insecta,Diptera,Tabanidae,Hybomitra,Hybomitra epistates,493,6/21/2017,HickoryBottoms,D,6/7/2017,113,Pool
6212017HBPoolD3,OTU57,GS,100,BOLD:AAI1618,Animalia,Arthropoda,Insecta,Diptera,Culicidae,Coquillettidia,Coquillettidia perturbans,204,6/21/2017,HickoryBottoms,D,6/7/2017,113,Pool
6212017HBPoolD3,OTU63,GS,99.4,BOLD:AAD4131,Animalia,Arthropoda,Insecta,Trichoptera,Hydropsychidae,Hydropsyche,Hydropsyche orris,6780,6/21/2017,HickoryBottoms,D,6/7/2017,113,Pool
6212017HBPoolD3,OTU68,GS,100,BOLD:AAB7030,Animalia,Arthropoda,Insecta,Diptera,Chironomidae,Chironomus,Chironomus decorus,185,6/21/2017,HickoryBottoms,D,6/7/2017,113,Pool
6212017HBPoolD3,OTU121,US,0.9936,BOLD:AAN9897,Animalia,Arthropoda,Insecta,Lepidoptera,NA,NA,NA,262,6/21/2017,HickoryBottoms,D,6/7/2017,113,Pool
6212017HBPoolD3,OTU166,GS,98.3,BOLD:AAH2870,Animalia,Arthropoda,Insecta,Hemiptera,Aphididae,Euceraphis,Euceraphis papyrifericola,593,6/21/2017,HickoryBottoms,D,6/7/2017,113,Pool
6212017HBPoolD3,OTU198,GS,99.4,BOLD:ABZ1242,Animalia,Arthropoda,Insecta,Diptera,Chironomidae,NA,NA,268,6/21/2017,HickoryBottoms,D,6/7/2017,113,Pool
6212017HBPoolD3,OTU323,GS,98.9,BOLD:AAA5103,Animalia,Arthropoda,Insecta,Diptera,Culicidae,Anopheles,Anopheles crucians,215,6/21/2017,HickoryBottoms,D,6/7/2017,113,Pool
6212017HBPoolD3,OTU370,GS,99.4,BOLD:AAN6154,Animalia,Arthropoda,Insecta,Coleoptera,Latridiidae,Melanophthalma,Melanophthalma inermis,844,6/21/2017,HickoryBottoms,D,6/7/2017,113,Pool
6212017HBPoolD3,OTU437,SS,0.23,BOLD:AAD0874,Animalia,Arthropoda,Insecta,Trichoptera,Hydropsychidae,Hydropsyche,NA,218,6/21/2017,HickoryBottoms,D,6/7/2017,113,Pool
6212017HBPoolD3,OTU635,GS,97.2,BOLD:AAN5882,Animalia,Arthropoda,Insecta,Diptera,Limoniidae,Erioptera,Erioptera caliptera,161,6/21/2017,HickoryBottoms,D,6/7/2017,113,Pool
6212017HBPoolD3,OTU686,US,0.9919,BOLD:ACT2785,Animalia,Arthropoda,Insecta,Hymenoptera,NA,NA,NA,53,6/21/2017,HickoryBottoms,D,6/7/2017,113,Pool
6212017HBPoolD3,OTU715,SS,0.71,BOLD:ABZ0908,Animalia,Arthropoda,Insecta,Diptera,NA,NA,NA,94,6/21/2017,HickoryBottoms,D,6/7/2017,113,Pool
6212017HBPoolD3,OTU921,GSL,100,BOLD:ABY4768,Animalia,Arthropoda,Insecta,Hemiptera,Aphididae,Uroleucon,NA,2,6/21/2017,HickoryBottoms,D,6/7/2017,113,Pool
6212017HBPoolD3,OTU1075,US,0.9715,BOLD:ACD1056,Animalia,Arthropoda,Insecta,Coleoptera,NA,NA,NA,111,6/21/2017,HickoryBottoms,D,6/7/2017,113,Pool
6212017HBPoolD3,OTU1119,GS,97.2,BOLD:ACL3160,Animalia,Arthropoda,Insecta,Hemiptera,NA,NA,NA,64,6/21/2017,HickoryBottoms,D,6/7/2017,113,Pool
6212017HBPoolD3,OTU1141,US,0,BOLD:AAD0874,Animalia,Arthropoda,Insecta,Diptera,NA,NA,NA,34,6/21/2017,HickoryBottoms,D,6/7/2017,113,Pool
6212017HBPoolD3,OTU1292,GS,97.8,BOLD:AAN5882,Animalia,Arthropoda,Insecta,Diptera,Limoniidae,Erioptera,Erioptera caliptera,5,6/21/2017,HickoryBottoms,D,6/7/2017,113,Pool
6212017HBPoolD3,OTU1351,SS,0.94,BOLD:AAB7030,Animalia,Arthropoda,Insecta,Diptera,Chironomidae,Chironomus,Chironomus decorus,4,6/21/2017,HickoryBottoms,D,6/7/2017,113,Pool
6212017HBPoolD3,OTU1447,SS,0.95,BOLD:ABZ0908,Animalia,Arthropoda,Insecta,Diptera,Tipulidae,Nephrotoma,Nephrotoma ferruginea,4,6/21/2017,HickoryBottoms,D,6/7/2017,113,Pool
6212017HBPoolD3,OTU1480,US,0.9249,BOLD:AAN5882,Animalia,Arthropoda,Insecta,Diptera,NA,NA,NA,2,6/21/2017,HickoryBottoms,D,6/7/2017,113,Pool
6212017HBPoolD3,OTU1497,SS,0.97,BOLD:AAI1618,Animalia,Arthropoda,Insecta,Diptera,Culicidae,Coquillettidia,Coquillettidia perturbans,3,6/21/2017,HickoryBottoms,D,6/7/2017,113,Pool
6212017HBPoolD3,OTU1664,SS,0.26,BOLD:AAF9008,Animalia,Arthropoda,Insecta,Diptera,NA,NA,NA,17,6/21/2017,HickoryBottoms,D,6/7/2017,113,Pool
6212017HBPoolD3,OTU1774,SS,0.08,BOLD:ABU9995,Animalia,Arthropoda,Insecta,Diptera,NA,NA,NA,3,6/21/2017,HickoryBottoms,D,6/7/2017,113,Pool
6212017HBPoolD3,OTU1782,US,0.9249,BOLD:AAO3940,Animalia,Arthropoda,Insecta,Diptera,NA,NA,NA,1,6/21/2017,HickoryBottoms,D,6/7/2017,113,Pool
6212017HBPoolD3,OTU1910,SS,0.87,BOLD:ABZ0908,Animalia,Arthropoda,Insecta,Diptera,Tipulidae,Nephrotoma,Nephrotoma ferruginea,24,6/21/2017,HickoryBottoms,D,6/7/2017,113,Pool
6212017HBPoolD4,OTU1,US,0.0026,BOLD:AAD6798,Animalia,Arthropoda,Insecta,Diptera,NA,NA,NA,154,6/21/2017,HickoryBottoms,D,6/7/2017,113,Pool
6212017HBPoolD4,OTU4,GS,100,BOLD:AAN5882,Animalia,Arthropoda,Insecta,Diptera,Limoniidae,Erioptera,Erioptera caliptera,11346,6/21/2017,HickoryBottoms,D,6/7/2017,113,Pool
6212017HBPoolD4,OTU15,GS,100,BOLD:ABZ0908,Animalia,Arthropoda,Insecta,Diptera,Tipulidae,Nephrotoma,Nephrotoma ferruginea,12229,6/21/2017,HickoryBottoms,D,6/7/2017,113,Pool
6212017HBPoolD4,OTU16,GS,100,BOLD:AAA7067,Animalia,Arthropoda,Insecta,Diptera,Culicidae,Aedes,Aedes vexans,1332,6/21/2017,HickoryBottoms,D,6/7/2017,113,Pool
6212017HBPoolD4,OTU17,GS,100,BOLD:AAB3702,Animalia,Arthropoda,Insecta,Trichoptera,Hydropsychidae,Potamyia,Potamyia flava,569,6/21/2017,HickoryBottoms,D,6/7/2017,113,Pool
6212017HBPoolD4,OTU21,GS,100,BOLD:ACR3763,Animalia,Arthropoda,Insecta,Coleoptera,Ptilodactylidae,Ptilodactyla,Ptilodactyla serricollis,1827,6/21/2017,HickoryBottoms,D,6/7/2017,113,Pool
6212017HBPoolD4,OTU23,GS,100,BOLD:AAF9008,Animalia,Arthropoda,Insecta,Diptera,Limoniidae,Helius,Helius flavipes,2112,6/21/2017,HickoryBottoms,D,6/7/2017,113,Pool
6212017HBPoolD4,OTU54,GS,99.4,BOLD:ABA5202,Animalia,Arthropoda,Insecta,Diptera,Limoniidae,Pseudolimnophila,Pseudolimnophila luteipennis,252,6/21/2017,HickoryBottoms,D,6/7/2017,113,Pool
6212017HBPoolD4,OTU57,GS,100,BOLD:AAI1618,Animalia,Arthropoda,Insecta,Diptera,Culicidae,Coquillettidia,Coquillettidia perturbans,539,6/21/2017,HickoryBottoms,D,6/7/2017,113,Pool
6212017HBPoolD4,OTU63,GS,99.4,BOLD:AAD4131,Animalia,Arthropoda,Insecta,Trichoptera,Hydropsychidae,Hydropsyche,Hydropsyche orris,7065,6/21/2017,HickoryBottoms,D,6/7/2017,113,Pool
6212017HBPoolD4,OTU89,GS,98.3,BOLD:ABW2415,Animalia,Arthropoda,Insecta,Diptera,Tipulidae,Nephrotoma,Nephrotoma okefenoke,187,6/21/2017,HickoryBottoms,D,6/7/2017,113,Pool
6212017HBPoolD4,OTU121,US,0.9936,BOLD:AAN9897,Animalia,Arthropoda,Insecta,Lepidoptera,NA,NA,NA,680,6/21/2017,HickoryBottoms,D,6/7/2017,113,Pool
6212017HBPoolD4,OTU166,GS,98.3,BOLD:AAH2870,Animalia,Arthropoda,Insecta,Hemiptera,Aphididae,Euceraphis,Euceraphis papyrifericola,2123,6/21/2017,HickoryBottoms,D,6/7/2017,113,Pool
6212017HBPoolD4,OTU380,US,0,None,Animalia,Arthropoda,Insecta,Trichoptera,NA,NA,NA,200,6/21/2017,HickoryBottoms,D,6/7/2017,113,Pool
6212017HBPoolD4,OTU413,GS,100,BOLD:AAA0399,Animalia,Arthropoda,Insecta,Lepidoptera,Crambidae,Elophila,Elophila obliteralis,693,6/21/2017,HickoryBottoms,D,6/7/2017,113,Pool
6212017HBPoolD4,OTU437,SS,0.23,BOLD:AAD0874,Animalia,Arthropoda,Insecta,Trichoptera,Hydropsychidae,Hydropsyche,NA,719,6/21/2017,HickoryBottoms,D,6/7/2017,113,Pool
6212017HBPoolD4,OTU580,GS,98.3,BOLD:ABZ0908,Animalia,Arthropoda,Insecta,Diptera,Tipulidae,Nephrotoma,Nephrotoma ferruginea,9,6/21/2017,HickoryBottoms,D,6/7/2017,113,Pool
6212017HBPoolD4,OTU608,US,0.6809,BOLD:ABW8929,Animalia,Arthropoda,Maxillopoda,NA,NA,NA,NA,527,6/21/2017,HickoryBottoms,D,6/7/2017,113,Pool
6212017HBPoolD4,OTU635,GS,97.2,BOLD:AAN5882,Animalia,Arthropoda,Insecta,Diptera,Limoniidae,Erioptera,Erioptera caliptera,312,6/21/2017,HickoryBottoms,D,6/7/2017,113,Pool
6212017HBPoolD4,OTU680,GS,97.2,BOLD:AAF9008,Animalia,Arthropoda,Insecta,Diptera,Limoniidae,Helius,Helius flavipes,26,6/21/2017,HickoryBottoms,D,6/7/2017,113,Pool
6212017HBPoolD4,OTU715,SS,0.71,BOLD:ABZ0908,Animalia,Arthropoda,Insecta,Diptera,NA,NA,NA,37,6/21/2017,HickoryBottoms,D,6/7/2017,113,Pool
6212017HBPoolD4,OTU921,GSL,100,BOLD:ABY4768,Animalia,Arthropoda,Insecta,Hemiptera,Aphididae,Uroleucon,NA,103,6/21/2017,HickoryBottoms,D,6/7/2017,113,Pool
6212017HBPoolD4,OTU1085,GS,98.9,BOLD:ACZ3313,Animalia,Arthropoda,Insecta,Coleoptera,Ptilodactylidae,Ptilodactyla,Ptilodactyla carinata,1,6/21/2017,HickoryBottoms,D,6/7/2017,113,Pool
6212017HBPoolD4,OTU1141,US,0,BOLD:AAD0874,Animalia,Arthropoda,Insecta,Diptera,NA,NA,NA,97,6/21/2017,HickoryBottoms,D,6/7/2017,113,Pool
6212017HBPoolD4,OTU1292,GS,97.8,BOLD:AAN5882,Animalia,Arthropoda,Insecta,Diptera,Limoniidae,Erioptera,Erioptera caliptera,4,6/21/2017,HickoryBottoms,D,6/7/2017,113,Pool
6212017HBPoolD4,OTU1350,GS,97.2,BOLD:AAA7067,Animalia,Arthropoda,Insecta,Diptera,Culicidae,Aedes,Aedes vexans,115,6/21/2017,HickoryBottoms,D,6/7/2017,113,Pool
6212017HBPoolD4,OTU1434,GS,97.6,BOLD:AAA7067,Animalia,Arthropoda,Insecta,Diptera,Culicidae,Aedes,Aedes vexans,13,6/21/2017,HickoryBottoms,D,6/7/2017,113,Pool
6212017HBPoolD4,OTU1480,US,0.9249,BOLD:AAN5882,Animalia,Arthropoda,Insecta,Diptera,NA,NA,NA,2,6/21/2017,HickoryBottoms,D,6/7/2017,113,Pool
6212017HBPoolD4,OTU1497,SS,0.97,BOLD:AAI1618,Animalia,Arthropoda,Insecta,Diptera,Culicidae,Coquillettidia,Coquillettidia perturbans,7,6/21/2017,HickoryBottoms,D,6/7/2017,113,Pool
6212017HBPoolD4,OTU1513,GS,97.8,BOLD:ACL2801,Animalia,Arthropoda,Insecta,Diptera,Tipulidae,Nephrotoma,Nephrotoma macrocera,1,6/21/2017,HickoryBottoms,D,6/7/2017,113,Pool
6212017HBPoolD4,OTU1554,SS,0.92,BOLD:AAP2734,Animalia,Arthropoda,Insecta,Diptera,Limoniidae,Erioptera,Erioptera parva,4,6/21/2017,HickoryBottoms,D,6/7/2017,113,Pool
6212017HBPoolD4,OTU1664,SS,0.26,BOLD:AAF9008,Animalia,Arthropoda,Insecta,Diptera,NA,NA,NA,35,6/21/2017,HickoryBottoms,D,6/7/2017,113,Pool
6212017HBPoolD4,OTU1714,SS,0.8,BOLD:ABX6186,Animalia,Arthropoda,Insecta,Diptera,Tipulidae,Nephrotoma,Nephrotoma ferruginea,7,6/21/2017,HickoryBottoms,D,6/7/2017,113,Pool
6212017HBPoolD4,OTU1910,SS,0.87,BOLD:ABZ0908,Animalia,Arthropoda,Insecta,Diptera,Tipulidae,Nephrotoma,Nephrotoma ferruginea,42,6/21/2017,HickoryBottoms,D,6/7/2017,113,Pool
72717EgnerPoolB1,OTU1,US,0.0026,BOLD:AAD6798,Animalia,Arthropoda,Insecta,Diptera,NA,NA,NA,318,7/27/2017,Egner,B,7/19/2017,117,Pool
72717EgnerPoolB1,OTU5,GS,99.4,BOLD:AAN5451,Animalia,Arthropoda,Arachnida,Araneae,Araneidae,Eustala,NA,879,7/27/2017,Egner,B,7/19/2017,117,Pool
72717EgnerPoolB1,OTU7,GS,100,BOLD:AAF4632,Animalia,Arthropoda,Insecta,Diptera,Limoniidae,Epiphragma,Epiphragma solatrix,430,7/27/2017,Egner,B,7/19/2017,117,Pool
72717EgnerPoolB1,OTU9,US,0.7924,BOLD:AAG8502,Animalia,Arthropoda,Insecta,NA,NA,NA,NA,277,7/27/2017,Egner,B,7/19/2017,117,Pool
72717EgnerPoolB1,OTU11,GS,99.4,BOLD:AAG3848,Animalia,Arthropoda,Insecta,Diptera,Culicidae,Culex,Culex erraticus,745,7/27/2017,Egner,B,7/19/2017,117,Pool
72717EgnerPoolB1,OTU12,GS,100,BOLD:AAE5173,Animalia,Arthropoda,Insecta,Diptera,Psychodidae,PschodididGC,NA,12089,7/27/2017,Egner,B,7/19/2017,117,Pool
72717EgnerPoolB1,OTU15,GS,100,BOLD:ABZ0908,Animalia,Arthropoda,Insecta,Diptera,Tipulidae,Nephrotoma,Nephrotoma ferruginea,253,7/27/2017,Egner,B,7/19/2017,117,Pool
72717EgnerPoolB1,OTU17,GS,100,BOLD:AAB3702,Animalia,Arthropoda,Insecta,Trichoptera,Hydropsychidae,Potamyia,Potamyia flava,214,7/27/2017,Egner,B,7/19/2017,117,Pool
72717EgnerPoolB1,OTU23,GS,100,BOLD:AAF9008,Animalia,Arthropoda,Insecta,Diptera,Limoniidae,Helius,Helius flavipes,843,7/27/2017,Egner,B,7/19/2017,117,Pool
72717EgnerPoolB1,OTU34,GS,100,BOLD:AAM6211,Animalia,Arthropoda,Insecta,Diptera,Chironomidae,Glyptotendipes,NA,1058,7/27/2017,Egner,B,7/19/2017,117,Pool
72717EgnerPoolB1,OTU35,GS,100,BOLD:ABW4215,Animalia,Arthropoda,Insecta,Diptera,Chironomidae,Glyptotendipes,Glyptotendipes meridionalis,150,7/27/2017,Egner,B,7/19/2017,117,Pool
72717EgnerPoolB1,OTU37,GS,100,BOLD:AAB0484,Animalia,Arthropoda,Insecta,Lepidoptera,Tortricidae,Gypsonoma,Gypsonoma salicicolana,474,7/27/2017,Egner,B,7/19/2017,117,Pool
72717EgnerPoolB1,OTU61,GS,99.4,BOLD:ABV1681,Animalia,Arthropoda,Insecta,Diptera,Tachinidae,Lixophaga,NA,4023,7/27/2017,Egner,B,7/19/2017,117,Pool
72717EgnerPoolB1,OTU75,GS,99.4,BOLD:AAF4974,Animalia,Arthropoda,Arachnida,Araneae,Theridiidae,Dipoena,Dipoena nigra,667,7/27/2017,Egner,B,7/19/2017,117,Pool
72717EgnerPoolB1,OTU88,GS,100,BOLD:AAE0434,Animalia,Arthropoda,Insecta,Diptera,Culicidae,Uranotaenia,Uranotaenia sapphirina,28,7/27/2017,Egner,B,7/19/2017,117,Pool
72717EgnerPoolB1,OTU104,US,0.9963,BOLD:ADC6487,Animalia,Arthropoda,Insecta,Diptera,NA,NA,NA,4178,7/27/2017,Egner,B,7/19/2017,117,Pool
72717EgnerPoolB1,OTU105,GS,100,BOLD:AAB7936,Animalia,Arthropoda,Insecta,Lepidoptera,Oecophoridae,Inga,Inga sparsiciliella,376,7/27/2017,Egner,B,7/19/2017,117,Pool
72717EgnerPoolB1,OTU125,GS,100,BOLD:ACX4440,Animalia,Arthropoda,Insecta,Coleoptera,NA,NA,NA,432,7/27/2017,Egner,B,7/19/2017,117,Pool
72717EgnerPoolB1,OTU143,SS,0.21,BOLD:ACW8718,Animalia,Arthropoda,Insecta,Diptera,NA,NA,NA,375,7/27/2017,Egner,B,7/19/2017,117,Pool
72717EgnerPoolB1,OTU148,GS,100,BOLD:AAK7352,Animalia,Arthropoda,Arachnida,Araneae,Araneidae,Metepeira,Metepeira labyrinthea,50,7/27/2017,Egner,B,7/19/2017,117,Pool
72717EgnerPoolB1,OTU149,GS,99.4,BOLD:AAH4942,Animalia,Arthropoda,Insecta,Lepidoptera,Gelechiidae,Dichomeris,NA,832,7/27/2017,Egner,B,7/19/2017,117,Pool
72717EgnerPoolB1,OTU168,GS,100,BOLD:AAC3609,Animalia,Arthropoda,Insecta,Lepidoptera,Euteliidae,Paectes,Paectes abrostoloides,137,7/27/2017,Egner,B,7/19/2017,117,Pool
72717EgnerPoolB1,OTU175,GS,99.4,BOLD:AAC7367,Animalia,Arthropoda,Insecta,Lepidoptera,Tineidae,Isocorypha,Isocorypha mediostriatella,224,7/27/2017,Egner,B,7/19/2017,117,Pool
72717EgnerPoolB1,OTU180,GS,100,BOLD:AAM8933,Animalia,Arthropoda,Insecta,Psocodea,Amphipsocidae,Polypsocus,Polypsocus corruptus,81,7/27/2017,Egner,B,7/19/2017,117,Pool
72717EgnerPoolB1,OTU189,GS,100,BOLD:ABV2225,Animalia,Arthropoda,Insecta,Lepidoptera,Gracillariidae,Caloptilia,NA,148,7/27/2017,Egner,B,7/19/2017,117,Pool
72717EgnerPoolB1,OTU193,GS,98.9,BOLD:AAI4436,Animalia,Arthropoda,Insecta,Lepidoptera,Gelechiidae,Aristotelia,NA,105,7/27/2017,Egner,B,7/19/2017,117,Pool
72717EgnerPoolB1,OTU206,GS,99.4,BOLD:AAN8390,Animalia,Arthropoda,Insecta,Hemiptera,Miridae,Neurocolpus,Neurocolpus nubilus,191,7/27/2017,Egner,B,7/19/2017,117,Pool
72717EgnerPoolB1,OTU209,GS,100,BOLD:AAF9019,Animalia,Arthropoda,Insecta,Diptera,NA,NA,NA,41,7/27/2017,Egner,B,7/19/2017,117,Pool
72717EgnerPoolB1,OTU219,GS,100,BOLD:AAD1855,Animalia,Arthropoda,Insecta,Lepidoptera,Tortricidae,Episimus,Episimus tyrius,89,7/27/2017,Egner,B,7/19/2017,117,Pool
72717EgnerPoolB1,OTU250,GS,100,BOLD:AAF3786,Animalia,Arthropoda,Insecta,Lepidoptera,Coleophoridae,Coleophora,Coleophora argentialbella,1218,7/27/2017,Egner,B,7/19/2017,117,Pool
72717EgnerPoolB1,OTU257,GS,100,BOLD:AAA5803,Animalia,Arthropoda,Insecta,Hemiptera,Miridae,Lygus,Lygus lineolaris,289,7/27/2017,Egner,B,7/19/2017,117,Pool
72717EgnerPoolB1,OTU258,GS,100,BOLD:ACA7555,Animalia,Arthropoda,Insecta,Diptera,Chironomidae,NA,NA,124,7/27/2017,Egner,B,7/19/2017,117,Pool
72717EgnerPoolB1,OTU297,GS,100,BOLD:ACT1102,Animalia,Arthropoda,Insecta,Lepidoptera,Carposinidae,Carposina,NA,273,7/27/2017,Egner,B,7/19/2017,117,Pool
72717EgnerPoolB1,OTU330,GS,100,BOLD:ACL2176,Animalia,Arthropoda,Arachnida,Trombidiformes,NA,NA,NA,310,7/27/2017,Egner,B,7/19/2017,117,Pool
72717EgnerPoolB1,OTU346,US,0,None,Animalia,Arthropoda,Insecta,Hymenoptera,NA,NA,NA,15,7/27/2017,Egner,B,7/19/2017,117,Pool
72717EgnerPoolB1,OTU424,GS,100,BOLD:ABZ3656,Animalia,Arthropoda,Insecta,Lepidoptera,Depressariidae,Psilocorsis,Psilocorsis reflexella,122,7/27/2017,Egner,B,7/19/2017,117,Pool
72717EgnerPoolB1,OTU465,SS,0.66,BOLD:AAG0758,Animalia,Arthropoda,Insecta,Coleoptera,NA,NA,NA,98,7/27/2017,Egner,B,7/19/2017,117,Pool
72717EgnerPoolB1,OTU572,GS,100,BOLD:ABW4438,Animalia,Arthropoda,Insecta,Coleoptera,Histeridae,Carcinops,Carcinops pumilio,99,7/27/2017,Egner,B,7/19/2017,117,Pool
72717EgnerPoolB1,OTU576,GS,100,BOLD:AAA5192,Animalia,Arthropoda,Insecta,Lepidoptera,Tortricidae,Platynota,Platynota idaeusalis,70,7/27/2017,Egner,B,7/19/2017,117,Pool
72717EgnerPoolB1,OTU577,GS,100,BOLD:AAF4509,Animalia,Arthropoda,Insecta,Lepidoptera,Momphidae,Mompha,Mompha cephalonthiella,143,7/27/2017,Egner,B,7/19/2017,117,Pool
72717EgnerPoolB1,OTU580,GS,98.3,BOLD:ABZ0908,Animalia,Arthropoda,Insecta,Diptera,Tipulidae,Nephrotoma,Nephrotoma ferruginea,20,7/27/2017,Egner,B,7/19/2017,117,Pool
72717EgnerPoolB1,OTU586,US,0.9885,BOLD:ACB2737,Animalia,Arthropoda,Insecta,Hymenoptera,NA,NA,NA,258,7/27/2017,Egner,B,7/19/2017,117,Pool
72717EgnerPoolB1,OTU638,GS,99.4,BOLD:ABZ3332,Animalia,Arthropoda,Insecta,Lepidoptera,Depressariidae,Psilocorsis,Psilocorsis reflexella,168,7/27/2017,Egner,B,7/19/2017,117,Pool
72717EgnerPoolB1,OTU676,GS,100,BOLD:AAG0084,Animalia,Arthropoda,Arachnida,Araneae,Oxyopidae,Oxyopes,NA,185,7/27/2017,Egner,B,7/19/2017,117,Pool
72717EgnerPoolB1,OTU688,GS,97.8,BOLD:ACC0381,Animalia,Arthropoda,Insecta,Hemiptera,Miridae,Tropidosteptes,NA,128,7/27/2017,Egner,B,7/19/2017,117,Pool
72717EgnerPoolB1,OTU729,GS,100,BOLD:AAA7282,Animalia,Arthropoda,Insecta,Lepidoptera,Tortricidae,Cydia,Cydia caryana,171,7/27/2017,Egner,B,7/19/2017,117,Pool
72717EgnerPoolB1,OTU800,SS,0.64,BOLD:ACA6126,Animalia,Arthropoda,Insecta,Hymenoptera,Ichneumonidae,NA,NA,129,7/27/2017,Egner,B,7/19/2017,117,Pool
72717EgnerPoolB1,OTU944,GS,100,BOLD:AAB1667,Animalia,Arthropoda,Insecta,Lepidoptera,Tortricidae,Argyrotaenia,Argyrotaenia quercifoliana,178,7/27/2017,Egner,B,7/19/2017,117,Pool
72717EgnerPoolB1,OTU990,GS,100,BOLD:AAB2142,Animalia,Arthropoda,Insecta,Lepidoptera,Limacodidae,Prolimacodes,Prolimacodes badia,50,7/27/2017,Egner,B,7/19/2017,117,Pool
72717EgnerPoolB1,OTU1097,GS,97.2,BOLD:AAN5451,Animalia,Arthropoda,Arachnida,Araneae,Araneidae,Eustala,NA,30,7/27/2017,Egner,B,7/19/2017,117,Pool
72717EgnerPoolB1,OTU1116,SS,0.5,BOLD:ABZ0908,Animalia,Arthropoda,Insecta,Diptera,NA,NA,NA,42,7/27/2017,Egner,B,7/19/2017,117,Pool
72717EgnerPoolB1,OTU1120,SS,0.33,BOLD:ACN0279,Animalia,Arthropoda,Insecta,Diptera,NA,NA,NA,126,7/27/2017,Egner,B,7/19/2017,117,Pool
72717EgnerPoolB1,OTU1159,SS,0.65,BOLD:AAG0084,Animalia,Arthropoda,Arachnida,Araneae,NA,NA,NA,84,7/27/2017,Egner,B,7/19/2017,117,Pool
72717EgnerPoolB1,OTU1210,GS,97.2,BOLD:AAF4632,Animalia,Arthropoda,Insecta,Diptera,Limoniidae,Epiphragma,Epiphragma solatrix,27,7/27/2017,Egner,B,7/19/2017,117,Pool
72717EgnerPoolB1,OTU1268,GS,97.8,BOLD:AAM6211,Animalia,Arthropoda,Insecta,Diptera,Chironomidae,Glyptotendipes,NA,29,7/27/2017,Egner,B,7/19/2017,117,Pool
72717EgnerPoolB1,OTU1317,SS,0.01,BOLD:AAN5451,Animalia,Arthropoda,Arachnida,Araneae,Araneidae,Eustala,NA,4,7/27/2017,Egner,B,7/19/2017,117,Pool
72717EgnerPoolB1,OTU1318,SS,0.75,BOLD:ABV9403,Animalia,Arthropoda,Insecta,NA,NA,NA,NA,1,7/27/2017,Egner,B,7/19/2017,117,Pool
72717EgnerPoolB1,OTU1380,GS,97.8,BOLD:ADC9340,Animalia,Arthropoda,Insecta,Hemiptera,Cicadidae,Tibicen,Tibicen canicularis,62,7/27/2017,Egner,B,7/19/2017,117,Pool
72717EgnerPoolB1,OTU1381,GS,100,BOLD:ACF3514,Animalia,Arthropoda,Insecta,Trichoptera,Leptoceridae,Oecetis,Oecetis inconspicua,18,7/27/2017,Egner,B,7/19/2017,117,Pool
72717EgnerPoolB1,OTU1482,SS,0.87,BOLD:AAF9008,Animalia,Arthropoda,Insecta,Diptera,Limoniidae,Helius,Helius flavipes,155,7/27/2017,Egner,B,7/19/2017,117,Pool
72717EgnerPoolB1,OTU1494,US,0.8732,BOLD:AAF4632,Animalia,Arthropoda,Insecta,Diptera,NA,NA,NA,1,7/27/2017,Egner,B,7/19/2017,117,Pool
72717EgnerPoolB1,OTU1513,GS,97.8,BOLD:ACL2801,Animalia,Arthropoda,Insecta,Diptera,Tipulidae,Nephrotoma,Nephrotoma macrocera,1,7/27/2017,Egner,B,7/19/2017,117,Pool
72717EgnerPoolB1,OTU1522,SS,0.57,BOLD:AAF9008,Animalia,Arthropoda,Insecta,Diptera,NA,NA,NA,2,7/27/2017,Egner,B,7/19/2017,117,Pool
72717EgnerPoolB1,OTU1641,GS,97.8,BOLD:AAW5755,Animalia,Arthropoda,Insecta,Lepidoptera,Depressariidae,Psilocorsis,Psilocorsis reflexella,91,7/27/2017,Egner,B,7/19/2017,117,Pool
72717EgnerPoolB1,OTU1756,SS,0.97,BOLD:AAG3848,Animalia,Arthropoda,Insecta,Diptera,Culicidae,Culex,Culex erraticus,1,7/27/2017,Egner,B,7/19/2017,117,Pool
72717EgnerPoolB1,OTU1825,SS,0.11,BOLD:AAK6678,Animalia,Arthropoda,Insecta,Diptera,NA,NA,NA,3,7/27/2017,Egner,B,7/19/2017,117,Pool
72717EgnerPoolB1,OTU1869,SS,0.67,BOLD:AAF4632,Animalia,Arthropoda,Insecta,Diptera,NA,NA,NA,1,7/27/2017,Egner,B,7/19/2017,117,Pool
72717EgnerPoolB1,OTU1871,SS,0.85,BOLD:AAG3848,Animalia,Arthropoda,Insecta,Diptera,Culicidae,Culex,Culex erraticus,1,7/27/2017,Egner,B,7/19/2017,117,Pool
72717EgnerPoolB1,OTU1910,SS,0.87,BOLD:ABZ0908,Animalia,Arthropoda,Insecta,Diptera,Tipulidae,Nephrotoma,Nephrotoma ferruginea,1,7/27/2017,Egner,B,7/19/2017,117,Pool
72717EgnerPoolB2,OTU5,GS,99.4,BOLD:AAN5451,Animalia,Arthropoda,Arachnida,Araneae,Araneidae,Eustala,NA,877,7/27/2017,Egner,B,7/19/2017,117,Pool
72717EgnerPoolB2,OTU11,GS,99.4,BOLD:AAG3848,Animalia,Arthropoda,Insecta,Diptera,Culicidae,Culex,Culex erraticus,744,7/27/2017,Egner,B,7/19/2017,117,Pool
72717EgnerPoolB2,OTU12,GS,100,BOLD:AAE5173,Animalia,Arthropoda,Insecta,Diptera,Psychodidae,PschodididGC,NA,10067,7/27/2017,Egner,B,7/19/2017,117,Pool
72717EgnerPoolB2,OTU15,GS,100,BOLD:ABZ0908,Animalia,Arthropoda,Insecta,Diptera,Tipulidae,Nephrotoma,Nephrotoma ferruginea,245,7/27/2017,Egner,B,7/19/2017,117,Pool
72717EgnerPoolB2,OTU34,GS,100,BOLD:AAM6211,Animalia,Arthropoda,Insecta,Diptera,Chironomidae,Glyptotendipes,NA,558,7/27/2017,Egner,B,7/19/2017,117,Pool
72717EgnerPoolB2,OTU35,GS,100,BOLD:ABW4215,Animalia,Arthropoda,Insecta,Diptera,Chironomidae,Glyptotendipes,Glyptotendipes meridionalis,182,7/27/2017,Egner,B,7/19/2017,117,Pool
72717EgnerPoolB2,OTU61,GS,99.4,BOLD:ABV1681,Animalia,Arthropoda,Insecta,Diptera,Tachinidae,Lixophaga,NA,2456,7/27/2017,Egner,B,7/19/2017,117,Pool
72717EgnerPoolB2,OTU65,GS,100,BOLD:AAA1517,Animalia,Arthropoda,Insecta,Lepidoptera,Tortricidae,Choristoneura,Choristoneura rosaceana,224,7/27/2017,Egner,B,7/19/2017,117,Pool
72717EgnerPoolB2,OTU75,GS,99.4,BOLD:AAF4974,Animalia,Arthropoda,Arachnida,Araneae,Theridiidae,Dipoena,Dipoena nigra,163,7/27/2017,Egner,B,7/19/2017,117,Pool
72717EgnerPoolB2,OTU92,GS,100,BOLD:AAG8582,Animalia,Arthropoda,Insecta,Lepidoptera,Blastobasidae,Asaphocrita,Asaphocrita aphidiella,51,7/27/2017,Egner,B,7/19/2017,117,Pool
72717EgnerPoolB2,OTU104,US,0.9963,BOLD:ADC6487,Animalia,Arthropoda,Insecta,Diptera,NA,NA,NA,1362,7/27/2017,Egner,B,7/19/2017,117,Pool
72717EgnerPoolB2,OTU105,GS,100,BOLD:AAB7936,Animalia,Arthropoda,Insecta,Lepidoptera,Oecophoridae,Inga,Inga sparsiciliella,86,7/27/2017,Egner,B,7/19/2017,117,Pool
72717EgnerPoolB2,OTU125,GS,100,BOLD:ACX4440,Animalia,Arthropoda,Insecta,Coleoptera,NA,NA,NA,114,7/27/2017,Egner,B,7/19/2017,117,Pool
72717EgnerPoolB2,OTU146,GS,99.4,BOLD:ABV9238,Animalia,Arthropoda,Insecta,Diptera,Limoniidae,Gonomyia,NA,45,7/27/2017,Egner,B,7/19/2017,117,Pool
72717EgnerPoolB2,OTU165,US,0.9936,BOLD:ACF8271,Animalia,Arthropoda,Insecta,Diptera,NA,NA,NA,22,7/27/2017,Egner,B,7/19/2017,117,Pool
72717EgnerPoolB2,OTU168,GS,100,BOLD:AAC3609,Animalia,Arthropoda,Insecta,Lepidoptera,Euteliidae,Paectes,Paectes abrostoloides,111,7/27/2017,Egner,B,7/19/2017,117,Pool
72717EgnerPoolB2,OTU172,GS,99.4,BOLD:AAA8563,Animalia,Arthropoda,Insecta,Lepidoptera,Erebidae,Parallelia,Parallelia bistriaris,48,7/27/2017,Egner,B,7/19/2017,117,Pool
72717EgnerPoolB2,OTU175,GS,99.4,BOLD:AAC7367,Animalia,Arthropoda,Insecta,Lepidoptera,Tineidae,Isocorypha,Isocorypha mediostriatella,132,7/27/2017,Egner,B,7/19/2017,117,Pool
72717EgnerPoolB2,OTU180,GS,100,BOLD:AAM8933,Animalia,Arthropoda,Insecta,Psocodea,Amphipsocidae,Polypsocus,Polypsocus corruptus,33,7/27/2017,Egner,B,7/19/2017,117,Pool
72717EgnerPoolB2,OTU198,GS,99.4,BOLD:ABZ1242,Animalia,Arthropoda,Insecta,Diptera,Chironomidae,NA,NA,15,7/27/2017,Egner,B,7/19/2017,117,Pool
72717EgnerPoolB2,OTU205,GS,99.4,BOLD:ACX9537,Animalia,Arthropoda,Arachnida,Araneae,Araneidae,Araneus,Araneus pegnia,15,7/27/2017,Egner,B,7/19/2017,117,Pool
72717EgnerPoolB2,OTU206,GS,99.4,BOLD:AAN8390,Animalia,Arthropoda,Insecta,Hemiptera,Miridae,Neurocolpus,Neurocolpus nubilus,19,7/27/2017,Egner,B,7/19/2017,117,Pool
72717EgnerPoolB2,OTU213,GS,100,BOLD:AAD4936,Animalia,Arthropoda,Insecta,Lepidoptera,Gracillariidae,Caloptilia,Caloptilia sassafrasella,42,7/27/2017,Egner,B,7/19/2017,117,Pool
72717EgnerPoolB2,OTU217,GS,99.4,BOLD:AAJ5015,Animalia,Arthropoda,Insecta,Hemiptera,Acanaloniidae,Acanalonia,Acanalonia conica,7,7/27/2017,Egner,B,7/19/2017,117,Pool
72717EgnerPoolB2,OTU239,GS,100,BOLD:ABW2526,Animalia,Arthropoda,Insecta,Diptera,Tabanidae,Tabanus,NA,58,7/27/2017,Egner,B,7/19/2017,117,Pool
72717EgnerPoolB2,OTU244,GS,100,BOLD:AAB1096,Animalia,Arthropoda,Insecta,Lepidoptera,Blastobasidae,Blastobasis,Blastobasis glandulella,43,7/27/2017,Egner,B,7/19/2017,117,Pool
72717EgnerPoolB2,OTU250,GS,100,BOLD:AAF3786,Animalia,Arthropoda,Insecta,Lepidoptera,Coleophoridae,Coleophora,Coleophora argentialbella,727,7/27/2017,Egner,B,7/19/2017,117,Pool
72717EgnerPoolB2,OTU258,GS,100,BOLD:ACA7555,Animalia,Arthropoda,Insecta,Diptera,Chironomidae,NA,NA,208,7/27/2017,Egner,B,7/19/2017,117,Pool
72717EgnerPoolB2,OTU285,GS,100,BOLD:AAD2340,Animalia,Arthropoda,Insecta,Lepidoptera,Tineidae,Scardiella,Scardiella approximatella,31,7/27/2017,Egner,B,7/19/2017,117,Pool
72717EgnerPoolB2,OTU297,GS,100,BOLD:ACT1102,Animalia,Arthropoda,Insecta,Lepidoptera,Carposinidae,Carposina,NA,116,7/27/2017,Egner,B,7/19/2017,117,Pool
72717EgnerPoolB2,OTU346,US,0,None,Animalia,Arthropoda,Insecta,Hymenoptera,NA,NA,NA,52,7/27/2017,Egner,B,7/19/2017,117,Pool
72717EgnerPoolB2,OTU424,GS,100,BOLD:ABZ3656,Animalia,Arthropoda,Insecta,Lepidoptera,Depressariidae,Psilocorsis,Psilocorsis reflexella,70,7/27/2017,Egner,B,7/19/2017,117,Pool
72717EgnerPoolB2,OTU465,SS,0.66,BOLD:AAG0758,Animalia,Arthropoda,Insecta,Coleoptera,NA,NA,NA,50,7/27/2017,Egner,B,7/19/2017,117,Pool
72717EgnerPoolB2,OTU576,GS,100,BOLD:AAA5192,Animalia,Arthropoda,Insecta,Lepidoptera,Tortricidae,Platynota,Platynota idaeusalis,7,7/27/2017,Egner,B,7/19/2017,117,Pool
72717EgnerPoolB2,OTU577,GS,100,BOLD:AAF4509,Animalia,Arthropoda,Insecta,Lepidoptera,Momphidae,Mompha,Mompha cephalonthiella,37,7/27/2017,Egner,B,7/19/2017,117,Pool
72717EgnerPoolB2,OTU638,GS,99.4,BOLD:ABZ3332,Animalia,Arthropoda,Insecta,Lepidoptera,Depressariidae,Psilocorsis,Psilocorsis reflexella,129,7/27/2017,Egner,B,7/19/2017,117,Pool
72717EgnerPoolB2,OTU670,US,0.9546,BOLD:AAG0758,Animalia,Arthropoda,Insecta,Diptera,NA,NA,NA,17,7/27/2017,Egner,B,7/19/2017,117,Pool
72717EgnerPoolB2,OTU678,GS,98.6,BOLD:AAB0602,Animalia,Arthropoda,Insecta,Lepidoptera,Gelechiidae,Pseudotelphusa,Pseudotelphusa quercinigracella,89,7/27/2017,Egner,B,7/19/2017,117,Pool
72717EgnerPoolB2,OTU793,GS,98.9,BOLD:AAB8800,Animalia,Arthropoda,Insecta,Lepidoptera,Autostichidae,Gerdana,Gerdana caritella,113,7/27/2017,Egner,B,7/19/2017,117,Pool
72717EgnerPoolB2,OTU800,SS,0.64,BOLD:ACA6126,Animalia,Arthropoda,Insecta,Hymenoptera,Ichneumonidae,NA,NA,21,7/27/2017,Egner,B,7/19/2017,117,Pool
72717EgnerPoolB2,OTU845,GS,100,BOLD:ACA8954,Animalia,Arthropoda,Insecta,Hemiptera,Derbidae,Omolicna,Omolicna uhleri,21,7/27/2017,Egner,B,7/19/2017,117,Pool
72717EgnerPoolB2,OTU888,GS,100,BOLD:AAG5541,Animalia,Arthropoda,Insecta,Diptera,Chironomidae,Polypedilum,NA,53,7/27/2017,Egner,B,7/19/2017,117,Pool
72717EgnerPoolB2,OTU890,GS,100,BOLD:ACE3004,Animalia,Arthropoda,Insecta,Lepidoptera,Erebidae,Hyperstrotia,Hyperstrotia nana,17,7/27/2017,Egner,B,7/19/2017,117,Pool
72717EgnerPoolB2,OTU915,GS,100,BOLD:AAC5648,Animalia,Arthropoda,Insecta,Lepidoptera,Crambidae,Anania,Anania helvalis,70,7/27/2017,Egner,B,7/19/2017,117,Pool
72717EgnerPoolB2,OTU916,GS,100,BOLD:AAB2176,Animalia,Arthropoda,Insecta,Lepidoptera,Gelechiidae,Arogalea,Arogalea cristifasciella,26,7/27/2017,Egner,B,7/19/2017,117,Pool
72717EgnerPoolB2,OTU934,GS,100,BOLD:AAK0004,Animalia,Arthropoda,Arachnida,Araneae,Araneidae,Verrucosa,Verrucosa arenata,13,7/27/2017,Egner,B,7/19/2017,117,Pool
72717EgnerPoolB2,OTU938,GS,98.3,BOLD:AAP8181,Animalia,Arthropoda,Insecta,Orthoptera,NA,NA,NA,1,7/27/2017,Egner,B,7/19/2017,117,Pool
72717EgnerPoolB2,OTU982,GS,98.3,BOLD:AAP9050,Animalia,Arthropoda,Insecta,Diptera,Ceratopogonidae,NA,NA,41,7/27/2017,Egner,B,7/19/2017,117,Pool
72717EgnerPoolB2,OTU1010,SS,0.74,BOLD:AAY0809,Animalia,Arthropoda,Insecta,NA,NA,NA,NA,36,7/27/2017,Egner,B,7/19/2017,117,Pool
72717EgnerPoolB2,OTU1108,GS,97.2,BOLD:AAB0603,Animalia,Arthropoda,Insecta,Lepidoptera,Gelechiidae,Pseudotelphusa,Pseudotelphusa quercinigracella,69,7/27/2017,Egner,B,7/19/2017,117,Pool
72717EgnerPoolB2,OTU1116,SS,0.5,BOLD:ABZ0908,Animalia,Arthropoda,Insecta,Diptera,NA,NA,NA,15,7/27/2017,Egner,B,7/19/2017,117,Pool
72717EgnerPoolB2,OTU1210,GS,97.2,BOLD:AAF4632,Animalia,Arthropoda,Insecta,Diptera,Limoniidae,Epiphragma,Epiphragma solatrix,8,7/27/2017,Egner,B,7/19/2017,117,Pool
72717EgnerPoolB2,OTU1211,US,0.7924,BOLD:AAG0758,Animalia,Arthropoda,Insecta,NA,NA,NA,NA,1,7/27/2017,Egner,B,7/19/2017,117,Pool
72717EgnerPoolB2,OTU1223,GS,97.8,BOLD:ABV9238,Animalia,Arthropoda,Insecta,Diptera,Limoniidae,Gonomyia,NA,6,7/27/2017,Egner,B,7/19/2017,117,Pool
72717EgnerPoolB2,OTU1287,GS,98.9,BOLD:AAP4821,Animalia,Arthropoda,Insecta,Diptera,Tachinidae,NA,NA,26,7/27/2017,Egner,B,7/19/2017,117,Pool
72717EgnerPoolB2,OTU1380,GS,97.8,BOLD:ADC9340,Animalia,Arthropoda,Insecta,Hemiptera,Cicadidae,Tibicen,Tibicen canicularis,3,7/27/2017,Egner,B,7/19/2017,117,Pool
72717EgnerPoolB2,OTU1410,GS,98.9,BOLD:AAD5003,Animalia,Arthropoda,Insecta,Lepidoptera,Gracillariidae,Cameraria,Cameraria ostryarella,51,7/27/2017,Egner,B,7/19/2017,117,Pool
72717EgnerPoolB2,OTU1482,SS,0.87,BOLD:AAF9008,Animalia,Arthropoda,Insecta,Diptera,Limoniidae,Helius,Helius flavipes,7,7/27/2017,Egner,B,7/19/2017,117,Pool
72717EgnerPoolB2,OTU1639,GS,98.9,BOLD:ACC7925,Animalia,Arthropoda,Arachnida,Trombidiformes,Scutacaridae,NA,NA,38,7/27/2017,Egner,B,7/19/2017,117,Pool
72717EgnerPoolB2,OTU1648,US,0.8732,BOLD:AAG0758,Animalia,Arthropoda,Insecta,Lepidoptera,NA,NA,NA,4,7/27/2017,Egner,B,7/19/2017,117,Pool
72717EgnerPoolB2,OTU1751,US,0,BOLD:AAD7964,Animalia,Arthropoda,Insecta,Hymenoptera,NA,NA,NA,11,7/27/2017,Egner,B,7/19/2017,117,Pool
72717EgnerPoolB2,OTU1825,SS,0.11,BOLD:AAK6678,Animalia,Arthropoda,Insecta,Diptera,NA,NA,NA,2,7/27/2017,Egner,B,7/19/2017,117,Pool
72717EgnerPoolB3,OTU5,GS,99.4,BOLD:AAN5451,Animalia,Arthropoda,Arachnida,Araneae,Araneidae,Eustala,NA,1087,7/27/2017,Egner,B,7/19/2017,117,Pool
72717EgnerPoolB3,OTU7,GS,100,BOLD:AAF4632,Animalia,Arthropoda,Insecta,Diptera,Limoniidae,Epiphragma,Epiphragma solatrix,608,7/27/2017,Egner,B,7/19/2017,117,Pool
72717EgnerPoolB3,OTU11,GS,99.4,BOLD:AAG3848,Animalia,Arthropoda,Insecta,Diptera,Culicidae,Culex,Culex erraticus,2518,7/27/2017,Egner,B,7/19/2017,117,Pool
72717EgnerPoolB3,OTU12,GS,100,BOLD:AAE5173,Animalia,Arthropoda,Insecta,Diptera,Psychodidae,PschodididGC,NA,7372,7/27/2017,Egner,B,7/19/2017,117,Pool
72717EgnerPoolB3,OTU17,GS,100,BOLD:AAB3702,Animalia,Arthropoda,Insecta,Trichoptera,Hydropsychidae,Potamyia,Potamyia flava,125,7/27/2017,Egner,B,7/19/2017,117,Pool
72717EgnerPoolB3,OTU23,GS,100,BOLD:AAF9008,Animalia,Arthropoda,Insecta,Diptera,Limoniidae,Helius,Helius flavipes,475,7/27/2017,Egner,B,7/19/2017,117,Pool
72717EgnerPoolB3,OTU34,GS,100,BOLD:AAM6211,Animalia,Arthropoda,Insecta,Diptera,Chironomidae,Glyptotendipes,NA,420,7/27/2017,Egner,B,7/19/2017,117,Pool
72717EgnerPoolB3,OTU35,GS,100,BOLD:ABW4215,Animalia,Arthropoda,Insecta,Diptera,Chironomidae,Glyptotendipes,Glyptotendipes meridionalis,142,7/27/2017,Egner,B,7/19/2017,117,Pool
72717EgnerPoolB3,OTU37,GS,100,BOLD:AAB0484,Animalia,Arthropoda,Insecta,Lepidoptera,Tortricidae,Gypsonoma,Gypsonoma salicicolana,649,7/27/2017,Egner,B,7/19/2017,117,Pool
72717EgnerPoolB3,OTU57,GS,100,BOLD:AAI1618,Animalia,Arthropoda,Insecta,Diptera,Culicidae,Coquillettidia,Coquillettidia perturbans,86,7/27/2017,Egner,B,7/19/2017,117,Pool
72717EgnerPoolB3,OTU61,GS,99.4,BOLD:ABV1681,Animalia,Arthropoda,Insecta,Diptera,Tachinidae,Lixophaga,NA,878,7/27/2017,Egner,B,7/19/2017,117,Pool
72717EgnerPoolB3,OTU65,GS,100,BOLD:AAA1517,Animalia,Arthropoda,Insecta,Lepidoptera,Tortricidae,Choristoneura,Choristoneura rosaceana,66,7/27/2017,Egner,B,7/19/2017,117,Pool
72717EgnerPoolB3,OTU75,GS,99.4,BOLD:AAF4974,Animalia,Arthropoda,Arachnida,Araneae,Theridiidae,Dipoena,Dipoena nigra,160,7/27/2017,Egner,B,7/19/2017,117,Pool
72717EgnerPoolB3,OTU77,SS,0.4,BOLD:ABU7092,Animalia,Arthropoda,Insecta,Hymenoptera,NA,NA,NA,106,7/27/2017,Egner,B,7/19/2017,117,Pool
72717EgnerPoolB3,OTU88,GS,100,BOLD:AAE0434,Animalia,Arthropoda,Insecta,Diptera,Culicidae,Uranotaenia,Uranotaenia sapphirina,21,7/27/2017,Egner,B,7/19/2017,117,Pool
72717EgnerPoolB3,OTU92,GS,100,BOLD:AAG8582,Animalia,Arthropoda,Insecta,Lepidoptera,Blastobasidae,Asaphocrita,Asaphocrita aphidiella,146,7/27/2017,Egner,B,7/19/2017,117,Pool
72717EgnerPoolB3,OTU104,US,0.9963,BOLD:ADC6487,Animalia,Arthropoda,Insecta,Diptera,NA,NA,NA,2803,7/27/2017,Egner,B,7/19/2017,117,Pool
72717EgnerPoolB3,OTU105,GS,100,BOLD:AAB7936,Animalia,Arthropoda,Insecta,Lepidoptera,Oecophoridae,Inga,Inga sparsiciliella,352,7/27/2017,Egner,B,7/19/2017,117,Pool
72717EgnerPoolB3,OTU123,GS,99.4,BOLD:AAM8787,Animalia,Arthropoda,Insecta,Lepidoptera,Gelechiidae,Dichomeris,Dichomeris laetitia,64,7/27/2017,Egner,B,7/19/2017,117,Pool
72717EgnerPoolB3,OTU131,US,0.9919,BOLD:AAL9946,Animalia,Arthropoda,Insecta,Diptera,NA,NA,NA,23,7/27/2017,Egner,B,7/19/2017,117,Pool
72717EgnerPoolB3,OTU143,SS,0.21,BOLD:ACW8718,Animalia,Arthropoda,Insecta,Diptera,NA,NA,NA,113,7/27/2017,Egner,B,7/19/2017,117,Pool
72717EgnerPoolB3,OTU144,GS,100,BOLD:AAN6304,Animalia,Arthropoda,Arachnida,Araneae,Araneidae,Araneus,Araneus guttulatus,118,7/27/2017,Egner,B,7/19/2017,117,Pool
72717EgnerPoolB3,OTU148,GS,100,BOLD:AAK7352,Animalia,Arthropoda,Arachnida,Araneae,Araneidae,Metepeira,Metepeira labyrinthea,127,7/27/2017,Egner,B,7/19/2017,117,Pool
72717EgnerPoolB3,OTU149,GS,99.4,BOLD:AAH4942,Animalia,Arthropoda,Insecta,Lepidoptera,Gelechiidae,Dichomeris,NA,542,7/27/2017,Egner,B,7/19/2017,117,Pool
72717EgnerPoolB3,OTU159,US,1,BOLD:ACG2017,Animalia,Arthropoda,Insecta,Coleoptera,NA,NA,NA,74,7/27/2017,Egner,B,7/19/2017,117,Pool
72717EgnerPoolB3,OTU165,US,0.9936,BOLD:ACF8271,Animalia,Arthropoda,Insecta,Diptera,NA,NA,NA,49,7/27/2017,Egner,B,7/19/2017,117,Pool
72717EgnerPoolB3,OTU172,GS,99.4,BOLD:AAA8563,Animalia,Arthropoda,Insecta,Lepidoptera,Erebidae,Parallelia,Parallelia bistriaris,59,7/27/2017,Egner,B,7/19/2017,117,Pool
72717EgnerPoolB3,OTU175,GS,99.4,BOLD:AAC7367,Animalia,Arthropoda,Insecta,Lepidoptera,Tineidae,Isocorypha,Isocorypha mediostriatella,147,7/27/2017,Egner,B,7/19/2017,117,Pool
72717EgnerPoolB3,OTU180,GS,100,BOLD:AAM8933,Animalia,Arthropoda,Insecta,Psocodea,Amphipsocidae,Polypsocus,Polypsocus corruptus,29,7/27/2017,Egner,B,7/19/2017,117,Pool
72717EgnerPoolB3,OTU186,GS,99.4,BOLD:ACN8633,Animalia,Arthropoda,Insecta,Lepidoptera,Carposinidae,Carposina,NA,36,7/27/2017,Egner,B,7/19/2017,117,Pool
72717EgnerPoolB3,OTU203,GS,100,BOLD:AAB0603,Animalia,Arthropoda,Insecta,Lepidoptera,Gelechiidae,Pseudotelphusa,Pseudotelphusa quercinigracella,505,7/27/2017,Egner,B,7/19/2017,117,Pool
72717EgnerPoolB3,OTU206,GS,99.4,BOLD:AAN8390,Animalia,Arthropoda,Insecta,Hemiptera,Miridae,Neurocolpus,Neurocolpus nubilus,112,7/27/2017,Egner,B,7/19/2017,117,Pool
72717EgnerPoolB3,OTU215,GS,100,BOLD:AAA2490,Animalia,Arthropoda,Insecta,Lepidoptera,Crambidae,Palpita,Palpita magniferalis,49,7/27/2017,Egner,B,7/19/2017,117,Pool
72717EgnerPoolB3,OTU217,GS,99.4,BOLD:AAJ5015,Animalia,Arthropoda,Insecta,Hemiptera,Acanaloniidae,Acanalonia,Acanalonia conica,25,7/27/2017,Egner,B,7/19/2017,117,Pool
72717EgnerPoolB3,OTU235,GS,100,BOLD:AAG3918,Animalia,Arthropoda,Insecta,Diptera,Chironomidae,Procladius,NA,59,7/27/2017,Egner,B,7/19/2017,117,Pool
72717EgnerPoolB3,OTU244,GS,100,BOLD:AAB1096,Animalia,Arthropoda,Insecta,Lepidoptera,Blastobasidae,Blastobasis,Blastobasis glandulella,42,7/27/2017,Egner,B,7/19/2017,117,Pool
72717EgnerPoolB3,OTU250,GS,100,BOLD:AAF3786,Animalia,Arthropoda,Insecta,Lepidoptera,Coleophoridae,Coleophora,Coleophora argentialbella,480,7/27/2017,Egner,B,7/19/2017,117,Pool
72717EgnerPoolB3,OTU258,GS,100,BOLD:ACA7555,Animalia,Arthropoda,Insecta,Diptera,Chironomidae,NA,NA,45,7/27/2017,Egner,B,7/19/2017,117,Pool
72717EgnerPoolB3,OTU263,GS,98.9,BOLD:AAC4322,Animalia,Arthropoda,Insecta,Lepidoptera,Tortricidae,Platynota,Platynota flavedana,73,7/27/2017,Egner,B,7/19/2017,117,Pool
72717EgnerPoolB3,OTU269,GS,97.2,BOLD:AAP9050,Animalia,Arthropoda,Insecta,Diptera,Ceratopogonidae,NA,NA,29,7/27/2017,Egner,B,7/19/2017,117,Pool
72717EgnerPoolB3,OTU271,GS,98.9,BOLD:ABX3627,Animalia,Arthropoda,Insecta,Diptera,Limoniidae,NA,NA,52,7/27/2017,Egner,B,7/19/2017,117,Pool
72717EgnerPoolB3,OTU285,GS,100,BOLD:AAD2340,Animalia,Arthropoda,Insecta,Lepidoptera,Tineidae,Scardiella,Scardiella approximatella,32,7/27/2017,Egner,B,7/19/2017,117,Pool
72717EgnerPoolB3,OTU290,GS,100,BOLD:AAE4427,Animalia,Arthropoda,Insecta,Lepidoptera,Tineidae,Xylesthia,Xylesthia pruniramiella,62,7/27/2017,Egner,B,7/19/2017,117,Pool
72717EgnerPoolB3,OTU295,GS,97.8,BOLD:AAG3848,Animalia,Arthropoda,Insecta,Diptera,Culicidae,Culex,Culex erraticus,77,7/27/2017,Egner,B,7/19/2017,117,Pool
72717EgnerPoolB3,OTU297,GS,100,BOLD:ACT1102,Animalia,Arthropoda,Insecta,Lepidoptera,Carposinidae,Carposina,NA,460,7/27/2017,Egner,B,7/19/2017,117,Pool
72717EgnerPoolB3,OTU300,GS,100,BOLD:AAA8310,Animalia,Arthropoda,Insecta,Lepidoptera,Crambidae,Anageshna,Anageshna primordialis,95,7/27/2017,Egner,B,7/19/2017,117,Pool
72717EgnerPoolB3,OTU309,GS,100,BOLD:AAH5582,Animalia,Arthropoda,Insecta,Lepidoptera,Gelechiidae,Battaristis,NA,44,7/27/2017,Egner,B,7/19/2017,117,Pool
72717EgnerPoolB3,OTU310,GS,100,BOLD:ABX7479,Animalia,Arthropoda,Insecta,Diptera,Chironomidae,Parachironomus,NA,76,7/27/2017,Egner,B,7/19/2017,117,Pool
72717EgnerPoolB3,OTU314,GS,98.9,BOLD:AAB0603,Animalia,Arthropoda,Insecta,Lepidoptera,Gelechiidae,Pseudotelphusa,Pseudotelphusa quercinigracella,175,7/27/2017,Egner,B,7/19/2017,117,Pool
72717EgnerPoolB3,OTU330,GS,100,BOLD:ACL2176,Animalia,Arthropoda,Arachnida,Trombidiformes,NA,NA,NA,489,7/27/2017,Egner,B,7/19/2017,117,Pool
72717EgnerPoolB3,OTU373,GS,98.9,BOLD:AAG8953,Animalia,Arthropoda,Insecta,Hemiptera,Cicadellidae,Gyponana,Gyponana amara,120,7/27/2017,Egner,B,7/19/2017,117,Pool
72717EgnerPoolB3,OTU408,GS,100,BOLD:AAA2955,Animalia,Arthropoda,Insecta,Lepidoptera,Tortricidae,Argyrotaenia,Argyrotaenia ljungiana,54,7/27/2017,Egner,B,7/19/2017,117,Pool
72717EgnerPoolB3,OTU410,SS,0.26,BOLD:ABZ3458,Animalia,Arthropoda,Insecta,Lepidoptera,NA,NA,NA,66,7/27/2017,Egner,B,7/19/2017,117,Pool
72717EgnerPoolB3,OTU424,GS,100,BOLD:ABZ3656,Animalia,Arthropoda,Insecta,Lepidoptera,Depressariidae,Psilocorsis,Psilocorsis reflexella,30,7/27/2017,Egner,B,7/19/2017,117,Pool
72717EgnerPoolB3,OTU463,SS,0.21,BOLD:AAF2681,Animalia,Arthropoda,Insecta,Lepidoptera,NA,NA,NA,182,7/27/2017,Egner,B,7/19/2017,117,Pool
72717EgnerPoolB3,OTU509,GS,100,BOLD:AAB8437,Animalia,Arthropoda,Insecta,Diptera,Tachinidae,Actia,Actia interrupta,25,7/27/2017,Egner,B,7/19/2017,117,Pool
72717EgnerPoolB3,OTU543,GS,100,BOLD:AAA7928,Animalia,Arthropoda,Insecta,Lepidoptera,Blastobasidae,Blastobasis,Blastobasis taurusella,1,7/27/2017,Egner,B,7/19/2017,117,Pool
72717EgnerPoolB3,OTU548,GS,99.4,BOLD:AAC0126,Animalia,Arthropoda,Insecta,Lepidoptera,Tortricidae,Coelostathma,Coelostathma discopunctana,63,7/27/2017,Egner,B,7/19/2017,117,Pool
72717EgnerPoolB3,OTU572,GS,100,BOLD:ABW4438,Animalia,Arthropoda,Insecta,Coleoptera,Histeridae,Carcinops,Carcinops pumilio,34,7/27/2017,Egner,B,7/19/2017,117,Pool
72717EgnerPoolB3,OTU576,GS,100,BOLD:AAA5192,Animalia,Arthropoda,Insecta,Lepidoptera,Tortricidae,Platynota,Platynota idaeusalis,9,7/27/2017,Egner,B,7/19/2017,117,Pool
72717EgnerPoolB3,OTU580,GS,98.3,BOLD:ABZ0908,Animalia,Arthropoda,Insecta,Diptera,Tipulidae,Nephrotoma,Nephrotoma ferruginea,10,7/27/2017,Egner,B,7/19/2017,117,Pool
72717EgnerPoolB3,OTU586,US,0.9885,BOLD:ACB2737,Animalia,Arthropoda,Insecta,Hymenoptera,NA,NA,NA,108,7/27/2017,Egner,B,7/19/2017,117,Pool
72717EgnerPoolB3,OTU638,GS,99.4,BOLD:ABZ3332,Animalia,Arthropoda,Insecta,Lepidoptera,Depressariidae,Psilocorsis,Psilocorsis reflexella,145,7/27/2017,Egner,B,7/19/2017,117,Pool
72717EgnerPoolB3,OTU676,GS,100,BOLD:AAG0084,Animalia,Arthropoda,Arachnida,Araneae,Oxyopidae,Oxyopes,NA,74,7/27/2017,Egner,B,7/19/2017,117,Pool
72717EgnerPoolB3,OTU678,GS,98.6,BOLD:AAB0602,Animalia,Arthropoda,Insecta,Lepidoptera,Gelechiidae,Pseudotelphusa,Pseudotelphusa quercinigracella,222,7/27/2017,Egner,B,7/19/2017,117,Pool
72717EgnerPoolB3,OTU706,GS,98.3,BOLD:ACV0077,Animalia,Arthropoda,Insecta,Hymenoptera,Perilampidae,Perilampus,NA,17,7/27/2017,Egner,B,7/19/2017,117,Pool
72717EgnerPoolB3,OTU716,US,0,None,Animalia,Arthropoda,Insecta,Diptera,NA,NA,NA,214,7/27/2017,Egner,B,7/19/2017,117,Pool
72717EgnerPoolB3,OTU720,GS,99.4,BOLD:AAB5347,Animalia,Arthropoda,Insecta,Lepidoptera,Tortricidae,Paralobesia,Paralobesia liriodendrana,62,7/27/2017,Egner,B,7/19/2017,117,Pool
72717EgnerPoolB3,OTU736,GS,100,BOLD:AAD7279,Animalia,Arthropoda,Insecta,Lepidoptera,Geometridae,Mellilla,Mellilla xanthometata,40,7/27/2017,Egner,B,7/19/2017,117,Pool
72717EgnerPoolB3,OTU746,GS,100,BOLD:AAB7995,Animalia,Arthropoda,Arachnida,Araneae,Tetragnathidae,Tetragnatha,Tetragnatha shoshone,23,7/27/2017,Egner,B,7/19/2017,117,Pool
72717EgnerPoolB3,OTU793,GS,98.9,BOLD:AAB8800,Animalia,Arthropoda,Insecta,Lepidoptera,Autostichidae,Gerdana,Gerdana caritella,108,7/27/2017,Egner,B,7/19/2017,117,Pool
72717EgnerPoolB3,OTU804,GS,100,BOLD:AAA9813,Animalia,Arthropoda,Insecta,Lepidoptera,Erebidae,Tetanolita,Tetanolita mynesalis,8,7/27/2017,Egner,B,7/19/2017,117,Pool
72717EgnerPoolB3,OTU813,GS,98.9,BOLD:AAK0049,Animalia,Arthropoda,Insecta,Lepidoptera,Gelechiidae,Aroga,Aroga aristotelis,27,7/27/2017,Egner,B,7/19/2017,117,Pool
72717EgnerPoolB3,OTU833,GS,100,BOLD:AAB2362,Animalia,Arthropoda,Insecta,Lepidoptera,Sphingidae,Amorpha,Amorpha juglandis,15,7/27/2017,Egner,B,7/19/2017,117,Pool
72717EgnerPoolB3,OTU867,GS,100,BOLD:AAC8834,Animalia,Arthropoda,Arachnida,Araneae,Araneidae,Mecynogea,Mecynogea lemniscata,24,7/27/2017,Egner,B,7/19/2017,117,Pool
72717EgnerPoolB3,OTU875,GS,100,BOLD:AAP2599,Animalia,Arthropoda,Insecta,Lepidoptera,NA,NA,NA,4,7/27/2017,Egner,B,7/19/2017,117,Pool
72717EgnerPoolB3,OTU888,GS,100,BOLD:AAG5541,Animalia,Arthropoda,Insecta,Diptera,Chironomidae,Polypedilum,NA,103,7/27/2017,Egner,B,7/19/2017,117,Pool
72717EgnerPoolB3,OTU890,GS,100,BOLD:ACE3004,Animalia,Arthropoda,Insecta,Lepidoptera,Erebidae,Hyperstrotia,Hyperstrotia nana,2,7/27/2017,Egner,B,7/19/2017,117,Pool
72717EgnerPoolB3,OTU918,GS,100,BOLD:AAF9310,Animalia,Arthropoda,Insecta,Diptera,Psychodidae,NA,NA,24,7/27/2017,Egner,B,7/19/2017,117,Pool
72717EgnerPoolB3,OTU942,GS,100,BOLD:AAA4507,Animalia,Arthropoda,Insecta,Lepidoptera,Crambidae,Udea,Udea rubigalis,14,7/27/2017,Egner,B,7/19/2017,117,Pool
72717EgnerPoolB3,OTU943,SS,0.63,BOLD:AAJ5015,Animalia,Arthropoda,Insecta,Hemiptera,NA,NA,NA,122,7/27/2017,Egner,B,7/19/2017,117,Pool
72717EgnerPoolB3,OTU990,GS,100,BOLD:AAB2142,Animalia,Arthropoda,Insecta,Lepidoptera,Limacodidae,Prolimacodes,Prolimacodes badia,76,7/27/2017,Egner,B,7/19/2017,117,Pool
72717EgnerPoolB3,OTU1010,SS,0.74,BOLD:AAY0809,Animalia,Arthropoda,Insecta,NA,NA,NA,NA,14,7/27/2017,Egner,B,7/19/2017,117,Pool
72717EgnerPoolB3,OTU1015,GS,100,BOLD:ACX7075,Animalia,Arthropoda,Insecta,Lepidoptera,Blastobasidae,Pigritia,NA,61,7/27/2017,Egner,B,7/19/2017,117,Pool
72717EgnerPoolB3,OTU1080,GS,100,BOLD:AAB9450,Animalia,Arthropoda,Insecta,Lepidoptera,NA,NA,NA,119,7/27/2017,Egner,B,7/19/2017,117,Pool
72717EgnerPoolB3,OTU1097,GS,97.2,BOLD:AAN5451,Animalia,Arthropoda,Arachnida,Araneae,Araneidae,Eustala,NA,37,7/27/2017,Egner,B,7/19/2017,117,Pool
72717EgnerPoolB3,OTU1103,GS,99.4,BOLD:ABW4221,Animalia,Arthropoda,Insecta,Diptera,Chironomidae,NA,NA,16,7/27/2017,Egner,B,7/19/2017,117,Pool
72717EgnerPoolB3,OTU1108,GS,97.2,BOLD:AAB0603,Animalia,Arthropoda,Insecta,Lepidoptera,Gelechiidae,Pseudotelphusa,Pseudotelphusa quercinigracella,201,7/27/2017,Egner,B,7/19/2017,117,Pool
72717EgnerPoolB3,OTU1116,SS,0.5,BOLD:ABZ0908,Animalia,Arthropoda,Insecta,Diptera,NA,NA,NA,23,7/27/2017,Egner,B,7/19/2017,117,Pool
72717EgnerPoolB3,OTU1131,SS,0.01,BOLD:ACV0077,Animalia,Arthropoda,Insecta,Hymenoptera,Perilampidae,Perilampus,NA,1,7/27/2017,Egner,B,7/19/2017,117,Pool
72717EgnerPoolB3,OTU1132,GS,100,BOLD:AAN6207,Animalia,Arthropoda,Insecta,Coleoptera,Staphylinidae,Lithocharis,Lithocharis nigriceps,29,7/27/2017,Egner,B,7/19/2017,117,Pool
72717EgnerPoolB3,OTU1155,GS,100,BOLD:ABX3293,Animalia,Arthropoda,Insecta,Coleoptera,Chrysomelidae,Paria,Paria thoracica,93,7/27/2017,Egner,B,7/19/2017,117,Pool
72717EgnerPoolB3,OTU1170,US,0,BOLD:ACT8457,Animalia,Arthropoda,Insecta,Hymenoptera,NA,NA,NA,17,7/27/2017,Egner,B,7/19/2017,117,Pool
72717EgnerPoolB3,OTU1178,GS,100,BOLD:AAG0161,Animalia,Arthropoda,Insecta,Diptera,Milichiidae,Leptometopa,Leptometopa latipes,48,7/27/2017,Egner,B,7/19/2017,117,Pool
72717EgnerPoolB3,OTU1210,GS,97.2,BOLD:AAF4632,Animalia,Arthropoda,Insecta,Diptera,Limoniidae,Epiphragma,Epiphragma solatrix,40,7/27/2017,Egner,B,7/19/2017,117,Pool
72717EgnerPoolB3,OTU1265,SS,0.83,BOLD:AAF4632,Animalia,Arthropoda,Insecta,Diptera,Limoniidae,Epiphragma,Epiphragma solatrix,3,7/27/2017,Egner,B,7/19/2017,117,Pool
72717EgnerPoolB3,OTU1268,GS,97.8,BOLD:AAM6211,Animalia,Arthropoda,Insecta,Diptera,Chironomidae,Glyptotendipes,NA,12,7/27/2017,Egner,B,7/19/2017,117,Pool
72717EgnerPoolB3,OTU1287,GS,98.9,BOLD:AAP4821,Animalia,Arthropoda,Insecta,Diptera,Tachinidae,NA,NA,32,7/27/2017,Egner,B,7/19/2017,117,Pool
72717EgnerPoolB3,OTU1305,US,0.9936,BOLD:AAE3315,Animalia,Arthropoda,Insecta,Hymenoptera,NA,NA,NA,11,7/27/2017,Egner,B,7/19/2017,117,Pool
72717EgnerPoolB3,OTU1317,SS,0.01,BOLD:AAN5451,Animalia,Arthropoda,Arachnida,Araneae,Araneidae,Eustala,NA,3,7/27/2017,Egner,B,7/19/2017,117,Pool
72717EgnerPoolB3,OTU1380,GS,97.8,BOLD:ADC9340,Animalia,Arthropoda,Insecta,Hemiptera,Cicadidae,Tibicen,Tibicen canicularis,27,7/27/2017,Egner,B,7/19/2017,117,Pool
72717EgnerPoolB3,OTU1459,GS,100,BOLD:AAA4276,Animalia,Arthropoda,Arachnida,Araneae,Lycosidae,Varacosa,Varacosa avara,45,7/27/2017,Egner,B,7/19/2017,117,Pool
72717EgnerPoolB3,OTU1482,SS,0.87,BOLD:AAF9008,Animalia,Arthropoda,Insecta,Diptera,Limoniidae,Helius,Helius flavipes,82,7/27/2017,Egner,B,7/19/2017,117,Pool
72717EgnerPoolB3,OTU1499,US,1,None,Animalia,Arthropoda,Collembola,Entomobryomorpha,NA,NA,NA,5,7/27/2017,Egner,B,7/19/2017,117,Pool
72717EgnerPoolB3,OTU1502,GS,100,BOLD:AAA7880,Animalia,Arthropoda,Insecta,Lepidoptera,Crambidae,Nomophila,Nomophila noctuella,1,7/27/2017,Egner,B,7/19/2017,117,Pool
72717EgnerPoolB3,OTU1634,GS,98.3,BOLD:AAW6260,Animalia,Arthropoda,Insecta,Hemiptera,Cicadidae,Tibicen,Tibicen lyricen,24,7/27/2017,Egner,B,7/19/2017,117,Pool
72717EgnerPoolB3,OTU1641,GS,97.8,BOLD:AAW5755,Animalia,Arthropoda,Insecta,Lepidoptera,Depressariidae,Psilocorsis,Psilocorsis reflexella,53,7/27/2017,Egner,B,7/19/2017,117,Pool
72717EgnerPoolB3,OTU1642,GS,99.4,BOLD:AAB5246,Animalia,Arthropoda,Insecta,Lepidoptera,Erebidae,Ledaea,Ledaea perditalis,38,7/27/2017,Egner,B,7/19/2017,117,Pool
72717EgnerPoolB3,OTU1662,US,9e-04,BOLD:ABX4033,Animalia,Arthropoda,Insecta,Diptera,NA,NA,NA,40,7/27/2017,Egner,B,7/19/2017,117,Pool
72717EgnerPoolB3,OTU1742,GS,98.3,BOLD:AAB0602,Animalia,Arthropoda,Insecta,Lepidoptera,Gelechiidae,Pseudotelphusa,Pseudotelphusa quercinigracella,89,7/27/2017,Egner,B,7/19/2017,117,Pool
72717EgnerPoolB3,OTU1751,US,0,BOLD:AAD7964,Animalia,Arthropoda,Insecta,Hymenoptera,NA,NA,NA,6,7/27/2017,Egner,B,7/19/2017,117,Pool
72717EgnerPoolB3,OTU1789,GS,100,BOLD:AAB0711,Animalia,Arthropoda,Insecta,Lepidoptera,NA,NA,NA,36,7/27/2017,Egner,B,7/19/2017,117,Pool
72717EgnerPoolB3,OTU1834,SS,0.74,BOLD:AAF4632,Animalia,Arthropoda,Insecta,Diptera,NA,NA,NA,5,7/27/2017,Egner,B,7/19/2017,117,Pool
72717EgnerPoolB3,OTU1869,SS,0.67,BOLD:AAF4632,Animalia,Arthropoda,Insecta,Diptera,NA,NA,NA,2,7/27/2017,Egner,B,7/19/2017,117,Pool
72717EgnerPoolB3,OTU1871,SS,0.85,BOLD:AAG3848,Animalia,Arthropoda,Insecta,Diptera,Culicidae,Culex,Culex erraticus,1,7/27/2017,Egner,B,7/19/2017,117,Pool
72717EgnerPoolB3,OTU1877,GS,100,BOLD:AAI3846,Animalia,Arthropoda,Insecta,Lepidoptera,NA,NA,NA,15,7/27/2017,Egner,B,7/19/2017,117,Pool
72717EgnerPoolB3,OTU1878,SS,0.78,BOLD:ABW4215,Animalia,Arthropoda,Insecta,Diptera,NA,NA,NA,5,7/27/2017,Egner,B,7/19/2017,117,Pool
72717EgnerPoolB3,OTU1901,US,0,BOLD:ACI5449,Animalia,Arthropoda,Arachnida,Trombidiformes,NA,NA,NA,9,7/27/2017,Egner,B,7/19/2017,117,Pool
72717EgnerPoolB4,OTU1,US,0.0026,BOLD:AAD6798,Animalia,Arthropoda,Insecta,Diptera,NA,NA,NA,236,7/27/2017,Egner,B,7/19/2017,117,Pool
72717EgnerPoolB4,OTU5,GS,99.4,BOLD:AAN5451,Animalia,Arthropoda,Arachnida,Araneae,Araneidae,Eustala,NA,2196,7/27/2017,Egner,B,7/19/2017,117,Pool
72717EgnerPoolB4,OTU11,GS,99.4,BOLD:AAG3848,Animalia,Arthropoda,Insecta,Diptera,Culicidae,Culex,Culex erraticus,2177,7/27/2017,Egner,B,7/19/2017,117,Pool
72717EgnerPoolB4,OTU12,GS,100,BOLD:AAE5173,Animalia,Arthropoda,Insecta,Diptera,Psychodidae,PschodididGC,NA,7606,7/27/2017,Egner,B,7/19/2017,117,Pool
72717EgnerPoolB4,OTU15,GS,100,BOLD:ABZ0908,Animalia,Arthropoda,Insecta,Diptera,Tipulidae,Nephrotoma,Nephrotoma ferruginea,231,7/27/2017,Egner,B,7/19/2017,117,Pool
72717EgnerPoolB4,OTU17,GS,100,BOLD:AAB3702,Animalia,Arthropoda,Insecta,Trichoptera,Hydropsychidae,Potamyia,Potamyia flava,153,7/27/2017,Egner,B,7/19/2017,117,Pool
72717EgnerPoolB4,OTU23,GS,100,BOLD:AAF9008,Animalia,Arthropoda,Insecta,Diptera,Limoniidae,Helius,Helius flavipes,1055,7/27/2017,Egner,B,7/19/2017,117,Pool
72717EgnerPoolB4,OTU34,GS,100,BOLD:AAM6211,Animalia,Arthropoda,Insecta,Diptera,Chironomidae,Glyptotendipes,NA,544,7/27/2017,Egner,B,7/19/2017,117,Pool
72717EgnerPoolB4,OTU35,GS,100,BOLD:ABW4215,Animalia,Arthropoda,Insecta,Diptera,Chironomidae,Glyptotendipes,Glyptotendipes meridionalis,114,7/27/2017,Egner,B,7/19/2017,117,Pool
72717EgnerPoolB4,OTU37,GS,100,BOLD:AAB0484,Animalia,Arthropoda,Insecta,Lepidoptera,Tortricidae,Gypsonoma,Gypsonoma salicicolana,327,7/27/2017,Egner,B,7/19/2017,117,Pool
72717EgnerPoolB4,OTU61,GS,99.4,BOLD:ABV1681,Animalia,Arthropoda,Insecta,Diptera,Tachinidae,Lixophaga,NA,1609,7/27/2017,Egner,B,7/19/2017,117,Pool
72717EgnerPoolB4,OTU65,GS,100,BOLD:AAA1517,Animalia,Arthropoda,Insecta,Lepidoptera,Tortricidae,Choristoneura,Choristoneura rosaceana,192,7/27/2017,Egner,B,7/19/2017,117,Pool
72717EgnerPoolB4,OTU75,GS,99.4,BOLD:AAF4974,Animalia,Arthropoda,Arachnida,Araneae,Theridiidae,Dipoena,Dipoena nigra,119,7/27/2017,Egner,B,7/19/2017,117,Pool
72717EgnerPoolB4,OTU77,SS,0.4,BOLD:ABU7092,Animalia,Arthropoda,Insecta,Hymenoptera,NA,NA,NA,171,7/27/2017,Egner,B,7/19/2017,117,Pool
72717EgnerPoolB4,OTU88,GS,100,BOLD:AAE0434,Animalia,Arthropoda,Insecta,Diptera,Culicidae,Uranotaenia,Uranotaenia sapphirina,148,7/27/2017,Egner,B,7/19/2017,117,Pool
72717EgnerPoolB4,OTU89,GS,98.3,BOLD:ABW2415,Animalia,Arthropoda,Insecta,Diptera,Tipulidae,Nephrotoma,Nephrotoma okefenoke,65,7/27/2017,Egner,B,7/19/2017,117,Pool
72717EgnerPoolB4,OTU97,GS,100,BOLD:AAB7935,Animalia,Arthropoda,Arachnida,Araneae,Araneidae,Eustala,Eustala cepina,84,7/27/2017,Egner,B,7/19/2017,117,Pool
72717EgnerPoolB4,OTU104,US,0.9963,BOLD:ADC6487,Animalia,Arthropoda,Insecta,Diptera,NA,NA,NA,2972,7/27/2017,Egner,B,7/19/2017,117,Pool
72717EgnerPoolB4,OTU105,GS,100,BOLD:AAB7936,Animalia,Arthropoda,Insecta,Lepidoptera,Oecophoridae,Inga,Inga sparsiciliella,162,7/27/2017,Egner,B,7/19/2017,117,Pool
72717EgnerPoolB4,OTU123,GS,99.4,BOLD:AAM8787,Animalia,Arthropoda,Insecta,Lepidoptera,Gelechiidae,Dichomeris,Dichomeris laetitia,38,7/27/2017,Egner,B,7/19/2017,117,Pool
72717EgnerPoolB4,OTU125,GS,100,BOLD:ACX4440,Animalia,Arthropoda,Insecta,Coleoptera,NA,NA,NA,138,7/27/2017,Egner,B,7/19/2017,117,Pool
72717EgnerPoolB4,OTU143,SS,0.21,BOLD:ACW8718,Animalia,Arthropoda,Insecta,Diptera,NA,NA,NA,86,7/27/2017,Egner,B,7/19/2017,117,Pool
72717EgnerPoolB4,OTU146,GS,99.4,BOLD:ABV9238,Animalia,Arthropoda,Insecta,Diptera,Limoniidae,Gonomyia,NA,52,7/27/2017,Egner,B,7/19/2017,117,Pool
72717EgnerPoolB4,OTU148,GS,100,BOLD:AAK7352,Animalia,Arthropoda,Arachnida,Araneae,Araneidae,Metepeira,Metepeira labyrinthea,53,7/27/2017,Egner,B,7/19/2017,117,Pool
72717EgnerPoolB4,OTU149,GS,99.4,BOLD:AAH4942,Animalia,Arthropoda,Insecta,Lepidoptera,Gelechiidae,Dichomeris,NA,402,7/27/2017,Egner,B,7/19/2017,117,Pool
72717EgnerPoolB4,OTU165,US,0.9936,BOLD:ACF8271,Animalia,Arthropoda,Insecta,Diptera,NA,NA,NA,44,7/27/2017,Egner,B,7/19/2017,117,Pool
72717EgnerPoolB4,OTU168,GS,100,BOLD:AAC3609,Animalia,Arthropoda,Insecta,Lepidoptera,Euteliidae,Paectes,Paectes abrostoloides,51,7/27/2017,Egner,B,7/19/2017,117,Pool
72717EgnerPoolB4,OTU172,GS,99.4,BOLD:AAA8563,Animalia,Arthropoda,Insecta,Lepidoptera,Erebidae,Parallelia,Parallelia bistriaris,69,7/27/2017,Egner,B,7/19/2017,117,Pool
72717EgnerPoolB4,OTU175,GS,99.4,BOLD:AAC7367,Animalia,Arthropoda,Insecta,Lepidoptera,Tineidae,Isocorypha,Isocorypha mediostriatella,166,7/27/2017,Egner,B,7/19/2017,117,Pool
72717EgnerPoolB4,OTU180,GS,100,BOLD:AAM8933,Animalia,Arthropoda,Insecta,Psocodea,Amphipsocidae,Polypsocus,Polypsocus corruptus,89,7/27/2017,Egner,B,7/19/2017,117,Pool
72717EgnerPoolB4,OTU183,GS,100,BOLD:AAB2305,Animalia,Arthropoda,Insecta,Lepidoptera,Geometridae,Digrammia,Digrammia gnophosaria,39,7/27/2017,Egner,B,7/19/2017,117,Pool
72717EgnerPoolB4,OTU185,GS,100,BOLD:AAA7667,Animalia,Arthropoda,Insecta,Lepidoptera,Tortricidae,Acleris,Acleris chalybeana,15,7/27/2017,Egner,B,7/19/2017,117,Pool
72717EgnerPoolB4,OTU186,GS,99.4,BOLD:ACN8633,Animalia,Arthropoda,Insecta,Lepidoptera,Carposinidae,Carposina,NA,58,7/27/2017,Egner,B,7/19/2017,117,Pool
72717EgnerPoolB4,OTU189,GS,100,BOLD:ABV2225,Animalia,Arthropoda,Insecta,Lepidoptera,Gracillariidae,Caloptilia,NA,36,7/27/2017,Egner,B,7/19/2017,117,Pool
72717EgnerPoolB4,OTU190,GS,100,BOLD:ABY7666,Animalia,Arthropoda,Insecta,Diptera,Culicidae,Culex,Culex territans,26,7/27/2017,Egner,B,7/19/2017,117,Pool
72717EgnerPoolB4,OTU193,GS,98.9,BOLD:AAI4436,Animalia,Arthropoda,Insecta,Lepidoptera,Gelechiidae,Aristotelia,NA,121,7/27/2017,Egner,B,7/19/2017,117,Pool
72717EgnerPoolB4,OTU202,US,0.9967,BOLD:ACF8271,Animalia,Arthropoda,Insecta,Hymenoptera,NA,NA,NA,29,7/27/2017,Egner,B,7/19/2017,117,Pool
72717EgnerPoolB4,OTU203,GS,100,BOLD:AAB0603,Animalia,Arthropoda,Insecta,Lepidoptera,Gelechiidae,Pseudotelphusa,Pseudotelphusa quercinigracella,530,7/27/2017,Egner,B,7/19/2017,117,Pool
72717EgnerPoolB4,OTU206,GS,99.4,BOLD:AAN8390,Animalia,Arthropoda,Insecta,Hemiptera,Miridae,Neurocolpus,Neurocolpus nubilus,84,7/27/2017,Egner,B,7/19/2017,117,Pool
72717EgnerPoolB4,OTU213,GS,100,BOLD:AAD4936,Animalia,Arthropoda,Insecta,Lepidoptera,Gracillariidae,Caloptilia,Caloptilia sassafrasella,59,7/27/2017,Egner,B,7/19/2017,117,Pool
72717EgnerPoolB4,OTU215,GS,100,BOLD:AAA2490,Animalia,Arthropoda,Insecta,Lepidoptera,Crambidae,Palpita,Palpita magniferalis,80,7/27/2017,Egner,B,7/19/2017,117,Pool
72717EgnerPoolB4,OTU218,GS,100,BOLD:AAA4274,Animalia,Arthropoda,Insecta,Lepidoptera,Tineidae,Acrolophus,Acrolophus texanella,75,7/27/2017,Egner,B,7/19/2017,117,Pool
72717EgnerPoolB4,OTU233,GS,99.4,BOLD:ACL2521,Animalia,Arthropoda,Arachnida,Trombidiformes,Arrenuridae,Arrenurus,Arrenurus marshallae,70,7/27/2017,Egner,B,7/19/2017,117,Pool
72717EgnerPoolB4,OTU235,GS,100,BOLD:AAG3918,Animalia,Arthropoda,Insecta,Diptera,Chironomidae,Procladius,NA,24,7/27/2017,Egner,B,7/19/2017,117,Pool
72717EgnerPoolB4,OTU239,GS,100,BOLD:ABW2526,Animalia,Arthropoda,Insecta,Diptera,Tabanidae,Tabanus,NA,25,7/27/2017,Egner,B,7/19/2017,117,Pool
72717EgnerPoolB4,OTU250,GS,100,BOLD:AAF3786,Animalia,Arthropoda,Insecta,Lepidoptera,Coleophoridae,Coleophora,Coleophora argentialbella,416,7/27/2017,Egner,B,7/19/2017,117,Pool
72717EgnerPoolB4,OTU257,GS,100,BOLD:AAA5803,Animalia,Arthropoda,Insecta,Hemiptera,Miridae,Lygus,Lygus lineolaris,268,7/27/2017,Egner,B,7/19/2017,117,Pool
72717EgnerPoolB4,OTU258,GS,100,BOLD:ACA7555,Animalia,Arthropoda,Insecta,Diptera,Chironomidae,NA,NA,54,7/27/2017,Egner,B,7/19/2017,117,Pool
72717EgnerPoolB4,OTU269,GS,97.2,BOLD:AAP9050,Animalia,Arthropoda,Insecta,Diptera,Ceratopogonidae,NA,NA,38,7/27/2017,Egner,B,7/19/2017,117,Pool
72717EgnerPoolB4,OTU271,GS,98.9,BOLD:ABX3627,Animalia,Arthropoda,Insecta,Diptera,Limoniidae,NA,NA,11,7/27/2017,Egner,B,7/19/2017,117,Pool
72717EgnerPoolB4,OTU290,GS,100,BOLD:AAE4427,Animalia,Arthropoda,Insecta,Lepidoptera,Tineidae,Xylesthia,Xylesthia pruniramiella,66,7/27/2017,Egner,B,7/19/2017,117,Pool
72717EgnerPoolB4,OTU293,GS,100,BOLD:AAU4100,Animalia,Arthropoda,Insecta,Lepidoptera,Gracillariidae,Cameraria,Cameraria hamadryadella,22,7/27/2017,Egner,B,7/19/2017,117,Pool
72717EgnerPoolB4,OTU297,GS,100,BOLD:ACT1102,Animalia,Arthropoda,Insecta,Lepidoptera,Carposinidae,Carposina,NA,260,7/27/2017,Egner,B,7/19/2017,117,Pool
72717EgnerPoolB4,OTU309,GS,100,BOLD:AAH5582,Animalia,Arthropoda,Insecta,Lepidoptera,Gelechiidae,Battaristis,NA,33,7/27/2017,Egner,B,7/19/2017,117,Pool
72717EgnerPoolB4,OTU314,GS,98.9,BOLD:AAB0603,Animalia,Arthropoda,Insecta,Lepidoptera,Gelechiidae,Pseudotelphusa,Pseudotelphusa quercinigracella,130,7/27/2017,Egner,B,7/19/2017,117,Pool
72717EgnerPoolB4,OTU330,GS,100,BOLD:ACL2176,Animalia,Arthropoda,Arachnida,Trombidiformes,NA,NA,NA,561,7/27/2017,Egner,B,7/19/2017,117,Pool
72717EgnerPoolB4,OTU355,GS,99.4,BOLD:AAB3917,Animalia,Arthropoda,Insecta,Lepidoptera,Depressariidae,Psilocorsis,Psilocorsis quercicella,20,7/27/2017,Egner,B,7/19/2017,117,Pool
72717EgnerPoolB4,OTU364,GS,100,BOLD:AAF8338,Animalia,Arthropoda,Insecta,Diptera,Tipulidae,Tipula,Tipula furca,17,7/27/2017,Egner,B,7/19/2017,117,Pool
72717EgnerPoolB4,OTU373,GS,98.9,BOLD:AAG8953,Animalia,Arthropoda,Insecta,Hemiptera,Cicadellidae,Gyponana,Gyponana amara,46,7/27/2017,Egner,B,7/19/2017,117,Pool
72717EgnerPoolB4,OTU390,GS,97.2,BOLD:ADC1632,Animalia,Arthropoda,Insecta,Hymenoptera,Braconidae,Dolichogenidea,NA,25,7/27/2017,Egner,B,7/19/2017,117,Pool
72717EgnerPoolB4,OTU397,GS,100,BOLD:ACA9043,Animalia,Arthropoda,Insecta,Coleoptera,NA,NA,NA,88,7/27/2017,Egner,B,7/19/2017,117,Pool
72717EgnerPoolB4,OTU410,SS,0.26,BOLD:ABZ3458,Animalia,Arthropoda,Insecta,Lepidoptera,NA,NA,NA,104,7/27/2017,Egner,B,7/19/2017,117,Pool
72717EgnerPoolB4,OTU418,US,0,None,Animalia,Arthropoda,Insecta,Lepidoptera,NA,NA,NA,4,7/27/2017,Egner,B,7/19/2017,117,Pool
72717EgnerPoolB4,OTU424,GS,100,BOLD:ABZ3656,Animalia,Arthropoda,Insecta,Lepidoptera,Depressariidae,Psilocorsis,Psilocorsis reflexella,69,7/27/2017,Egner,B,7/19/2017,117,Pool
72717EgnerPoolB4,OTU463,SS,0.21,BOLD:AAF2681,Animalia,Arthropoda,Insecta,Lepidoptera,NA,NA,NA,145,7/27/2017,Egner,B,7/19/2017,117,Pool
72717EgnerPoolB4,OTU543,GS,100,BOLD:AAA7928,Animalia,Arthropoda,Insecta,Lepidoptera,Blastobasidae,Blastobasis,Blastobasis taurusella,2,7/27/2017,Egner,B,7/19/2017,117,Pool
72717EgnerPoolB4,OTU559,GS,100,BOLD:AAG5254,Animalia,Arthropoda,Insecta,Lepidoptera,Dryadaulidae,Dryadaula,NA,21,7/27/2017,Egner,B,7/19/2017,117,Pool
72717EgnerPoolB4,OTU572,GS,100,BOLD:ABW4438,Animalia,Arthropoda,Insecta,Coleoptera,Histeridae,Carcinops,Carcinops pumilio,162,7/27/2017,Egner,B,7/19/2017,117,Pool
72717EgnerPoolB4,OTU576,GS,100,BOLD:AAA5192,Animalia,Arthropoda,Insecta,Lepidoptera,Tortricidae,Platynota,Platynota idaeusalis,13,7/27/2017,Egner,B,7/19/2017,117,Pool
72717EgnerPoolB4,OTU580,GS,98.3,BOLD:ABZ0908,Animalia,Arthropoda,Insecta,Diptera,Tipulidae,Nephrotoma,Nephrotoma ferruginea,15,7/27/2017,Egner,B,7/19/2017,117,Pool
72717EgnerPoolB4,OTU636,GS,99.4,BOLD:AAM6230,Animalia,Arthropoda,Insecta,Diptera,Chironomidae,Chironomus,NA,18,7/27/2017,Egner,B,7/19/2017,117,Pool
72717EgnerPoolB4,OTU638,GS,99.4,BOLD:ABZ3332,Animalia,Arthropoda,Insecta,Lepidoptera,Depressariidae,Psilocorsis,Psilocorsis reflexella,93,7/27/2017,Egner,B,7/19/2017,117,Pool
72717EgnerPoolB4,OTU676,GS,100,BOLD:AAG0084,Animalia,Arthropoda,Arachnida,Araneae,Oxyopidae,Oxyopes,NA,73,7/27/2017,Egner,B,7/19/2017,117,Pool
72717EgnerPoolB4,OTU678,GS,98.6,BOLD:AAB0602,Animalia,Arthropoda,Insecta,Lepidoptera,Gelechiidae,Pseudotelphusa,Pseudotelphusa quercinigracella,270,7/27/2017,Egner,B,7/19/2017,117,Pool
72717EgnerPoolB4,OTU707,GS,100,BOLD:ACA3244,Animalia,Arthropoda,Insecta,Diptera,Chironomidae,Polypedilum,Polypedilum convictum,29,7/27/2017,Egner,B,7/19/2017,117,Pool
72717EgnerPoolB4,OTU763,GS,100,BOLD:AAA7892,Animalia,Arthropoda,Insecta,Lepidoptera,Depressariidae,Machimia,Machimia tentoriferella,113,7/27/2017,Egner,B,7/19/2017,117,Pool
72717EgnerPoolB4,OTU769,GS,100,BOLD:AAE8646,Animalia,Arthropoda,Insecta,Hymenoptera,Formicidae,Solenopsis,Solenopsis molesta,2,7/27/2017,Egner,B,7/19/2017,117,Pool
72717EgnerPoolB4,OTU794,GS,100,BOLD:AAD2564,Animalia,Arthropoda,Insecta,Lepidoptera,Gelechiidae,Chionodes,Chionodes fuscomaculella,33,7/27/2017,Egner,B,7/19/2017,117,Pool
72717EgnerPoolB4,OTU802,GS,100,BOLD:AAZ0412,Animalia,Arthropoda,Insecta,Diptera,Tachinidae,Phytomyptera,Phytomyptera melissopodis,4,7/27/2017,Egner,B,7/19/2017,117,Pool
72717EgnerPoolB4,OTU839,GS,100,BOLD:AAC0706,Animalia,Arthropoda,Insecta,Diptera,Chironomidae,Dicrotendipes,Dicrotendipes tritomus,38,7/27/2017,Egner,B,7/19/2017,117,Pool
72717EgnerPoolB4,OTU840,US,0.0169,BOLD:AAU7129,Animalia,Arthropoda,Insecta,Coleoptera,NA,NA,NA,160,7/27/2017,Egner,B,7/19/2017,117,Pool
72717EgnerPoolB4,OTU875,GS,100,BOLD:AAP2599,Animalia,Arthropoda,Insecta,Lepidoptera,NA,NA,NA,46,7/27/2017,Egner,B,7/19/2017,117,Pool
72717EgnerPoolB4,OTU888,GS,100,BOLD:AAG5541,Animalia,Arthropoda,Insecta,Diptera,Chironomidae,Polypedilum,NA,98,7/27/2017,Egner,B,7/19/2017,117,Pool
72717EgnerPoolB4,OTU936,GS,100,BOLD:AAB5285,Animalia,Arthropoda,Insecta,Lepidoptera,Tortricidae,Adoxophyes,Adoxophyes negundana,61,7/27/2017,Egner,B,7/19/2017,117,Pool
72717EgnerPoolB4,OTU942,GS,100,BOLD:AAA4507,Animalia,Arthropoda,Insecta,Lepidoptera,Crambidae,Udea,Udea rubigalis,40,7/27/2017,Egner,B,7/19/2017,117,Pool
72717EgnerPoolB4,OTU944,GS,100,BOLD:AAB1667,Animalia,Arthropoda,Insecta,Lepidoptera,Tortricidae,Argyrotaenia,Argyrotaenia quercifoliana,5,7/27/2017,Egner,B,7/19/2017,117,Pool
72717EgnerPoolB4,OTU1010,SS,0.74,BOLD:AAY0809,Animalia,Arthropoda,Insecta,NA,NA,NA,NA,55,7/27/2017,Egner,B,7/19/2017,117,Pool
72717EgnerPoolB4,OTU1034,US,7e-04,BOLD:AAI5631,Animalia,Arthropoda,Insecta,Mecoptera,NA,NA,NA,51,7/27/2017,Egner,B,7/19/2017,117,Pool
72717EgnerPoolB4,OTU1072,SS,0.54,BOLD:ABV9238,Animalia,Arthropoda,Insecta,Diptera,NA,NA,NA,8,7/27/2017,Egner,B,7/19/2017,117,Pool
72717EgnerPoolB4,OTU1097,GS,97.2,BOLD:AAN5451,Animalia,Arthropoda,Arachnida,Araneae,Araneidae,Eustala,NA,94,7/27/2017,Egner,B,7/19/2017,117,Pool
72717EgnerPoolB4,OTU1108,GS,97.2,BOLD:AAB0603,Animalia,Arthropoda,Insecta,Lepidoptera,Gelechiidae,Pseudotelphusa,Pseudotelphusa quercinigracella,78,7/27/2017,Egner,B,7/19/2017,117,Pool
72717EgnerPoolB4,OTU1116,SS,0.5,BOLD:ABZ0908,Animalia,Arthropoda,Insecta,Diptera,NA,NA,NA,36,7/27/2017,Egner,B,7/19/2017,117,Pool
72717EgnerPoolB4,OTU1132,GS,100,BOLD:AAN6207,Animalia,Arthropoda,Insecta,Coleoptera,Staphylinidae,Lithocharis,Lithocharis nigriceps,78,7/27/2017,Egner,B,7/19/2017,117,Pool
72717EgnerPoolB4,OTU1135,GS,98.9,BOLD:AAM7619,Animalia,Arthropoda,Insecta,Coleoptera,Melandryidae,Symphora,Symphora rugosa,48,7/27/2017,Egner,B,7/19/2017,117,Pool
72717EgnerPoolB4,OTU1248,GS,100,BOLD:ABA2269,Animalia,Arthropoda,Insecta,Lepidoptera,Pyralidae,Arta,Arta olivalis,4,7/27/2017,Egner,B,7/19/2017,117,Pool
72717EgnerPoolB4,OTU1258,GS,100,BOLD:AAP5530,Animalia,Arthropoda,Insecta,Lepidoptera,Gelechiidae,Gelechia,Gelechia albisparsella,1,7/27/2017,Egner,B,7/19/2017,117,Pool
72717EgnerPoolB4,OTU1268,GS,97.8,BOLD:AAM6211,Animalia,Arthropoda,Insecta,Diptera,Chironomidae,Glyptotendipes,NA,41,7/27/2017,Egner,B,7/19/2017,117,Pool
72717EgnerPoolB4,OTU1270,US,0.0049,BOLD:ACA8954,Animalia,Arthropoda,Insecta,Trichoptera,NA,NA,NA,55,7/27/2017,Egner,B,7/19/2017,117,Pool
72717EgnerPoolB4,OTU1274,GS,98.9,BOLD:AAG6465,Animalia,Arthropoda,Insecta,Diptera,Ceratopogonidae,NA,NA,25,7/27/2017,Egner,B,7/19/2017,117,Pool
72717EgnerPoolB4,OTU1287,GS,98.9,BOLD:AAP4821,Animalia,Arthropoda,Insecta,Diptera,Tachinidae,NA,NA,10,7/27/2017,Egner,B,7/19/2017,117,Pool
72717EgnerPoolB4,OTU1305,US,0.9936,BOLD:AAE3315,Animalia,Arthropoda,Insecta,Hymenoptera,NA,NA,NA,36,7/27/2017,Egner,B,7/19/2017,117,Pool
72717EgnerPoolB4,OTU1317,SS,0.01,BOLD:AAN5451,Animalia,Arthropoda,Arachnida,Araneae,Araneidae,Eustala,NA,16,7/27/2017,Egner,B,7/19/2017,117,Pool
72717EgnerPoolB4,OTU1340,GS,98.9,BOLD:ABX8490,Animalia,Arthropoda,Insecta,Diptera,NA,NA,NA,59,7/27/2017,Egner,B,7/19/2017,117,Pool
72717EgnerPoolB4,OTU1380,GS,97.8,BOLD:ADC9340,Animalia,Arthropoda,Insecta,Hemiptera,Cicadidae,Tibicen,Tibicen canicularis,19,7/27/2017,Egner,B,7/19/2017,117,Pool
72717EgnerPoolB4,OTU1482,SS,0.87,BOLD:AAF9008,Animalia,Arthropoda,Insecta,Diptera,Limoniidae,Helius,Helius flavipes,155,7/27/2017,Egner,B,7/19/2017,117,Pool
72717EgnerPoolB4,OTU1487,GS,100,BOLD:AAD7092,Animalia,Arthropoda,Insecta,Lepidoptera,Sphingidae,Paratrea,Paratrea plebeja,48,7/27/2017,Egner,B,7/19/2017,117,Pool
72717EgnerPoolB4,OTU1504,SS,0.08,BOLD:ACB5181,Animalia,Arthropoda,Insecta,Diptera,NA,NA,NA,59,7/27/2017,Egner,B,7/19/2017,117,Pool
72717EgnerPoolB4,OTU1522,SS,0.57,BOLD:AAF9008,Animalia,Arthropoda,Insecta,Diptera,NA,NA,NA,2,7/27/2017,Egner,B,7/19/2017,117,Pool
72717EgnerPoolB4,OTU1551,GS,97.8,BOLD:ABV0248,Animalia,Arthropoda,Insecta,Diptera,Ceratopogonidae,Stilobezzia,Stilobezzia antennalis,26,7/27/2017,Egner,B,7/19/2017,117,Pool
72717EgnerPoolB4,OTU1558,GS,97.3,BOLD:AAN4851,Animalia,Arthropoda,Insecta,Lepidoptera,NA,NA,NA,22,7/27/2017,Egner,B,7/19/2017,117,Pool
72717EgnerPoolB4,OTU1638,GS,100,BOLD:ABZ4627,Animalia,Arthropoda,Insecta,Lepidoptera,Depressariidae,Antaeotricha,NA,44,7/27/2017,Egner,B,7/19/2017,117,Pool
72717EgnerPoolB4,OTU1641,GS,97.8,BOLD:AAW5755,Animalia,Arthropoda,Insecta,Lepidoptera,Depressariidae,Psilocorsis,Psilocorsis reflexella,1,7/27/2017,Egner,B,7/19/2017,117,Pool
72717EgnerPoolB4,OTU1719,GS,97.2,BOLD:AAG0149,Animalia,Arthropoda,Insecta,Lepidoptera,NA,NA,NA,1,7/27/2017,Egner,B,7/19/2017,117,Pool
72717EgnerPoolB4,OTU1730,SS,0.73,BOLD:ABU5814,Animalia,Arthropoda,Insecta,Hemiptera,Cicadidae,NA,NA,27,7/27/2017,Egner,B,7/19/2017,117,Pool
72717EgnerPoolB4,OTU1732,GS,100,BOLD:ACF0418,Animalia,Arthropoda,Insecta,Coleoptera,Carabidae,Harpalus,Harpalus somnulentus,26,7/27/2017,Egner,B,7/19/2017,117,Pool
72717EgnerPoolB4,OTU1742,GS,98.3,BOLD:AAB0602,Animalia,Arthropoda,Insecta,Lepidoptera,Gelechiidae,Pseudotelphusa,Pseudotelphusa quercinigracella,258,7/27/2017,Egner,B,7/19/2017,117,Pool
72717EgnerPoolB4,OTU1756,SS,0.97,BOLD:AAG3848,Animalia,Arthropoda,Insecta,Diptera,Culicidae,Culex,Culex erraticus,3,7/27/2017,Egner,B,7/19/2017,117,Pool
72717EgnerPoolB4,OTU1871,SS,0.85,BOLD:AAG3848,Animalia,Arthropoda,Insecta,Diptera,Culicidae,Culex,Culex erraticus,2,7/27/2017,Egner,B,7/19/2017,117,Pool
72717EgnerPoolB4,OTU1910,SS,0.87,BOLD:ABZ0908,Animalia,Arthropoda,Insecta,Diptera,Tipulidae,Nephrotoma,Nephrotoma ferruginea,1,7/27/2017,Egner,B,7/19/2017,117,Pool
72717HBPoolB1,OTU1,US,0.0026,BOLD:AAD6798,Animalia,Arthropoda,Insecta,Diptera,NA,NA,NA,1702,7/27/2017,HickoryBottoms,B,7/12/2017,142,Pool
72717HBPoolB1,OTU3,GS,100,BOLD:AAP2734,Animalia,Arthropoda,Insecta,Diptera,Limoniidae,Erioptera,Erioptera parva,9468,7/27/2017,HickoryBottoms,B,7/12/2017,142,Pool
72717HBPoolB1,OTU7,GS,100,BOLD:AAF4632,Animalia,Arthropoda,Insecta,Diptera,Limoniidae,Epiphragma,Epiphragma solatrix,2388,7/27/2017,HickoryBottoms,B,7/12/2017,142,Pool
72717HBPoolB1,OTU9,US,0.7924,BOLD:AAG8502,Animalia,Arthropoda,Insecta,NA,NA,NA,NA,222,7/27/2017,HickoryBottoms,B,7/12/2017,142,Pool
72717HBPoolB1,OTU12,GS,100,BOLD:AAE5173,Animalia,Arthropoda,Insecta,Diptera,Psychodidae,PschodididGC,NA,1153,7/27/2017,HickoryBottoms,B,7/12/2017,142,Pool
72717HBPoolB1,OTU15,GS,100,BOLD:ABZ0908,Animalia,Arthropoda,Insecta,Diptera,Tipulidae,Nephrotoma,Nephrotoma ferruginea,1208,7/27/2017,HickoryBottoms,B,7/12/2017,142,Pool
72717HBPoolB1,OTU20,US,0.9885,BOLD:ACL8445,Animalia,Arthropoda,Insecta,Diptera,NA,NA,NA,232,7/27/2017,HickoryBottoms,B,7/12/2017,142,Pool
72717HBPoolB1,OTU24,GS,98.9,BOLD:ABW3499,Animalia,Arthropoda,Insecta,Diptera,NA,NA,NA,4133,7/27/2017,HickoryBottoms,B,7/12/2017,142,Pool
72717HBPoolB1,OTU51,GS,100,BOLD:AAG1040,Animalia,Arthropoda,Insecta,Lepidoptera,Cosmopterigidae,Perimede,Perimede circitor,477,7/27/2017,HickoryBottoms,B,7/12/2017,142,Pool
72717HBPoolB1,OTU64,US,0.9925,BOLD:AAL8170,Animalia,Arthropoda,Insecta,Hymenoptera,NA,NA,NA,45,7/27/2017,HickoryBottoms,B,7/12/2017,142,Pool
72717HBPoolB1,OTU65,GS,100,BOLD:AAA1517,Animalia,Arthropoda,Insecta,Lepidoptera,Tortricidae,Choristoneura,Choristoneura rosaceana,135,7/27/2017,HickoryBottoms,B,7/12/2017,142,Pool
72717HBPoolB1,OTU81,US,0,BOLD:ABV3248,Animalia,Arthropoda,Insecta,Diptera,NA,NA,NA,688,7/27/2017,HickoryBottoms,B,7/12/2017,142,Pool
72717HBPoolB1,OTU88,GS,100,BOLD:AAE0434,Animalia,Arthropoda,Insecta,Diptera,Culicidae,Uranotaenia,Uranotaenia sapphirina,51,7/27/2017,HickoryBottoms,B,7/12/2017,142,Pool
72717HBPoolB1,OTU89,GS,98.3,BOLD:ABW2415,Animalia,Arthropoda,Insecta,Diptera,Tipulidae,Nephrotoma,Nephrotoma okefenoke,971,7/27/2017,HickoryBottoms,B,7/12/2017,142,Pool
72717HBPoolB1,OTU93,GS,99.4,BOLD:AAM4329,Animalia,Arthropoda,Insecta,Hemiptera,Cimicidae,Cimex,Cimex adjunctus,33,7/27/2017,HickoryBottoms,B,7/12/2017,142,Pool
72717HBPoolB1,OTU100,US,0,BOLD:ACD6759,Animalia,Arthropoda,Insecta,Hymenoptera,NA,NA,NA,300,7/27/2017,HickoryBottoms,B,7/12/2017,142,Pool
72717HBPoolB1,OTU141,GS,100,BOLD:ABX6186,Animalia,Arthropoda,Insecta,Diptera,Tipulidae,Nephrotoma,Nephrotoma ferruginea,277,7/27/2017,HickoryBottoms,B,7/12/2017,142,Pool
72717HBPoolB1,OTU143,SS,0.21,BOLD:ACW8718,Animalia,Arthropoda,Insecta,Diptera,NA,NA,NA,53,7/27/2017,HickoryBottoms,B,7/12/2017,142,Pool
72717HBPoolB1,OTU146,GS,99.4,BOLD:ABV9238,Animalia,Arthropoda,Insecta,Diptera,Limoniidae,Gonomyia,NA,56,7/27/2017,HickoryBottoms,B,7/12/2017,142,Pool
72717HBPoolB1,OTU157,US,0,BOLD:ACJ3184,Animalia,Arthropoda,Insecta,Hymenoptera,NA,NA,NA,38,7/27/2017,HickoryBottoms,B,7/12/2017,142,Pool
72717HBPoolB1,OTU168,GS,100,BOLD:AAC3609,Animalia,Arthropoda,Insecta,Lepidoptera,Euteliidae,Paectes,Paectes abrostoloides,3254,7/27/2017,HickoryBottoms,B,7/12/2017,142,Pool
72717HBPoolB1,OTU173,GS,99.4,BOLD:ABA7621,Animalia,Arthropoda,Insecta,Diptera,Tipulidae,Dolichopeza,Dolichopeza walleyi,105,7/27/2017,HickoryBottoms,B,7/12/2017,142,Pool
72717HBPoolB1,OTU192,SS,0.12,BOLD:ACF9102,Animalia,Arthropoda,Insecta,Diptera,NA,NA,NA,271,7/27/2017,HickoryBottoms,B,7/12/2017,142,Pool
72717HBPoolB1,OTU198,GS,99.4,BOLD:ABZ1242,Animalia,Arthropoda,Insecta,Diptera,Chironomidae,NA,NA,4,7/27/2017,HickoryBottoms,B,7/12/2017,142,Pool
72717HBPoolB1,OTU200,GS,100,BOLD:AAN8771,Animalia,Arthropoda,Insecta,Diptera,Psychodidae,NA,NA,69,7/27/2017,HickoryBottoms,B,7/12/2017,142,Pool
72717HBPoolB1,OTU203,GS,100,BOLD:AAB0603,Animalia,Arthropoda,Insecta,Lepidoptera,Gelechiidae,Pseudotelphusa,Pseudotelphusa quercinigracella,85,7/27/2017,HickoryBottoms,B,7/12/2017,142,Pool
72717HBPoolB1,OTU214,GS,99.4,BOLD:AAW6795,Animalia,Arthropoda,Insecta,Diptera,NA,NA,NA,32,7/27/2017,HickoryBottoms,B,7/12/2017,142,Pool
72717HBPoolB1,OTU215,GS,100,BOLD:AAA2490,Animalia,Arthropoda,Insecta,Lepidoptera,Crambidae,Palpita,Palpita magniferalis,9,7/27/2017,HickoryBottoms,B,7/12/2017,142,Pool
72717HBPoolB1,OTU232,US,0.986,BOLD:ACO0742,Animalia,Arthropoda,Insecta,Lepidoptera,NA,NA,NA,11,7/27/2017,HickoryBottoms,B,7/12/2017,142,Pool
72717HBPoolB1,OTU257,GS,100,BOLD:AAA5803,Animalia,Arthropoda,Insecta,Hemiptera,Miridae,Lygus,Lygus lineolaris,65,7/27/2017,HickoryBottoms,B,7/12/2017,142,Pool
72717HBPoolB1,OTU261,GS,99.4,BOLD:ACE7664,Animalia,Arthropoda,Insecta,Lepidoptera,Erebidae,Spilosoma,Spilosoma virginica,1141,7/27/2017,HickoryBottoms,B,7/12/2017,142,Pool
72717HBPoolB1,OTU283,GS,100,BOLD:AAZ5968,Animalia,Arthropoda,Insecta,Diptera,Limoniidae,NA,NA,7,7/27/2017,HickoryBottoms,B,7/12/2017,142,Pool
72717HBPoolB1,OTU301,GS,100,BOLD:ABV1330,Animalia,Arthropoda,Insecta,Diptera,Cecidomyiidae,NA,NA,1895,7/27/2017,HickoryBottoms,B,7/12/2017,142,Pool
72717HBPoolB1,OTU305,US,0.9881,BOLD:AAQ0487,Animalia,Arthropoda,Insecta,Diptera,NA,NA,NA,34,7/27/2017,HickoryBottoms,B,7/12/2017,142,Pool
72717HBPoolB1,OTU320,US,0,BOLD:ACQ9987,Animalia,Arthropoda,Insecta,Hemiptera,NA,NA,NA,7,7/27/2017,HickoryBottoms,B,7/12/2017,142,Pool
72717HBPoolB1,OTU325,GS,100,BOLD:AAB6013,Animalia,Arthropoda,Insecta,Lepidoptera,Tortricidae,Phaecasiophora,Phaecasiophora confixana,11,7/27/2017,HickoryBottoms,B,7/12/2017,142,Pool
72717HBPoolB1,OTU346,US,0,None,Animalia,Arthropoda,Insecta,Hymenoptera,NA,NA,NA,9,7/27/2017,HickoryBottoms,B,7/12/2017,142,Pool
72717HBPoolB1,OTU362,GS,100,BOLD:ABZ2935,Animalia,Arthropoda,Insecta,Lepidoptera,Erebidae,Zanclognatha,Zanclognatha pedipilalis,59,7/27/2017,HickoryBottoms,B,7/12/2017,142,Pool
72717HBPoolB1,OTU384,GS,99.4,BOLD:AAF9312,Animalia,Arthropoda,Insecta,Diptera,Psychodidae,NA,NA,73,7/27/2017,HickoryBottoms,B,7/12/2017,142,Pool
72717HBPoolB1,OTU396,SS,0.98,BOLD:AAP2734,Animalia,Arthropoda,Insecta,Diptera,Limoniidae,Erioptera,Erioptera parva,408,7/27/2017,HickoryBottoms,B,7/12/2017,142,Pool
72717HBPoolB1,OTU400,SS,0.32,BOLD:ACR6355,Animalia,Arthropoda,Insecta,Diptera,NA,NA,NA,2387,7/27/2017,HickoryBottoms,B,7/12/2017,142,Pool
72717HBPoolB1,OTU407,GS,99.4,BOLD:AAK8831,Animalia,Arthropoda,Insecta,Diptera,Limoniidae,Metalimnobia,Metalimnobia cinctipes,567,7/27/2017,HickoryBottoms,B,7/12/2017,142,Pool
72717HBPoolB1,OTU424,GS,100,BOLD:ABZ3656,Animalia,Arthropoda,Insecta,Lepidoptera,Depressariidae,Psilocorsis,Psilocorsis reflexella,126,7/27/2017,HickoryBottoms,B,7/12/2017,142,Pool
72717HBPoolB1,OTU425,GS,98.9,BOLD:ACC4755,Animalia,Arthropoda,Insecta,Diptera,Culicidae,Aedes,Aedes atlanticus,12,7/27/2017,HickoryBottoms,B,7/12/2017,142,Pool
72717HBPoolB1,OTU436,GS,100,BOLD:AAC7431,Animalia,Arthropoda,Insecta,Lepidoptera,Nymphalidae,Asterocampa,Asterocampa clyton,673,7/27/2017,HickoryBottoms,B,7/12/2017,142,Pool
72717HBPoolB1,OTU452,GS,99.4,BOLD:ACM1046,Animalia,Arthropoda,Insecta,Diptera,Chironomidae,NA,NA,106,7/27/2017,HickoryBottoms,B,7/12/2017,142,Pool
72717HBPoolB1,OTU484,US,0.2259,BOLD:ACT8191,Animalia,Arthropoda,Arachnida,Araneae,NA,NA,NA,30,7/27/2017,HickoryBottoms,B,7/12/2017,142,Pool
72717HBPoolB1,OTU487,GS,100,BOLD:AAJ9298,Animalia,Arthropoda,Insecta,Lepidoptera,Geometridae,Melanolophia,Melanolophia signataria,12,7/27/2017,HickoryBottoms,B,7/12/2017,142,Pool
72717HBPoolB1,OTU505,US,1,BOLD:ACA7881,Animalia,Arthropoda,Insecta,Diptera,NA,NA,NA,26,7/27/2017,HickoryBottoms,B,7/12/2017,142,Pool
72717HBPoolB1,OTU509,GS,100,BOLD:AAB8437,Animalia,Arthropoda,Insecta,Diptera,Tachinidae,Actia,Actia interrupta,28,7/27/2017,HickoryBottoms,B,7/12/2017,142,Pool
72717HBPoolB1,OTU513,SS,0.71,BOLD:ABY8891,Animalia,Arthropoda,Insecta,Diptera,NA,NA,NA,1080,7/27/2017,HickoryBottoms,B,7/12/2017,142,Pool
72717HBPoolB1,OTU549,GS,100,BOLD:AAM8604,Animalia,Arthropoda,Insecta,Lepidoptera,NA,NA,NA,11,7/27/2017,HickoryBottoms,B,7/12/2017,142,Pool
72717HBPoolB1,OTU552,GS,100,BOLD:ADF3721,Animalia,Arthropoda,Insecta,Diptera,Cecidomyiidae,NA,NA,356,7/27/2017,HickoryBottoms,B,7/12/2017,142,Pool
72717HBPoolB1,OTU574,GS,100,BOLD:AAB7238,Animalia,Arthropoda,Insecta,Lepidoptera,Tortricidae,Ancylis,Ancylis platanana,6,7/27/2017,HickoryBottoms,B,7/12/2017,142,Pool
72717HBPoolB1,OTU605,GS,100,BOLD:ACE2873,Animalia,Arthropoda,Insecta,Lepidoptera,Erebidae,Hypena,Hypena madefactalis,1,7/27/2017,HickoryBottoms,B,7/12/2017,142,Pool
72717HBPoolB1,OTU609,GS,100,BOLD:AAG1032,Animalia,Arthropoda,Insecta,Lepidoptera,NA,NA,NA,8,7/27/2017,HickoryBottoms,B,7/12/2017,142,Pool
72717HBPoolB1,OTU610,GS,99.4,BOLD:AAG2712,Animalia,Arthropoda,Insecta,Orthoptera,Tettigoniidae,Scudderia,Scudderia furcata,12,7/27/2017,HickoryBottoms,B,7/12/2017,142,Pool
72717HBPoolB1,OTU626,US,0.9934,BOLD:ACT3549,Animalia,Arthropoda,Insecta,Hemiptera,NA,NA,NA,14,7/27/2017,HickoryBottoms,B,7/12/2017,142,Pool
72717HBPoolB1,OTU669,GS,100,BOLD:AAB0917,Animalia,Arthropoda,Insecta,Lepidoptera,Saturniidae,Actias,Actias luna,13,7/27/2017,HickoryBottoms,B,7/12/2017,142,Pool
72717HBPoolB1,OTU685,SS,0.6,BOLD:ACR2991,Animalia,Arthropoda,Insecta,NA,NA,NA,NA,49,7/27/2017,HickoryBottoms,B,7/12/2017,142,Pool
72717HBPoolB1,OTU690,GS,100,BOLD:AAN5162,Animalia,Arthropoda,Insecta,Diptera,Ceratopogonidae,Dasyhelea,NA,191,7/27/2017,HickoryBottoms,B,7/12/2017,142,Pool
72717HBPoolB1,OTU706,GS,98.3,BOLD:ACV0077,Animalia,Arthropoda,Insecta,Hymenoptera,Perilampidae,Perilampus,NA,11,7/27/2017,HickoryBottoms,B,7/12/2017,142,Pool
72717HBPoolB1,OTU715,SS,0.71,BOLD:ABZ0908,Animalia,Arthropoda,Insecta,Diptera,NA,NA,NA,92,7/27/2017,HickoryBottoms,B,7/12/2017,142,Pool
72717HBPoolB1,OTU723,GS,100,BOLD:AAG5453,Animalia,Arthropoda,Insecta,Diptera,Chironomidae,Chironomus,Chironomus bifurcatus,1,7/27/2017,HickoryBottoms,B,7/12/2017,142,Pool
72717HBPoolB1,OTU731,US,0.9803,BOLD:ACL2176,Animalia,Arthropoda,Arachnida,Trombidiformes,NA,NA,NA,11,7/27/2017,HickoryBottoms,B,7/12/2017,142,Pool
72717HBPoolB1,OTU753,US,0,BOLD:ACA1260,Animalia,Arthropoda,Arachnida,Araneae,NA,NA,NA,4,7/27/2017,HickoryBottoms,B,7/12/2017,142,Pool
72717HBPoolB1,OTU769,GS,100,BOLD:AAE8646,Animalia,Arthropoda,Insecta,Hymenoptera,Formicidae,Solenopsis,Solenopsis molesta,1,7/27/2017,HickoryBottoms,B,7/12/2017,142,Pool
72717HBPoolB1,OTU777,US,0,BOLD:AAM1497,Animalia,Arthropoda,Insecta,Hymenoptera,NA,NA,NA,29,7/27/2017,HickoryBottoms,B,7/12/2017,142,Pool
72717HBPoolB1,OTU806,US,0.9916,BOLD:ACT8457,Animalia,Arthropoda,Insecta,Hymenoptera,NA,NA,NA,1,7/27/2017,HickoryBottoms,B,7/12/2017,142,Pool
72717HBPoolB1,OTU807,GS,99.4,BOLD:AAD2595,Animalia,Arthropoda,Insecta,Diptera,Culicidae,Anopheles,Anopheles walkeri,2,7/27/2017,HickoryBottoms,B,7/12/2017,142,Pool
72717HBPoolB1,OTU824,GS,100,BOLD:AAI1938,Animalia,Arthropoda,Arachnida,Araneae,Lycosidae,Tigrosa,Tigrosa grandis,10,7/27/2017,HickoryBottoms,B,7/12/2017,142,Pool
72717HBPoolB1,OTU826,US,0.9916,BOLD:ACB1715,Animalia,Arthropoda,Insecta,Diptera,NA,NA,NA,5,7/27/2017,HickoryBottoms,B,7/12/2017,142,Pool
72717HBPoolB1,OTU833,GS,100,BOLD:AAB2362,Animalia,Arthropoda,Insecta,Lepidoptera,Sphingidae,Amorpha,Amorpha juglandis,8,7/27/2017,HickoryBottoms,B,7/12/2017,142,Pool
72717HBPoolB1,OTU857,GS,100,BOLD:AAC9885,Animalia,Arthropoda,Insecta,Lepidoptera,Tortricidae,Acleris,Acleris negundana,8,7/27/2017,HickoryBottoms,B,7/12/2017,142,Pool
72717HBPoolB1,OTU885,GS,99.4,BOLD:ACF9355,Animalia,Arthropoda,Arachnida,Trombidiformes,Erythraeidae,NA,NA,36,7/27/2017,HickoryBottoms,B,7/12/2017,142,Pool
72717HBPoolB1,OTU888,GS,100,BOLD:AAG5541,Animalia,Arthropoda,Insecta,Diptera,Chironomidae,Polypedilum,NA,5,7/27/2017,HickoryBottoms,B,7/12/2017,142,Pool
72717HBPoolB1,OTU892,GS,99.4,BOLD:AAN5393,Animalia,Arthropoda,Insecta,Diptera,Chironomidae,NA,NA,105,7/27/2017,HickoryBottoms,B,7/12/2017,142,Pool
72717HBPoolB1,OTU895,GS,100,BOLD:AAA4222,Animalia,Arthropoda,Insecta,Lepidoptera,Erebidae,Hypena,Hypena scabra,76,7/27/2017,HickoryBottoms,B,7/12/2017,142,Pool
72717HBPoolB1,OTU913,US,0,BOLD:ABV3248,Animalia,Arthropoda,Insecta,Diptera,NA,NA,NA,51,7/27/2017,HickoryBottoms,B,7/12/2017,142,Pool
72717HBPoolB1,OTU929,GS,100,BOLD:AAA5051,Animalia,Arthropoda,Insecta,Lepidoptera,Crambidae,Desmia,Desmia funeralis,16,7/27/2017,HickoryBottoms,B,7/12/2017,142,Pool
72717HBPoolB1,OTU933,GS,100,BOLD:AAD7817,Animalia,Arthropoda,Arachnida,Araneae,Salticidae,Zygoballus,Zygoballus rufipes,2,7/27/2017,HickoryBottoms,B,7/12/2017,142,Pool
72717HBPoolB1,OTU955,US,0.0093,BOLD:ACC7925,Animalia,Arthropoda,Insecta,Lepidoptera,NA,NA,NA,28,7/27/2017,HickoryBottoms,B,7/12/2017,142,Pool
72717HBPoolB1,OTU965,GS,99.4,BOLD:ABW2933,Animalia,Arthropoda,Insecta,Hemiptera,Phylloxeridae,NA,NA,54,7/27/2017,HickoryBottoms,B,7/12/2017,142,Pool
72717HBPoolB1,OTU975,US,0,BOLD:ACO7589,Animalia,Arthropoda,Insecta,Diptera,NA,NA,NA,80,7/27/2017,HickoryBottoms,B,7/12/2017,142,Pool
72717HBPoolB1,OTU977,GS,100,BOLD:AAZ1829,Animalia,Arthropoda,Insecta,Hemiptera,Cicadellidae,Draeculacephala,Draeculacephala mollipes,15,7/27/2017,HickoryBottoms,B,7/12/2017,142,Pool
72717HBPoolB1,OTU1013,US,0.2833,None,Animalia,Arthropoda,Arachnida,Araneae,NA,NA,NA,25,7/27/2017,HickoryBottoms,B,7/12/2017,142,Pool
72717HBPoolB1,OTU1036,GS,100,BOLD:ACI3242,Animalia,Arthropoda,Insecta,Hymenoptera,Braconidae,Macrocentrus,NA,8,7/27/2017,HickoryBottoms,B,7/12/2017,142,Pool
72717HBPoolB1,OTU1048,US,0,BOLD:AAY5963,Animalia,Arthropoda,Collembola,Symphypleona,NA,NA,NA,6,7/27/2017,HickoryBottoms,B,7/12/2017,142,Pool
72717HBPoolB1,OTU1072,SS,0.54,BOLD:ABV9238,Animalia,Arthropoda,Insecta,Diptera,NA,NA,NA,56,7/27/2017,HickoryBottoms,B,7/12/2017,142,Pool
72717HBPoolB1,OTU1092,US,0.9967,BOLD:ACO6848,Animalia,Arthropoda,Insecta,Hymenoptera,NA,NA,NA,11,7/27/2017,HickoryBottoms,B,7/12/2017,142,Pool
72717HBPoolB1,OTU1095,GS,100,BOLD:ABX3739,Animalia,Arthropoda,Insecta,Hemiptera,Cicadellidae,Ponana,NA,2,7/27/2017,HickoryBottoms,B,7/12/2017,142,Pool
72717HBPoolB1,OTU1115,GS,100,BOLD:AAA8660,Animalia,Arthropoda,Insecta,Lepidoptera,Geometridae,Xanthorhoe,Xanthorhoe lacustrata,68,7/27/2017,HickoryBottoms,B,7/12/2017,142,Pool
72717HBPoolB1,OTU1116,SS,0.5,BOLD:ABZ0908,Animalia,Arthropoda,Insecta,Diptera,NA,NA,NA,11,7/27/2017,HickoryBottoms,B,7/12/2017,142,Pool
72717HBPoolB1,OTU1117,US,0.9973,BOLD:ADF3721,Animalia,Arthropoda,Insecta,Diptera,NA,NA,NA,107,7/27/2017,HickoryBottoms,B,7/12/2017,142,Pool
72717HBPoolB1,OTU1120,SS,0.33,BOLD:ACN0279,Animalia,Arthropoda,Insecta,Diptera,NA,NA,NA,881,7/27/2017,HickoryBottoms,B,7/12/2017,142,Pool
72717HBPoolB1,OTU1131,SS,0.01,BOLD:ACV0077,Animalia,Arthropoda,Insecta,Hymenoptera,Perilampidae,Perilampus,NA,1,7/27/2017,HickoryBottoms,B,7/12/2017,142,Pool
72717HBPoolB1,OTU1163,GS,99.4,BOLD:AAX1174,Animalia,Arthropoda,Insecta,Lepidoptera,Tineidae,Homosetia,NA,4,7/27/2017,HickoryBottoms,B,7/12/2017,142,Pool
72717HBPoolB1,OTU1170,US,0,BOLD:ACT8457,Animalia,Arthropoda,Insecta,Hymenoptera,NA,NA,NA,6,7/27/2017,HickoryBottoms,B,7/12/2017,142,Pool
72717HBPoolB1,OTU1178,GS,100,BOLD:AAG0161,Animalia,Arthropoda,Insecta,Diptera,Milichiidae,Leptometopa,Leptometopa latipes,25,7/27/2017,HickoryBottoms,B,7/12/2017,142,Pool
72717HBPoolB1,OTU1203,US,0.9963,BOLD:ABW8929,Animalia,Arthropoda,Maxillopoda,Cyclopoida,NA,NA,NA,23,7/27/2017,HickoryBottoms,B,7/12/2017,142,Pool
72717HBPoolB1,OTU1210,GS,97.2,BOLD:AAF4632,Animalia,Arthropoda,Insecta,Diptera,Limoniidae,Epiphragma,Epiphragma solatrix,149,7/27/2017,HickoryBottoms,B,7/12/2017,142,Pool
72717HBPoolB1,OTU1223,GS,97.8,BOLD:ABV9238,Animalia,Arthropoda,Insecta,Diptera,Limoniidae,Gonomyia,NA,11,7/27/2017,HickoryBottoms,B,7/12/2017,142,Pool
72717HBPoolB1,OTU1265,SS,0.83,BOLD:AAF4632,Animalia,Arthropoda,Insecta,Diptera,Limoniidae,Epiphragma,Epiphragma solatrix,24,7/27/2017,HickoryBottoms,B,7/12/2017,142,Pool
72717HBPoolB1,OTU1275,US,1,BOLD:AAI6398,Animalia,Arthropoda,Insecta,Hymenoptera,NA,NA,NA,35,7/27/2017,HickoryBottoms,B,7/12/2017,142,Pool
72717HBPoolB1,OTU1291,GS,98.9,BOLD:AAB8467,Animalia,Arthropoda,Insecta,Lepidoptera,Erebidae,Phalaenostola,Phalaenostola eumelusalis,1,7/27/2017,HickoryBottoms,B,7/12/2017,142,Pool
72717HBPoolB1,OTU1292,GS,97.8,BOLD:AAN5882,Animalia,Arthropoda,Insecta,Diptera,Limoniidae,Erioptera,Erioptera caliptera,9,7/27/2017,HickoryBottoms,B,7/12/2017,142,Pool
72717HBPoolB1,OTU1297,SS,0.63,BOLD:ACV5229,Animalia,Arthropoda,Insecta,Diptera,NA,NA,NA,91,7/27/2017,HickoryBottoms,B,7/12/2017,142,Pool
72717HBPoolB1,OTU1318,SS,0.75,BOLD:ABV9403,Animalia,Arthropoda,Insecta,NA,NA,NA,NA,1,7/27/2017,HickoryBottoms,B,7/12/2017,142,Pool
72717HBPoolB1,OTU1323,US,0.9934,BOLD:ABW8929,Animalia,Arthropoda,Maxillopoda,Cyclopoida,NA,NA,NA,1,7/27/2017,HickoryBottoms,B,7/12/2017,142,Pool
72717HBPoolB1,OTU1337,GS,98.9,BOLD:ACQ1836,Animalia,Arthropoda,Insecta,Hymenoptera,Braconidae,Cotesia,NA,29,7/27/2017,HickoryBottoms,B,7/12/2017,142,Pool
72717HBPoolB1,OTU1341,US,0,None,Animalia,Arthropoda,Arachnida,Trombidiformes,NA,NA,NA,5,7/27/2017,HickoryBottoms,B,7/12/2017,142,Pool
72717HBPoolB1,OTU1365,GS,100,BOLD:AAA7653,Animalia,Arthropoda,Insecta,Lepidoptera,Notodontidae,Datana,Datana integerrima,12,7/27/2017,HickoryBottoms,B,7/12/2017,142,Pool
72717HBPoolB1,OTU1403,SS,0.36,BOLD:ACV0130,Animalia,Arthropoda,Insecta,Diptera,NA,NA,NA,18,7/27/2017,HickoryBottoms,B,7/12/2017,142,Pool
72717HBPoolB1,OTU1429,US,0.9934,BOLD:ABW8929,Animalia,Arthropoda,Maxillopoda,Cyclopoida,NA,NA,NA,11,7/27/2017,HickoryBottoms,B,7/12/2017,142,Pool
72717HBPoolB1,OTU1480,US,0.9249,BOLD:AAN5882,Animalia,Arthropoda,Insecta,Diptera,NA,NA,NA,2,7/27/2017,HickoryBottoms,B,7/12/2017,142,Pool
72717HBPoolB1,OTU1494,US,0.8732,BOLD:AAF4632,Animalia,Arthropoda,Insecta,Diptera,NA,NA,NA,42,7/27/2017,HickoryBottoms,B,7/12/2017,142,Pool
72717HBPoolB1,OTU1497,SS,0.97,BOLD:AAI1618,Animalia,Arthropoda,Insecta,Diptera,Culicidae,Coquillettidia,Coquillettidia perturbans,2,7/27/2017,HickoryBottoms,B,7/12/2017,142,Pool
72717HBPoolB1,OTU1503,GS,99.4,BOLD:ABW1320,Animalia,Arthropoda,Insecta,Diptera,Cecidomyiidae,NA,NA,19,7/27/2017,HickoryBottoms,B,7/12/2017,142,Pool
72717HBPoolB1,OTU1504,SS,0.08,BOLD:ACB5181,Animalia,Arthropoda,Insecta,Diptera,NA,NA,NA,53,7/27/2017,HickoryBottoms,B,7/12/2017,142,Pool
72717HBPoolB1,OTU1513,GS,97.8,BOLD:ACL2801,Animalia,Arthropoda,Insecta,Diptera,Tipulidae,Nephrotoma,Nephrotoma macrocera,5,7/27/2017,HickoryBottoms,B,7/12/2017,142,Pool
72717HBPoolB1,OTU1554,SS,0.92,BOLD:AAP2734,Animalia,Arthropoda,Insecta,Diptera,Limoniidae,Erioptera,Erioptera parva,334,7/27/2017,HickoryBottoms,B,7/12/2017,142,Pool
72717HBPoolB1,OTU1574,GS,100,BOLD:AAV8368,Animalia,Arthropoda,Insecta,Lepidoptera,Nepticulidae,Stigmella,Stigmella saginella,4,7/27/2017,HickoryBottoms,B,7/12/2017,142,Pool
72717HBPoolB1,OTU1608,US,0.1136,BOLD:ABV5820,Animalia,Arthropoda,Malacostraca,Decapoda,NA,NA,NA,4,7/27/2017,HickoryBottoms,B,7/12/2017,142,Pool
72717HBPoolB1,OTU1612,GS,100,BOLD:ACL8601,Animalia,Arthropoda,Insecta,Hymenoptera,Ichneumonidae,NA,NA,19,7/27/2017,HickoryBottoms,B,7/12/2017,142,Pool
72717HBPoolB1,OTU1617,US,0,BOLD:ABW6246,Animalia,Arthropoda,Insecta,Coleoptera,NA,NA,NA,9,7/27/2017,HickoryBottoms,B,7/12/2017,142,Pool
72717HBPoolB1,OTU1642,GS,99.4,BOLD:AAB5246,Animalia,Arthropoda,Insecta,Lepidoptera,Erebidae,Ledaea,Ledaea perditalis,3,7/27/2017,HickoryBottoms,B,7/12/2017,142,Pool
72717HBPoolB1,OTU1670,GS,100,BOLD:ACD1843,Animalia,Arthropoda,Arachnida,Mesostigmata,Ascidae,NA,NA,7,7/27/2017,HickoryBottoms,B,7/12/2017,142,Pool
72717HBPoolB1,OTU1683,SS,0.84,BOLD:AAF4632,Animalia,Arthropoda,Insecta,Diptera,Limoniidae,Epiphragma,Epiphragma solatrix,10,7/27/2017,HickoryBottoms,B,7/12/2017,142,Pool
72717HBPoolB1,OTU1685,US,0,BOLD:ACW7826,Animalia,Arthropoda,Insecta,Diptera,NA,NA,NA,14,7/27/2017,HickoryBottoms,B,7/12/2017,142,Pool
72717HBPoolB1,OTU1714,SS,0.8,BOLD:ABX6186,Animalia,Arthropoda,Insecta,Diptera,Tipulidae,Nephrotoma,Nephrotoma ferruginea,2,7/27/2017,HickoryBottoms,B,7/12/2017,142,Pool
72717HBPoolB1,OTU1724,US,0.8732,BOLD:ABW0552,Animalia,Arthropoda,Insecta,Lepidoptera,NA,NA,NA,172,7/27/2017,HickoryBottoms,B,7/12/2017,142,Pool
72717HBPoolB1,OTU1743,US,0.986,BOLD:AAH4935,Animalia,Arthropoda,Insecta,Lepidoptera,NA,NA,NA,4,7/27/2017,HickoryBottoms,B,7/12/2017,142,Pool
72717HBPoolB1,OTU1751,US,0,BOLD:AAD7964,Animalia,Arthropoda,Insecta,Hymenoptera,NA,NA,NA,1,7/27/2017,HickoryBottoms,B,7/12/2017,142,Pool
72717HBPoolB1,OTU1764,US,0.9934,BOLD:ACQ7934,Animalia,Arthropoda,Insecta,Hymenoptera,NA,NA,NA,2,7/27/2017,HickoryBottoms,B,7/12/2017,142,Pool
72717HBPoolB1,OTU1766,GS,99.4,BOLD:AAM7661,Animalia,Arthropoda,Insecta,Coleoptera,Chrysomelidae,Bassareus,Bassareus mammifer,1,7/27/2017,HickoryBottoms,B,7/12/2017,142,Pool
72717HBPoolB1,OTU1769,US,0.986,BOLD:AAU6705,Animalia,Arthropoda,Insecta,Lepidoptera,NA,NA,NA,10,7/27/2017,HickoryBottoms,B,7/12/2017,142,Pool
72717HBPoolB1,OTU1774,SS,0.08,BOLD:ABU9995,Animalia,Arthropoda,Insecta,Diptera,NA,NA,NA,2,7/27/2017,HickoryBottoms,B,7/12/2017,142,Pool
72717HBPoolB1,OTU1795,US,0.9963,BOLD:AAG3179,Animalia,Arthropoda,Insecta,Diptera,NA,NA,NA,2,7/27/2017,HickoryBottoms,B,7/12/2017,142,Pool
72717HBPoolB1,OTU1800,US,0.3913,None,Animalia,Arthropoda,Insecta,Diptera,NA,NA,NA,1,7/27/2017,HickoryBottoms,B,7/12/2017,142,Pool
72717HBPoolB1,OTU1818,GS,97.9,BOLD:AAF4632,Animalia,Arthropoda,Insecta,Diptera,Limoniidae,Epiphragma,Epiphragma solatrix,1,7/27/2017,HickoryBottoms,B,7/12/2017,142,Pool
72717HBPoolB1,OTU1834,SS,0.74,BOLD:AAF4632,Animalia,Arthropoda,Insecta,Diptera,NA,NA,NA,29,7/27/2017,HickoryBottoms,B,7/12/2017,142,Pool
72717HBPoolB1,OTU1854,GS,97.2,BOLD:ABV1330,Animalia,Arthropoda,Insecta,Diptera,Cecidomyiidae,NA,NA,1291,7/27/2017,HickoryBottoms,B,7/12/2017,142,Pool
72717HBPoolB1,OTU1868,US,0.0017,BOLD:ABX0950,Animalia,Arthropoda,Insecta,Coleoptera,NA,NA,NA,9,7/27/2017,HickoryBottoms,B,7/12/2017,142,Pool
72717HBPoolB2,OTU1,US,0.0026,BOLD:AAD6798,Animalia,Arthropoda,Insecta,Diptera,NA,NA,NA,972,7/27/2017,HickoryBottoms,B,7/12/2017,142,Pool
72717HBPoolB2,OTU3,GS,100,BOLD:AAP2734,Animalia,Arthropoda,Insecta,Diptera,Limoniidae,Erioptera,Erioptera parva,5140,7/27/2017,HickoryBottoms,B,7/12/2017,142,Pool
72717HBPoolB2,OTU7,GS,100,BOLD:AAF4632,Animalia,Arthropoda,Insecta,Diptera,Limoniidae,Epiphragma,Epiphragma solatrix,1450,7/27/2017,HickoryBottoms,B,7/12/2017,142,Pool
72717HBPoolB2,OTU12,GS,100,BOLD:AAE5173,Animalia,Arthropoda,Insecta,Diptera,Psychodidae,PschodididGC,NA,449,7/27/2017,HickoryBottoms,B,7/12/2017,142,Pool
72717HBPoolB2,OTU15,GS,100,BOLD:ABZ0908,Animalia,Arthropoda,Insecta,Diptera,Tipulidae,Nephrotoma,Nephrotoma ferruginea,758,7/27/2017,HickoryBottoms,B,7/12/2017,142,Pool
72717HBPoolB2,OTU24,GS,98.9,BOLD:ABW3499,Animalia,Arthropoda,Insecta,Diptera,NA,NA,NA,1981,7/27/2017,HickoryBottoms,B,7/12/2017,142,Pool
72717HBPoolB2,OTU51,GS,100,BOLD:AAG1040,Animalia,Arthropoda,Insecta,Lepidoptera,Cosmopterigidae,Perimede,Perimede circitor,276,7/27/2017,HickoryBottoms,B,7/12/2017,142,Pool
72717HBPoolB2,OTU65,GS,100,BOLD:AAA1517,Animalia,Arthropoda,Insecta,Lepidoptera,Tortricidae,Choristoneura,Choristoneura rosaceana,102,7/27/2017,HickoryBottoms,B,7/12/2017,142,Pool
72717HBPoolB2,OTU81,US,0,BOLD:ABV3248,Animalia,Arthropoda,Insecta,Diptera,NA,NA,NA,478,7/27/2017,HickoryBottoms,B,7/12/2017,142,Pool
72717HBPoolB2,OTU89,GS,98.3,BOLD:ABW2415,Animalia,Arthropoda,Insecta,Diptera,Tipulidae,Nephrotoma,Nephrotoma okefenoke,435,7/27/2017,HickoryBottoms,B,7/12/2017,142,Pool
72717HBPoolB2,OTU100,US,0,BOLD:ACD6759,Animalia,Arthropoda,Insecta,Hymenoptera,NA,NA,NA,155,7/27/2017,HickoryBottoms,B,7/12/2017,142,Pool
72717HBPoolB2,OTU141,GS,100,BOLD:ABX6186,Animalia,Arthropoda,Insecta,Diptera,Tipulidae,Nephrotoma,Nephrotoma ferruginea,123,7/27/2017,HickoryBottoms,B,7/12/2017,142,Pool
72717HBPoolB2,OTU146,GS,99.4,BOLD:ABV9238,Animalia,Arthropoda,Insecta,Diptera,Limoniidae,Gonomyia,NA,54,7/27/2017,HickoryBottoms,B,7/12/2017,142,Pool
72717HBPoolB2,OTU148,GS,100,BOLD:AAK7352,Animalia,Arthropoda,Arachnida,Araneae,Araneidae,Metepeira,Metepeira labyrinthea,12,7/27/2017,HickoryBottoms,B,7/12/2017,142,Pool
72717HBPoolB2,OTU168,GS,100,BOLD:AAC3609,Animalia,Arthropoda,Insecta,Lepidoptera,Euteliidae,Paectes,Paectes abrostoloides,1719,7/27/2017,HickoryBottoms,B,7/12/2017,142,Pool
72717HBPoolB2,OTU173,GS,99.4,BOLD:ABA7621,Animalia,Arthropoda,Insecta,Diptera,Tipulidae,Dolichopeza,Dolichopeza walleyi,80,7/27/2017,HickoryBottoms,B,7/12/2017,142,Pool
72717HBPoolB2,OTU192,SS,0.12,BOLD:ACF9102,Animalia,Arthropoda,Insecta,Diptera,NA,NA,NA,220,7/27/2017,HickoryBottoms,B,7/12/2017,142,Pool
72717HBPoolB2,OTU200,GS,100,BOLD:AAN8771,Animalia,Arthropoda,Insecta,Diptera,Psychodidae,NA,NA,56,7/27/2017,HickoryBottoms,B,7/12/2017,142,Pool
72717HBPoolB2,OTU203,GS,100,BOLD:AAB0603,Animalia,Arthropoda,Insecta,Lepidoptera,Gelechiidae,Pseudotelphusa,Pseudotelphusa quercinigracella,46,7/27/2017,HickoryBottoms,B,7/12/2017,142,Pool
72717HBPoolB2,OTU211,GS,99.4,BOLD:ACA5630,Animalia,Arthropoda,Insecta,Coleoptera,Ptinidae,NA,NA,10,7/27/2017,HickoryBottoms,B,7/12/2017,142,Pool
72717HBPoolB2,OTU214,GS,99.4,BOLD:AAW6795,Animalia,Arthropoda,Insecta,Diptera,NA,NA,NA,30,7/27/2017,HickoryBottoms,B,7/12/2017,142,Pool
72717HBPoolB2,OTU244,GS,100,BOLD:AAB1096,Animalia,Arthropoda,Insecta,Lepidoptera,Blastobasidae,Blastobasis,Blastobasis glandulella,14,7/27/2017,HickoryBottoms,B,7/12/2017,142,Pool
72717HBPoolB2,OTU257,GS,100,BOLD:AAA5803,Animalia,Arthropoda,Insecta,Hemiptera,Miridae,Lygus,Lygus lineolaris,94,7/27/2017,HickoryBottoms,B,7/12/2017,142,Pool
72717HBPoolB2,OTU261,GS,99.4,BOLD:ACE7664,Animalia,Arthropoda,Insecta,Lepidoptera,Erebidae,Spilosoma,Spilosoma virginica,688,7/27/2017,HickoryBottoms,B,7/12/2017,142,Pool
72717HBPoolB2,OTU301,GS,100,BOLD:ABV1330,Animalia,Arthropoda,Insecta,Diptera,Cecidomyiidae,NA,NA,995,7/27/2017,HickoryBottoms,B,7/12/2017,142,Pool
72717HBPoolB2,OTU310,GS,100,BOLD:ABX7479,Animalia,Arthropoda,Insecta,Diptera,Chironomidae,Parachironomus,NA,3,7/27/2017,HickoryBottoms,B,7/12/2017,142,Pool
72717HBPoolB2,OTU320,US,0,BOLD:ACQ9987,Animalia,Arthropoda,Insecta,Hemiptera,NA,NA,NA,3,7/27/2017,HickoryBottoms,B,7/12/2017,142,Pool
72717HBPoolB2,OTU362,GS,100,BOLD:ABZ2935,Animalia,Arthropoda,Insecta,Lepidoptera,Erebidae,Zanclognatha,Zanclognatha pedipilalis,21,7/27/2017,HickoryBottoms,B,7/12/2017,142,Pool
72717HBPoolB2,OTU384,GS,99.4,BOLD:AAF9312,Animalia,Arthropoda,Insecta,Diptera,Psychodidae,NA,NA,9,7/27/2017,HickoryBottoms,B,7/12/2017,142,Pool
72717HBPoolB2,OTU396,SS,0.98,BOLD:AAP2734,Animalia,Arthropoda,Insecta,Diptera,Limoniidae,Erioptera,Erioptera parva,215,7/27/2017,HickoryBottoms,B,7/12/2017,142,Pool
72717HBPoolB2,OTU400,SS,0.32,BOLD:ACR6355,Animalia,Arthropoda,Insecta,Diptera,NA,NA,NA,1254,7/27/2017,HickoryBottoms,B,7/12/2017,142,Pool
72717HBPoolB2,OTU407,GS,99.4,BOLD:AAK8831,Animalia,Arthropoda,Insecta,Diptera,Limoniidae,Metalimnobia,Metalimnobia cinctipes,353,7/27/2017,HickoryBottoms,B,7/12/2017,142,Pool
72717HBPoolB2,OTU424,GS,100,BOLD:ABZ3656,Animalia,Arthropoda,Insecta,Lepidoptera,Depressariidae,Psilocorsis,Psilocorsis reflexella,79,7/27/2017,HickoryBottoms,B,7/12/2017,142,Pool
72717HBPoolB2,OTU436,GS,100,BOLD:AAC7431,Animalia,Arthropoda,Insecta,Lepidoptera,Nymphalidae,Asterocampa,Asterocampa clyton,289,7/27/2017,HickoryBottoms,B,7/12/2017,142,Pool
72717HBPoolB2,OTU452,GS,99.4,BOLD:ACM1046,Animalia,Arthropoda,Insecta,Diptera,Chironomidae,NA,NA,64,7/27/2017,HickoryBottoms,B,7/12/2017,142,Pool
72717HBPoolB2,OTU469,GS,100,BOLD:AAR7014,Animalia,Arthropoda,Insecta,Lepidoptera,Gracillariidae,Neurobathra,Neurobathra strigifinitella,12,7/27/2017,HickoryBottoms,B,7/12/2017,142,Pool
72717HBPoolB2,OTU484,US,0.2259,BOLD:ACT8191,Animalia,Arthropoda,Arachnida,Araneae,NA,NA,NA,5,7/27/2017,HickoryBottoms,B,7/12/2017,142,Pool
72717HBPoolB2,OTU487,GS,100,BOLD:AAJ9298,Animalia,Arthropoda,Insecta,Lepidoptera,Geometridae,Melanolophia,Melanolophia signataria,4,7/27/2017,HickoryBottoms,B,7/12/2017,142,Pool
72717HBPoolB2,OTU505,US,1,BOLD:ACA7881,Animalia,Arthropoda,Insecta,Diptera,NA,NA,NA,3,7/27/2017,HickoryBottoms,B,7/12/2017,142,Pool
72717HBPoolB2,OTU509,GS,100,BOLD:AAB8437,Animalia,Arthropoda,Insecta,Diptera,Tachinidae,Actia,Actia interrupta,13,7/27/2017,HickoryBottoms,B,7/12/2017,142,Pool
72717HBPoolB2,OTU513,SS,0.71,BOLD:ABY8891,Animalia,Arthropoda,Insecta,Diptera,NA,NA,NA,765,7/27/2017,HickoryBottoms,B,7/12/2017,142,Pool
72717HBPoolB2,OTU552,GS,100,BOLD:ADF3721,Animalia,Arthropoda,Insecta,Diptera,Cecidomyiidae,NA,NA,137,7/27/2017,HickoryBottoms,B,7/12/2017,142,Pool
72717HBPoolB2,OTU571,GS,100,BOLD:AAD1986,Animalia,Arthropoda,Arachnida,Araneae,Thomisidae,Xysticus,Xysticus ferox,13,7/27/2017,HickoryBottoms,B,7/12/2017,142,Pool
72717HBPoolB2,OTU573,GS,98.9,BOLD:AAB8921,Animalia,Arthropoda,Insecta,Lepidoptera,Zygaenidae,Harrisina,Harrisina americana,3,7/27/2017,HickoryBottoms,B,7/12/2017,142,Pool
72717HBPoolB2,OTU609,GS,100,BOLD:AAG1032,Animalia,Arthropoda,Insecta,Lepidoptera,NA,NA,NA,2,7/27/2017,HickoryBottoms,B,7/12/2017,142,Pool
72717HBPoolB2,OTU610,GS,99.4,BOLD:AAG2712,Animalia,Arthropoda,Insecta,Orthoptera,Tettigoniidae,Scudderia,Scudderia furcata,2,7/27/2017,HickoryBottoms,B,7/12/2017,142,Pool
72717HBPoolB2,OTU667,GS,97.7,BOLD:ACW2548,Animalia,Arthropoda,Insecta,Diptera,NA,NA,NA,1,7/27/2017,HickoryBottoms,B,7/12/2017,142,Pool
72717HBPoolB2,OTU669,GS,100,BOLD:AAB0917,Animalia,Arthropoda,Insecta,Lepidoptera,Saturniidae,Actias,Actias luna,20,7/27/2017,HickoryBottoms,B,7/12/2017,142,Pool
72717HBPoolB2,OTU685,SS,0.6,BOLD:ACR2991,Animalia,Arthropoda,Insecta,NA,NA,NA,NA,28,7/27/2017,HickoryBottoms,B,7/12/2017,142,Pool
72717HBPoolB2,OTU690,GS,100,BOLD:AAN5162,Animalia,Arthropoda,Insecta,Diptera,Ceratopogonidae,Dasyhelea,NA,62,7/27/2017,HickoryBottoms,B,7/12/2017,142,Pool
72717HBPoolB2,OTU706,GS,98.3,BOLD:ACV0077,Animalia,Arthropoda,Insecta,Hymenoptera,Perilampidae,Perilampus,NA,9,7/27/2017,HickoryBottoms,B,7/12/2017,142,Pool
72717HBPoolB2,OTU715,SS,0.71,BOLD:ABZ0908,Animalia,Arthropoda,Insecta,Diptera,NA,NA,NA,57,7/27/2017,HickoryBottoms,B,7/12/2017,142,Pool
72717HBPoolB2,OTU731,US,0.9803,BOLD:ACL2176,Animalia,Arthropoda,Arachnida,Trombidiformes,NA,NA,NA,31,7/27/2017,HickoryBottoms,B,7/12/2017,142,Pool
72717HBPoolB2,OTU741,GS,100,BOLD:AAA4123,Animalia,Arthropoda,Arachnida,Araneae,Araneidae,Neoscona,Neoscona arabesca,1,7/27/2017,HickoryBottoms,B,7/12/2017,142,Pool
72717HBPoolB2,OTU753,US,0,BOLD:ACA1260,Animalia,Arthropoda,Arachnida,Araneae,NA,NA,NA,2,7/27/2017,HickoryBottoms,B,7/12/2017,142,Pool
72717HBPoolB2,OTU777,US,0,BOLD:AAM1497,Animalia,Arthropoda,Insecta,Hymenoptera,NA,NA,NA,28,7/27/2017,HickoryBottoms,B,7/12/2017,142,Pool
72717HBPoolB2,OTU806,US,0.9916,BOLD:ACT8457,Animalia,Arthropoda,Insecta,Hymenoptera,NA,NA,NA,7,7/27/2017,HickoryBottoms,B,7/12/2017,142,Pool
72717HBPoolB2,OTU826,US,0.9916,BOLD:ACB1715,Animalia,Arthropoda,Insecta,Diptera,NA,NA,NA,1,7/27/2017,HickoryBottoms,B,7/12/2017,142,Pool
72717HBPoolB2,OTU833,GS,100,BOLD:AAB2362,Animalia,Arthropoda,Insecta,Lepidoptera,Sphingidae,Amorpha,Amorpha juglandis,15,7/27/2017,HickoryBottoms,B,7/12/2017,142,Pool
72717HBPoolB2,OTU857,GS,100,BOLD:AAC9885,Animalia,Arthropoda,Insecta,Lepidoptera,Tortricidae,Acleris,Acleris negundana,19,7/27/2017,HickoryBottoms,B,7/12/2017,142,Pool
72717HBPoolB2,OTU885,GS,99.4,BOLD:ACF9355,Animalia,Arthropoda,Arachnida,Trombidiformes,Erythraeidae,NA,NA,14,7/27/2017,HickoryBottoms,B,7/12/2017,142,Pool
72717HBPoolB2,OTU892,GS,99.4,BOLD:AAN5393,Animalia,Arthropoda,Insecta,Diptera,Chironomidae,NA,NA,67,7/27/2017,HickoryBottoms,B,7/12/2017,142,Pool
72717HBPoolB2,OTU895,GS,100,BOLD:AAA4222,Animalia,Arthropoda,Insecta,Lepidoptera,Erebidae,Hypena,Hypena scabra,24,7/27/2017,HickoryBottoms,B,7/12/2017,142,Pool
72717HBPoolB2,OTU913,US,0,BOLD:ABV3248,Animalia,Arthropoda,Insecta,Diptera,NA,NA,NA,11,7/27/2017,HickoryBottoms,B,7/12/2017,142,Pool
72717HBPoolB2,OTU929,GS,100,BOLD:AAA5051,Animalia,Arthropoda,Insecta,Lepidoptera,Crambidae,Desmia,Desmia funeralis,1,7/27/2017,HickoryBottoms,B,7/12/2017,142,Pool
72717HBPoolB2,OTU933,GS,100,BOLD:AAD7817,Animalia,Arthropoda,Arachnida,Araneae,Salticidae,Zygoballus,Zygoballus rufipes,10,7/27/2017,HickoryBottoms,B,7/12/2017,142,Pool
72717HBPoolB2,OTU955,US,0.0093,BOLD:ACC7925,Animalia,Arthropoda,Insecta,Lepidoptera,NA,NA,NA,55,7/27/2017,HickoryBottoms,B,7/12/2017,142,Pool
72717HBPoolB2,OTU965,GS,99.4,BOLD:ABW2933,Animalia,Arthropoda,Insecta,Hemiptera,Phylloxeridae,NA,NA,22,7/27/2017,HickoryBottoms,B,7/12/2017,142,Pool
72717HBPoolB2,OTU975,US,0,BOLD:ACO7589,Animalia,Arthropoda,Insecta,Diptera,NA,NA,NA,48,7/27/2017,HickoryBottoms,B,7/12/2017,142,Pool
72717HBPoolB2,OTU1004,US,0,BOLD:ACL3285,Animalia,Arthropoda,Insecta,Diptera,NA,NA,NA,16,7/27/2017,HickoryBottoms,B,7/12/2017,142,Pool
72717HBPoolB2,OTU1036,GS,100,BOLD:ACI3242,Animalia,Arthropoda,Insecta,Hymenoptera,Braconidae,Macrocentrus,NA,2,7/27/2017,HickoryBottoms,B,7/12/2017,142,Pool
72717HBPoolB2,OTU1048,US,0,BOLD:AAY5963,Animalia,Arthropoda,Collembola,Symphypleona,NA,NA,NA,10,7/27/2017,HickoryBottoms,B,7/12/2017,142,Pool
72717HBPoolB2,OTU1060,SS,0.67,BOLD:AAG1040,Animalia,Arthropoda,Insecta,Lepidoptera,NA,NA,NA,2,7/27/2017,HickoryBottoms,B,7/12/2017,142,Pool
72717HBPoolB2,OTU1072,SS,0.54,BOLD:ABV9238,Animalia,Arthropoda,Insecta,Diptera,NA,NA,NA,35,7/27/2017,HickoryBottoms,B,7/12/2017,142,Pool
72717HBPoolB2,OTU1115,GS,100,BOLD:AAA8660,Animalia,Arthropoda,Insecta,Lepidoptera,Geometridae,Xanthorhoe,Xanthorhoe lacustrata,18,7/27/2017,HickoryBottoms,B,7/12/2017,142,Pool
72717HBPoolB2,OTU1116,SS,0.5,BOLD:ABZ0908,Animalia,Arthropoda,Insecta,Diptera,NA,NA,NA,9,7/27/2017,HickoryBottoms,B,7/12/2017,142,Pool
72717HBPoolB2,OTU1117,US,0.9973,BOLD:ADF3721,Animalia,Arthropoda,Insecta,Diptera,NA,NA,NA,34,7/27/2017,HickoryBottoms,B,7/12/2017,142,Pool
72717HBPoolB2,OTU1120,SS,0.33,BOLD:ACN0279,Animalia,Arthropoda,Insecta,Diptera,NA,NA,NA,374,7/27/2017,HickoryBottoms,B,7/12/2017,142,Pool
72717HBPoolB2,OTU1131,SS,0.01,BOLD:ACV0077,Animalia,Arthropoda,Insecta,Hymenoptera,Perilampidae,Perilampus,NA,3,7/27/2017,HickoryBottoms,B,7/12/2017,142,Pool
72717HBPoolB2,OTU1178,GS,100,BOLD:AAG0161,Animalia,Arthropoda,Insecta,Diptera,Milichiidae,Leptometopa,Leptometopa latipes,2,7/27/2017,HickoryBottoms,B,7/12/2017,142,Pool
72717HBPoolB2,OTU1186,SS,0.67,BOLD:ACA4518,Animalia,Arthropoda,Insecta,Diptera,NA,NA,NA,17,7/27/2017,HickoryBottoms,B,7/12/2017,142,Pool
72717HBPoolB2,OTU1205,SS,0.73,BOLD:ACV5866,Animalia,Arthropoda,Arachnida,Trombidiformes,NA,NA,NA,31,7/27/2017,HickoryBottoms,B,7/12/2017,142,Pool
72717HBPoolB2,OTU1210,GS,97.2,BOLD:AAF4632,Animalia,Arthropoda,Insecta,Diptera,Limoniidae,Epiphragma,Epiphragma solatrix,110,7/27/2017,HickoryBottoms,B,7/12/2017,142,Pool
72717HBPoolB2,OTU1219,GS,100,BOLD:AAM6287,Animalia,Arthropoda,Insecta,Diptera,Chironomidae,Phaenopsectra,NA,12,7/27/2017,HickoryBottoms,B,7/12/2017,142,Pool
72717HBPoolB2,OTU1265,SS,0.83,BOLD:AAF4632,Animalia,Arthropoda,Insecta,Diptera,Limoniidae,Epiphragma,Epiphragma solatrix,24,7/27/2017,HickoryBottoms,B,7/12/2017,142,Pool
72717HBPoolB2,OTU1283,US,0.0788,BOLD:ADC1424,Animalia,Arthropoda,Arachnida,Araneae,NA,NA,NA,3,7/27/2017,HickoryBottoms,B,7/12/2017,142,Pool
72717HBPoolB2,OTU1292,GS,97.8,BOLD:AAN5882,Animalia,Arthropoda,Insecta,Diptera,Limoniidae,Erioptera,Erioptera caliptera,8,7/27/2017,HickoryBottoms,B,7/12/2017,142,Pool
72717HBPoolB2,OTU1297,SS,0.63,BOLD:ACV5229,Animalia,Arthropoda,Insecta,Diptera,NA,NA,NA,46,7/27/2017,HickoryBottoms,B,7/12/2017,142,Pool
72717HBPoolB2,OTU1301,US,0.0788,BOLD:ADC1424,Animalia,Arthropoda,Arachnida,Araneae,NA,NA,NA,6,7/27/2017,HickoryBottoms,B,7/12/2017,142,Pool
72717HBPoolB2,OTU1312,US,0.0093,BOLD:AAG0758,Animalia,Arthropoda,Insecta,Lepidoptera,NA,NA,NA,1,7/27/2017,HickoryBottoms,B,7/12/2017,142,Pool
72717HBPoolB2,OTU1318,SS,0.75,BOLD:ABV9403,Animalia,Arthropoda,Insecta,NA,NA,NA,NA,1,7/27/2017,HickoryBottoms,B,7/12/2017,142,Pool
72717HBPoolB2,OTU1337,GS,98.9,BOLD:ACQ1836,Animalia,Arthropoda,Insecta,Hymenoptera,Braconidae,Cotesia,NA,2,7/27/2017,HickoryBottoms,B,7/12/2017,142,Pool
72717HBPoolB2,OTU1341,US,0,None,Animalia,Arthropoda,Arachnida,Trombidiformes,NA,NA,NA,1,7/27/2017,HickoryBottoms,B,7/12/2017,142,Pool
72717HBPoolB2,OTU1365,GS,100,BOLD:AAA7653,Animalia,Arthropoda,Insecta,Lepidoptera,Notodontidae,Datana,Datana integerrima,14,7/27/2017,HickoryBottoms,B,7/12/2017,142,Pool
72717HBPoolB2,OTU1403,SS,0.36,BOLD:ACV0130,Animalia,Arthropoda,Insecta,Diptera,NA,NA,NA,7,7/27/2017,HickoryBottoms,B,7/12/2017,142,Pool
72717HBPoolB2,OTU1430,GS,99.4,BOLD:AAF9890,Animalia,Arthropoda,Insecta,Orthoptera,Gryllidae,Oecanthus,Oecanthus niveus,9,7/27/2017,HickoryBottoms,B,7/12/2017,142,Pool
72717HBPoolB2,OTU1437,GS,99.4,BOLD:AAV0490,Animalia,Arthropoda,Collembola,Entomobryomorpha,Tomoceridae,NA,NA,2,7/27/2017,HickoryBottoms,B,7/12/2017,142,Pool
72717HBPoolB2,OTU1480,US,0.9249,BOLD:AAN5882,Animalia,Arthropoda,Insecta,Diptera,NA,NA,NA,3,7/27/2017,HickoryBottoms,B,7/12/2017,142,Pool
72717HBPoolB2,OTU1494,US,0.8732,BOLD:AAF4632,Animalia,Arthropoda,Insecta,Diptera,NA,NA,NA,21,7/27/2017,HickoryBottoms,B,7/12/2017,142,Pool
72717HBPoolB2,OTU1503,GS,99.4,BOLD:ABW1320,Animalia,Arthropoda,Insecta,Diptera,Cecidomyiidae,NA,NA,1,7/27/2017,HickoryBottoms,B,7/12/2017,142,Pool
72717HBPoolB2,OTU1504,SS,0.08,BOLD:ACB5181,Animalia,Arthropoda,Insecta,Diptera,NA,NA,NA,67,7/27/2017,HickoryBottoms,B,7/12/2017,142,Pool
72717HBPoolB2,OTU1513,GS,97.8,BOLD:ACL2801,Animalia,Arthropoda,Insecta,Diptera,Tipulidae,Nephrotoma,Nephrotoma macrocera,1,7/27/2017,HickoryBottoms,B,7/12/2017,142,Pool
72717HBPoolB2,OTU1554,SS,0.92,BOLD:AAP2734,Animalia,Arthropoda,Insecta,Diptera,Limoniidae,Erioptera,Erioptera parva,179,7/27/2017,HickoryBottoms,B,7/12/2017,142,Pool
72717HBPoolB2,OTU1574,GS,100,BOLD:AAV8368,Animalia,Arthropoda,Insecta,Lepidoptera,Nepticulidae,Stigmella,Stigmella saginella,2,7/27/2017,HickoryBottoms,B,7/12/2017,142,Pool
72717HBPoolB2,OTU1612,GS,100,BOLD:ACL8601,Animalia,Arthropoda,Insecta,Hymenoptera,Ichneumonidae,NA,NA,7,7/27/2017,HickoryBottoms,B,7/12/2017,142,Pool
72717HBPoolB2,OTU1636,SS,0.74,BOLD:AAF4632,Animalia,Arthropoda,Insecta,NA,NA,NA,NA,3,7/27/2017,HickoryBottoms,B,7/12/2017,142,Pool
72717HBPoolB2,OTU1641,GS,97.8,BOLD:AAW5755,Animalia,Arthropoda,Insecta,Lepidoptera,Depressariidae,Psilocorsis,Psilocorsis reflexella,1,7/27/2017,HickoryBottoms,B,7/12/2017,142,Pool
72717HBPoolB2,OTU1642,GS,99.4,BOLD:AAB5246,Animalia,Arthropoda,Insecta,Lepidoptera,Erebidae,Ledaea,Ledaea perditalis,2,7/27/2017,HickoryBottoms,B,7/12/2017,142,Pool
72717HBPoolB2,OTU1643,US,0.9803,BOLD:ABA6307,Animalia,Arthropoda,Insecta,Diptera,NA,NA,NA,3,7/27/2017,HickoryBottoms,B,7/12/2017,142,Pool
72717HBPoolB2,OTU1670,GS,100,BOLD:ACD1843,Animalia,Arthropoda,Arachnida,Mesostigmata,Ascidae,NA,NA,4,7/27/2017,HickoryBottoms,B,7/12/2017,142,Pool
72717HBPoolB2,OTU1683,SS,0.84,BOLD:AAF4632,Animalia,Arthropoda,Insecta,Diptera,Limoniidae,Epiphragma,Epiphragma solatrix,6,7/27/2017,HickoryBottoms,B,7/12/2017,142,Pool
72717HBPoolB2,OTU1724,US,0.8732,BOLD:ABW0552,Animalia,Arthropoda,Insecta,Lepidoptera,NA,NA,NA,90,7/27/2017,HickoryBottoms,B,7/12/2017,142,Pool
72717HBPoolB2,OTU1766,GS,99.4,BOLD:AAM7661,Animalia,Arthropoda,Insecta,Coleoptera,Chrysomelidae,Bassareus,Bassareus mammifer,2,7/27/2017,HickoryBottoms,B,7/12/2017,142,Pool
72717HBPoolB2,OTU1769,US,0.986,BOLD:AAU6705,Animalia,Arthropoda,Insecta,Lepidoptera,NA,NA,NA,4,7/27/2017,HickoryBottoms,B,7/12/2017,142,Pool
72717HBPoolB2,OTU1782,US,0.9249,BOLD:AAO3940,Animalia,Arthropoda,Insecta,Diptera,NA,NA,NA,1,7/27/2017,HickoryBottoms,B,7/12/2017,142,Pool
72717HBPoolB2,OTU1818,GS,97.9,BOLD:AAF4632,Animalia,Arthropoda,Insecta,Diptera,Limoniidae,Epiphragma,Epiphragma solatrix,1,7/27/2017,HickoryBottoms,B,7/12/2017,142,Pool
72717HBPoolB2,OTU1829,US,0.9925,BOLD:ACX7926,Animalia,Arthropoda,Insecta,Lepidoptera,NA,NA,NA,9,7/27/2017,HickoryBottoms,B,7/12/2017,142,Pool
72717HBPoolB2,OTU1834,SS,0.74,BOLD:AAF4632,Animalia,Arthropoda,Insecta,Diptera,NA,NA,NA,21,7/27/2017,HickoryBottoms,B,7/12/2017,142,Pool
72717HBPoolB2,OTU1854,GS,97.2,BOLD:ABV1330,Animalia,Arthropoda,Insecta,Diptera,Cecidomyiidae,NA,NA,554,7/27/2017,HickoryBottoms,B,7/12/2017,142,Pool
72717HBPoolB2,OTU1855,US,0,BOLD:ABA9389,Animalia,Arthropoda,Insecta,Hymenoptera,NA,NA,NA,5,7/27/2017,HickoryBottoms,B,7/12/2017,142,Pool
72717HBPoolB2,OTU1884,US,0.9925,None,Animalia,Arthropoda,Insecta,Diptera,NA,NA,NA,6,7/27/2017,HickoryBottoms,B,7/12/2017,142,Pool
72717HBPoolB2,OTU1909,US,1,None,Animalia,Arthropoda,Insecta,Hemiptera,NA,NA,NA,12,7/27/2017,HickoryBottoms,B,7/12/2017,142,Pool
72717HBPoolB3,OTU1,US,0.0026,BOLD:AAD6798,Animalia,Arthropoda,Insecta,Diptera,NA,NA,NA,1708,7/27/2017,HickoryBottoms,B,7/12/2017,142,Pool
72717HBPoolB3,OTU3,GS,100,BOLD:AAP2734,Animalia,Arthropoda,Insecta,Diptera,Limoniidae,Erioptera,Erioptera parva,10561,7/27/2017,HickoryBottoms,B,7/12/2017,142,Pool
72717HBPoolB3,OTU5,GS,99.4,BOLD:AAN5451,Animalia,Arthropoda,Arachnida,Araneae,Araneidae,Eustala,NA,332,7/27/2017,HickoryBottoms,B,7/12/2017,142,Pool
72717HBPoolB3,OTU7,GS,100,BOLD:AAF4632,Animalia,Arthropoda,Insecta,Diptera,Limoniidae,Epiphragma,Epiphragma solatrix,1589,7/27/2017,HickoryBottoms,B,7/12/2017,142,Pool
72717HBPoolB3,OTU9,US,0.7924,BOLD:AAG8502,Animalia,Arthropoda,Insecta,NA,NA,NA,NA,1078,7/27/2017,HickoryBottoms,B,7/12/2017,142,Pool
72717HBPoolB3,OTU15,GS,100,BOLD:ABZ0908,Animalia,Arthropoda,Insecta,Diptera,Tipulidae,Nephrotoma,Nephrotoma ferruginea,471,7/27/2017,HickoryBottoms,B,7/12/2017,142,Pool
72717HBPoolB3,OTU20,US,0.9885,BOLD:ACL8445,Animalia,Arthropoda,Insecta,Diptera,NA,NA,NA,1386,7/27/2017,HickoryBottoms,B,7/12/2017,142,Pool
72717HBPoolB3,OTU24,GS,98.9,BOLD:ABW3499,Animalia,Arthropoda,Insecta,Diptera,NA,NA,NA,408,7/27/2017,HickoryBottoms,B,7/12/2017,142,Pool
72717HBPoolB3,OTU29,US,0,BOLD:ADD1431,Animalia,Arthropoda,Arachnida,Trombidiformes,NA,NA,NA,505,7/27/2017,HickoryBottoms,B,7/12/2017,142,Pool
72717HBPoolB3,OTU52,GS,100,BOLD:AAG4399,Animalia,Arthropoda,Insecta,Hemiptera,Flatidae,Metcalfa,Metcalfa pruinosa,536,7/27/2017,HickoryBottoms,B,7/12/2017,142,Pool
72717HBPoolB3,OTU57,GS,100,BOLD:AAI1618,Animalia,Arthropoda,Insecta,Diptera,Culicidae,Coquillettidia,Coquillettidia perturbans,65,7/27/2017,HickoryBottoms,B,7/12/2017,142,Pool
72717HBPoolB3,OTU64,US,0.9925,BOLD:AAL8170,Animalia,Arthropoda,Insecta,Hymenoptera,NA,NA,NA,2199,7/27/2017,HickoryBottoms,B,7/12/2017,142,Pool
72717HBPoolB3,OTU65,GS,100,BOLD:AAA1517,Animalia,Arthropoda,Insecta,Lepidoptera,Tortricidae,Choristoneura,Choristoneura rosaceana,116,7/27/2017,HickoryBottoms,B,7/12/2017,142,Pool
72717HBPoolB3,OTU76,US,1,BOLD:ACY1454,Animalia,Arthropoda,Insecta,Hemiptera,NA,NA,NA,40,7/27/2017,HickoryBottoms,B,7/12/2017,142,Pool
72717HBPoolB3,OTU81,US,0,BOLD:ABV3248,Animalia,Arthropoda,Insecta,Diptera,NA,NA,NA,466,7/27/2017,HickoryBottoms,B,7/12/2017,142,Pool
72717HBPoolB3,OTU88,GS,100,BOLD:AAE0434,Animalia,Arthropoda,Insecta,Diptera,Culicidae,Uranotaenia,Uranotaenia sapphirina,104,7/27/2017,HickoryBottoms,B,7/12/2017,142,Pool
72717HBPoolB3,OTU89,GS,98.3,BOLD:ABW2415,Animalia,Arthropoda,Insecta,Diptera,Tipulidae,Nephrotoma,Nephrotoma okefenoke,740,7/27/2017,HickoryBottoms,B,7/12/2017,142,Pool
72717HBPoolB3,OTU100,US,0,BOLD:ACD6759,Animalia,Arthropoda,Insecta,Hymenoptera,NA,NA,NA,2967,7/27/2017,HickoryBottoms,B,7/12/2017,142,Pool
72717HBPoolB3,OTU108,GS,99.4,BOLD:AAC4525,Animalia,Arthropoda,Insecta,Diptera,Chironomidae,Tanytarsus,Tanytarsus guerlus,138,7/27/2017,HickoryBottoms,B,7/12/2017,142,Pool
72717HBPoolB3,OTU110,GS,99.4,BOLD:AAJ0542,Animalia,Arthropoda,Arachnida,Araneae,Theridiidae,Euryopis,Euryopis funebris,59,7/27/2017,HickoryBottoms,B,7/12/2017,142,Pool
72717HBPoolB3,OTU112,US,0,BOLD:ACZ0204,Animalia,Arthropoda,Insecta,Hymenoptera,NA,NA,NA,222,7/27/2017,HickoryBottoms,B,7/12/2017,142,Pool
72717HBPoolB3,OTU141,GS,100,BOLD:ABX6186,Animalia,Arthropoda,Insecta,Diptera,Tipulidae,Nephrotoma,Nephrotoma ferruginea,87,7/27/2017,HickoryBottoms,B,7/12/2017,142,Pool
72717HBPoolB3,OTU143,SS,0.21,BOLD:ACW8718,Animalia,Arthropoda,Insecta,Diptera,NA,NA,NA,76,7/27/2017,HickoryBottoms,B,7/12/2017,142,Pool
72717HBPoolB3,OTU146,GS,99.4,BOLD:ABV9238,Animalia,Arthropoda,Insecta,Diptera,Limoniidae,Gonomyia,NA,147,7/27/2017,HickoryBottoms,B,7/12/2017,142,Pool
72717HBPoolB3,OTU148,GS,100,BOLD:AAK7352,Animalia,Arthropoda,Arachnida,Araneae,Araneidae,Metepeira,Metepeira labyrinthea,105,7/27/2017,HickoryBottoms,B,7/12/2017,142,Pool
72717HBPoolB3,OTU157,US,0,BOLD:ACJ3184,Animalia,Arthropoda,Insecta,Hymenoptera,NA,NA,NA,92,7/27/2017,HickoryBottoms,B,7/12/2017,142,Pool
72717HBPoolB3,OTU165,US,0.9936,BOLD:ACF8271,Animalia,Arthropoda,Insecta,Diptera,NA,NA,NA,39,7/27/2017,HickoryBottoms,B,7/12/2017,142,Pool
72717HBPoolB3,OTU167,GS,100,BOLD:ACA7651,Animalia,Arthropoda,Insecta,Hymenoptera,Ichneumonidae,NA,NA,60,7/27/2017,HickoryBottoms,B,7/12/2017,142,Pool
72717HBPoolB3,OTU168,GS,100,BOLD:AAC3609,Animalia,Arthropoda,Insecta,Lepidoptera,Euteliidae,Paectes,Paectes abrostoloides,197,7/27/2017,HickoryBottoms,B,7/12/2017,142,Pool
72717HBPoolB3,OTU173,GS,99.4,BOLD:ABA7621,Animalia,Arthropoda,Insecta,Diptera,Tipulidae,Dolichopeza,Dolichopeza walleyi,28,7/27/2017,HickoryBottoms,B,7/12/2017,142,Pool
72717HBPoolB3,OTU192,SS,0.12,BOLD:ACF9102,Animalia,Arthropoda,Insecta,Diptera,NA,NA,NA,180,7/27/2017,HickoryBottoms,B,7/12/2017,142,Pool
72717HBPoolB3,OTU202,US,0.9967,BOLD:ACF8271,Animalia,Arthropoda,Insecta,Hymenoptera,NA,NA,NA,65,7/27/2017,HickoryBottoms,B,7/12/2017,142,Pool
72717HBPoolB3,OTU203,GS,100,BOLD:AAB0603,Animalia,Arthropoda,Insecta,Lepidoptera,Gelechiidae,Pseudotelphusa,Pseudotelphusa quercinigracella,48,7/27/2017,HickoryBottoms,B,7/12/2017,142,Pool
72717HBPoolB3,OTU204,GS,98.9,BOLD:AAK7682,Animalia,Arthropoda,Arachnida,Araneae,Araneidae,Mangora,Mangora maculata,24,7/27/2017,HickoryBottoms,B,7/12/2017,142,Pool
72717HBPoolB3,OTU209,GS,100,BOLD:AAF9019,Animalia,Arthropoda,Insecta,Diptera,NA,NA,NA,24,7/27/2017,HickoryBottoms,B,7/12/2017,142,Pool
72717HBPoolB3,OTU223,GS,100,BOLD:ABZ0282,Animalia,Arthropoda,Insecta,Orthoptera,Trigonidiidae,Anaxipha,Anaxipha exigua,84,7/27/2017,HickoryBottoms,B,7/12/2017,142,Pool
72717HBPoolB3,OTU230,GS,100,BOLD:AAG3850,Animalia,Arthropoda,Insecta,Diptera,Culicidae,Psorophora,Psorophora columbiae,75,7/27/2017,HickoryBottoms,B,7/12/2017,142,Pool
72717HBPoolB3,OTU232,US,0.986,BOLD:ACO0742,Animalia,Arthropoda,Insecta,Lepidoptera,NA,NA,NA,2022,7/27/2017,HickoryBottoms,B,7/12/2017,142,Pool
72717HBPoolB3,OTU239,GS,100,BOLD:ABW2526,Animalia,Arthropoda,Insecta,Diptera,Tabanidae,Tabanus,NA,86,7/27/2017,HickoryBottoms,B,7/12/2017,142,Pool
72717HBPoolB3,OTU241,US,0.9963,BOLD:AAZ5765,Animalia,Arthropoda,Insecta,Coleoptera,NA,NA,NA,16,7/27/2017,HickoryBottoms,B,7/12/2017,142,Pool
72717HBPoolB3,OTU244,GS,100,BOLD:AAB1096,Animalia,Arthropoda,Insecta,Lepidoptera,Blastobasidae,Blastobasis,Blastobasis glandulella,20,7/27/2017,HickoryBottoms,B,7/12/2017,142,Pool
72717HBPoolB3,OTU257,GS,100,BOLD:AAA5803,Animalia,Arthropoda,Insecta,Hemiptera,Miridae,Lygus,Lygus lineolaris,198,7/27/2017,HickoryBottoms,B,7/12/2017,142,Pool
72717HBPoolB3,OTU261,GS,99.4,BOLD:ACE7664,Animalia,Arthropoda,Insecta,Lepidoptera,Erebidae,Spilosoma,Spilosoma virginica,871,7/27/2017,HickoryBottoms,B,7/12/2017,142,Pool
72717HBPoolB3,OTU301,GS,100,BOLD:ABV1330,Animalia,Arthropoda,Insecta,Diptera,Cecidomyiidae,NA,NA,1290,7/27/2017,HickoryBottoms,B,7/12/2017,142,Pool
72717HBPoolB3,OTU305,US,0.9881,BOLD:AAQ0487,Animalia,Arthropoda,Insecta,Diptera,NA,NA,NA,1299,7/27/2017,HickoryBottoms,B,7/12/2017,142,Pool
72717HBPoolB3,OTU318,GS,100,BOLD:AAG7716,Animalia,Arthropoda,Insecta,Hymenoptera,Braconidae,Macrocentrus,NA,42,7/27/2017,HickoryBottoms,B,7/12/2017,142,Pool
72717HBPoolB3,OTU323,GS,98.9,BOLD:AAA5103,Animalia,Arthropoda,Insecta,Diptera,Culicidae,Anopheles,Anopheles crucians,44,7/27/2017,HickoryBottoms,B,7/12/2017,142,Pool
72717HBPoolB3,OTU325,GS,100,BOLD:AAB6013,Animalia,Arthropoda,Insecta,Lepidoptera,Tortricidae,Phaecasiophora,Phaecasiophora confixana,71,7/27/2017,HickoryBottoms,B,7/12/2017,142,Pool
72717HBPoolB3,OTU346,US,0,None,Animalia,Arthropoda,Insecta,Hymenoptera,NA,NA,NA,84,7/27/2017,HickoryBottoms,B,7/12/2017,142,Pool
72717HBPoolB3,OTU374,US,0,BOLD:ACT8457,Animalia,Arthropoda,Insecta,Hymenoptera,NA,NA,NA,9,7/27/2017,HickoryBottoms,B,7/12/2017,142,Pool
72717HBPoolB3,OTU375,GS,100,BOLD:AAG2878,Animalia,Arthropoda,Insecta,Hemiptera,Cicadellidae,Gyponana,Gyponana extenda,4,7/27/2017,HickoryBottoms,B,7/12/2017,142,Pool
72717HBPoolB3,OTU389,US,0.986,BOLD:ACB3375,Animalia,Arthropoda,Insecta,Hemiptera,NA,NA,NA,15,7/27/2017,HickoryBottoms,B,7/12/2017,142,Pool
72717HBPoolB3,OTU396,SS,0.98,BOLD:AAP2734,Animalia,Arthropoda,Insecta,Diptera,Limoniidae,Erioptera,Erioptera parva,126,7/27/2017,HickoryBottoms,B,7/12/2017,142,Pool
72717HBPoolB3,OTU397,GS,100,BOLD:ACA9043,Animalia,Arthropoda,Insecta,Coleoptera,NA,NA,NA,37,7/27/2017,HickoryBottoms,B,7/12/2017,142,Pool
72717HBPoolB3,OTU400,SS,0.32,BOLD:ACR6355,Animalia,Arthropoda,Insecta,Diptera,NA,NA,NA,498,7/27/2017,HickoryBottoms,B,7/12/2017,142,Pool
72717HBPoolB3,OTU407,GS,99.4,BOLD:AAK8831,Animalia,Arthropoda,Insecta,Diptera,Limoniidae,Metalimnobia,Metalimnobia cinctipes,167,7/27/2017,HickoryBottoms,B,7/12/2017,142,Pool
72717HBPoolB3,OTU418,US,0,None,Animalia,Arthropoda,Insecta,Lepidoptera,NA,NA,NA,23,7/27/2017,HickoryBottoms,B,7/12/2017,142,Pool
72717HBPoolB3,OTU436,GS,100,BOLD:AAC7431,Animalia,Arthropoda,Insecta,Lepidoptera,Nymphalidae,Asterocampa,Asterocampa clyton,314,7/27/2017,HickoryBottoms,B,7/12/2017,142,Pool
72717HBPoolB3,OTU452,GS,99.4,BOLD:ACM1046,Animalia,Arthropoda,Insecta,Diptera,Chironomidae,NA,NA,506,7/27/2017,HickoryBottoms,B,7/12/2017,142,Pool
72717HBPoolB3,OTU459,SS,0.93,BOLD:AAG0758,Animalia,Arthropoda,Insecta,Coleoptera,Pyrochroidae,Dendroides,Dendroides canadensis,21,7/27/2017,HickoryBottoms,B,7/12/2017,142,Pool
72717HBPoolB3,OTU484,US,0.2259,BOLD:ACT8191,Animalia,Arthropoda,Arachnida,Araneae,NA,NA,NA,67,7/27/2017,HickoryBottoms,B,7/12/2017,142,Pool
72717HBPoolB3,OTU505,US,1,BOLD:ACA7881,Animalia,Arthropoda,Insecta,Diptera,NA,NA,NA,37,7/27/2017,HickoryBottoms,B,7/12/2017,142,Pool
72717HBPoolB3,OTU508,GS,100,BOLD:AAC0958,Animalia,Arthropoda,Insecta,Lepidoptera,Tortricidae,Hulda,Hulda impudens,25,7/27/2017,HickoryBottoms,B,7/12/2017,142,Pool
72717HBPoolB3,OTU513,SS,0.71,BOLD:ABY8891,Animalia,Arthropoda,Insecta,Diptera,NA,NA,NA,2219,7/27/2017,HickoryBottoms,B,7/12/2017,142,Pool
72717HBPoolB3,OTU524,GS,100,BOLD:AAD2126,Animalia,Arthropoda,Insecta,Lepidoptera,Psychidae,Thyridopteryx,Thyridopteryx ephemeraeformis,53,7/27/2017,HickoryBottoms,B,7/12/2017,142,Pool
72717HBPoolB3,OTU548,GS,99.4,BOLD:AAC0126,Animalia,Arthropoda,Insecta,Lepidoptera,Tortricidae,Coelostathma,Coelostathma discopunctana,32,7/27/2017,HickoryBottoms,B,7/12/2017,142,Pool
72717HBPoolB3,OTU552,GS,100,BOLD:ADF3721,Animalia,Arthropoda,Insecta,Diptera,Cecidomyiidae,NA,NA,15,7/27/2017,HickoryBottoms,B,7/12/2017,142,Pool
72717HBPoolB3,OTU559,GS,100,BOLD:AAG5254,Animalia,Arthropoda,Insecta,Lepidoptera,Dryadaulidae,Dryadaula,NA,22,7/27/2017,HickoryBottoms,B,7/12/2017,142,Pool
72717HBPoolB3,OTU571,GS,100,BOLD:AAD1986,Animalia,Arthropoda,Arachnida,Araneae,Thomisidae,Xysticus,Xysticus ferox,146,7/27/2017,HickoryBottoms,B,7/12/2017,142,Pool
72717HBPoolB3,OTU580,GS,98.3,BOLD:ABZ0908,Animalia,Arthropoda,Insecta,Diptera,Tipulidae,Nephrotoma,Nephrotoma ferruginea,8,7/27/2017,HickoryBottoms,B,7/12/2017,142,Pool
72717HBPoolB3,OTU610,GS,99.4,BOLD:AAG2712,Animalia,Arthropoda,Insecta,Orthoptera,Tettigoniidae,Scudderia,Scudderia furcata,160,7/27/2017,HickoryBottoms,B,7/12/2017,142,Pool
72717HBPoolB3,OTU669,GS,100,BOLD:AAB0917,Animalia,Arthropoda,Insecta,Lepidoptera,Saturniidae,Actias,Actias luna,269,7/27/2017,HickoryBottoms,B,7/12/2017,142,Pool
72717HBPoolB3,OTU690,GS,100,BOLD:AAN5162,Animalia,Arthropoda,Insecta,Diptera,Ceratopogonidae,Dasyhelea,NA,162,7/27/2017,HickoryBottoms,B,7/12/2017,142,Pool
72717HBPoolB3,OTU701,GS,100,BOLD:ACF0609,Animalia,Arthropoda,Insecta,Lepidoptera,Tortricidae,Olethreutes,Olethreutes valdanum,15,7/27/2017,HickoryBottoms,B,7/12/2017,142,Pool
72717HBPoolB3,OTU706,GS,98.3,BOLD:ACV0077,Animalia,Arthropoda,Insecta,Hymenoptera,Perilampidae,Perilampus,NA,4,7/27/2017,HickoryBottoms,B,7/12/2017,142,Pool
72717HBPoolB3,OTU715,SS,0.71,BOLD:ABZ0908,Animalia,Arthropoda,Insecta,Diptera,NA,NA,NA,44,7/27/2017,HickoryBottoms,B,7/12/2017,142,Pool
72717HBPoolB3,OTU731,US,0.9803,BOLD:ACL2176,Animalia,Arthropoda,Arachnida,Trombidiformes,NA,NA,NA,67,7/27/2017,HickoryBottoms,B,7/12/2017,142,Pool
72717HBPoolB3,OTU753,US,0,BOLD:ACA1260,Animalia,Arthropoda,Arachnida,Araneae,NA,NA,NA,55,7/27/2017,HickoryBottoms,B,7/12/2017,142,Pool
72717HBPoolB3,OTU769,GS,100,BOLD:AAE8646,Animalia,Arthropoda,Insecta,Hymenoptera,Formicidae,Solenopsis,Solenopsis molesta,15,7/27/2017,HickoryBottoms,B,7/12/2017,142,Pool
72717HBPoolB3,OTU777,US,0,BOLD:AAM1497,Animalia,Arthropoda,Insecta,Hymenoptera,NA,NA,NA,172,7/27/2017,HickoryBottoms,B,7/12/2017,142,Pool
72717HBPoolB3,OTU809,SS,0.3,BOLD:ACC8458,Animalia,Arthropoda,Collembola,Entomobryomorpha,NA,NA,NA,108,7/27/2017,HickoryBottoms,B,7/12/2017,142,Pool
72717HBPoolB3,OTU824,GS,100,BOLD:AAI1938,Animalia,Arthropoda,Arachnida,Araneae,Lycosidae,Tigrosa,Tigrosa grandis,43,7/27/2017,HickoryBottoms,B,7/12/2017,142,Pool
72717HBPoolB3,OTU827,US,0,BOLD:ACQ9987,Animalia,Arthropoda,Insecta,Hemiptera,NA,NA,NA,61,7/27/2017,HickoryBottoms,B,7/12/2017,142,Pool
72717HBPoolB3,OTU885,GS,99.4,BOLD:ACF9355,Animalia,Arthropoda,Arachnida,Trombidiformes,Erythraeidae,NA,NA,73,7/27/2017,HickoryBottoms,B,7/12/2017,142,Pool
72717HBPoolB3,OTU892,GS,99.4,BOLD:AAN5393,Animalia,Arthropoda,Insecta,Diptera,Chironomidae,NA,NA,208,7/27/2017,HickoryBottoms,B,7/12/2017,142,Pool
72717HBPoolB3,OTU895,GS,100,BOLD:AAA4222,Animalia,Arthropoda,Insecta,Lepidoptera,Erebidae,Hypena,Hypena scabra,19,7/27/2017,HickoryBottoms,B,7/12/2017,142,Pool
72717HBPoolB3,OTU900,GS,100,BOLD:AAN6333,Animalia,Arthropoda,Arachnida,Araneae,Theridiidae,Theridion,Theridion albidum,34,7/27/2017,HickoryBottoms,B,7/12/2017,142,Pool
72717HBPoolB3,OTU930,US,0.2887,BOLD:ACQ4419,Animalia,Arthropoda,Malacostraca,Stomatopoda,NA,NA,NA,13,7/27/2017,HickoryBottoms,B,7/12/2017,142,Pool
72717HBPoolB3,OTU933,GS,100,BOLD:AAD7817,Animalia,Arthropoda,Arachnida,Araneae,Salticidae,Zygoballus,Zygoballus rufipes,77,7/27/2017,HickoryBottoms,B,7/12/2017,142,Pool
72717HBPoolB3,OTU977,GS,100,BOLD:AAZ1829,Animalia,Arthropoda,Insecta,Hemiptera,Cicadellidae,Draeculacephala,Draeculacephala mollipes,34,7/27/2017,HickoryBottoms,B,7/12/2017,142,Pool
72717HBPoolB3,OTU1072,SS,0.54,BOLD:ABV9238,Animalia,Arthropoda,Insecta,Diptera,NA,NA,NA,67,7/27/2017,HickoryBottoms,B,7/12/2017,142,Pool
72717HBPoolB3,OTU1080,GS,100,BOLD:AAB9450,Animalia,Arthropoda,Insecta,Lepidoptera,NA,NA,NA,44,7/27/2017,HickoryBottoms,B,7/12/2017,142,Pool
72717HBPoolB3,OTU1089,US,0,BOLD:AAB0993,Animalia,Arthropoda,Insecta,Diptera,NA,NA,NA,66,7/27/2017,HickoryBottoms,B,7/12/2017,142,Pool
72717HBPoolB3,OTU1092,US,0.9967,BOLD:ACO6848,Animalia,Arthropoda,Insecta,Hymenoptera,NA,NA,NA,40,7/27/2017,HickoryBottoms,B,7/12/2017,142,Pool
72717HBPoolB3,OTU1095,GS,100,BOLD:ABX3739,Animalia,Arthropoda,Insecta,Hemiptera,Cicadellidae,Ponana,NA,52,7/27/2017,HickoryBottoms,B,7/12/2017,142,Pool
72717HBPoolB3,OTU1104,GS,100,BOLD:AAC8999,Animalia,Arthropoda,Insecta,Lepidoptera,Tortricidae,Aethes,Aethes angustana,1,7/27/2017,HickoryBottoms,B,7/12/2017,142,Pool
72717HBPoolB3,OTU1117,US,0.9973,BOLD:ADF3721,Animalia,Arthropoda,Insecta,Diptera,NA,NA,NA,10,7/27/2017,HickoryBottoms,B,7/12/2017,142,Pool
72717HBPoolB3,OTU1120,SS,0.33,BOLD:ACN0279,Animalia,Arthropoda,Insecta,Diptera,NA,NA,NA,96,7/27/2017,HickoryBottoms,B,7/12/2017,142,Pool
72717HBPoolB3,OTU1131,SS,0.01,BOLD:ACV0077,Animalia,Arthropoda,Insecta,Hymenoptera,Perilampidae,Perilampus,NA,1,7/27/2017,HickoryBottoms,B,7/12/2017,142,Pool
72717HBPoolB3,OTU1170,US,0,BOLD:ACT8457,Animalia,Arthropoda,Insecta,Hymenoptera,NA,NA,NA,1,7/27/2017,HickoryBottoms,B,7/12/2017,142,Pool
72717HBPoolB3,OTU1178,GS,100,BOLD:AAG0161,Animalia,Arthropoda,Insecta,Diptera,Milichiidae,Leptometopa,Leptometopa latipes,36,7/27/2017,HickoryBottoms,B,7/12/2017,142,Pool
72717HBPoolB3,OTU1186,SS,0.67,BOLD:ACA4518,Animalia,Arthropoda,Insecta,Diptera,NA,NA,NA,118,7/27/2017,HickoryBottoms,B,7/12/2017,142,Pool
72717HBPoolB3,OTU1203,US,0.9963,BOLD:ABW8929,Animalia,Arthropoda,Maxillopoda,Cyclopoida,NA,NA,NA,43,7/27/2017,HickoryBottoms,B,7/12/2017,142,Pool
72717HBPoolB3,OTU1210,GS,97.2,BOLD:AAF4632,Animalia,Arthropoda,Insecta,Diptera,Limoniidae,Epiphragma,Epiphragma solatrix,105,7/27/2017,HickoryBottoms,B,7/12/2017,142,Pool
72717HBPoolB3,OTU1219,GS,100,BOLD:AAM6287,Animalia,Arthropoda,Insecta,Diptera,Chironomidae,Phaenopsectra,NA,79,7/27/2017,HickoryBottoms,B,7/12/2017,142,Pool
72717HBPoolB3,OTU1223,GS,97.8,BOLD:ABV9238,Animalia,Arthropoda,Insecta,Diptera,Limoniidae,Gonomyia,NA,21,7/27/2017,HickoryBottoms,B,7/12/2017,142,Pool
72717HBPoolB3,OTU1231,GS,99.4,BOLD:AAD9052,Animalia,Arthropoda,Insecta,Lepidoptera,Elachistidae,Elachista,Elachista illectella,33,7/27/2017,HickoryBottoms,B,7/12/2017,142,Pool
72717HBPoolB3,OTU1242,GS,98.9,BOLD:AAW9539,Animalia,Arthropoda,Insecta,Diptera,Culicidae,Orthopodomyia,Orthopodomyia signifera,41,7/27/2017,HickoryBottoms,B,7/12/2017,142,Pool
72717HBPoolB3,OTU1265,SS,0.83,BOLD:AAF4632,Animalia,Arthropoda,Insecta,Diptera,Limoniidae,Epiphragma,Epiphragma solatrix,11,7/27/2017,HickoryBottoms,B,7/12/2017,142,Pool
72717HBPoolB3,OTU1281,GS,99.4,BOLD:AAI5631,Animalia,Arthropoda,Arachnida,Araneae,NA,NA,NA,4,7/27/2017,HickoryBottoms,B,7/12/2017,142,Pool
72717HBPoolB3,OTU1283,US,0.0788,BOLD:ADC1424,Animalia,Arthropoda,Arachnida,Araneae,NA,NA,NA,32,7/27/2017,HickoryBottoms,B,7/12/2017,142,Pool
72717HBPoolB3,OTU1301,US,0.0788,BOLD:ADC1424,Animalia,Arthropoda,Arachnida,Araneae,NA,NA,NA,24,7/27/2017,HickoryBottoms,B,7/12/2017,142,Pool
72717HBPoolB3,OTU1317,SS,0.01,BOLD:AAN5451,Animalia,Arthropoda,Arachnida,Araneae,Araneidae,Eustala,NA,2,7/27/2017,HickoryBottoms,B,7/12/2017,142,Pool
72717HBPoolB3,OTU1318,SS,0.75,BOLD:ABV9403,Animalia,Arthropoda,Insecta,NA,NA,NA,NA,7,7/27/2017,HickoryBottoms,B,7/12/2017,142,Pool
72717HBPoolB3,OTU1323,US,0.9934,BOLD:ABW8929,Animalia,Arthropoda,Maxillopoda,Cyclopoida,NA,NA,NA,33,7/27/2017,HickoryBottoms,B,7/12/2017,142,Pool
72717HBPoolB3,OTU1327,GS,97.2,BOLD:ACF5165,Animalia,Arthropoda,Insecta,Orthoptera,Rhaphidophoridae,Ceuthophilus,NA,54,7/27/2017,HickoryBottoms,B,7/12/2017,142,Pool
72717HBPoolB3,OTU1337,GS,98.9,BOLD:ACQ1836,Animalia,Arthropoda,Insecta,Hymenoptera,Braconidae,Cotesia,NA,17,7/27/2017,HickoryBottoms,B,7/12/2017,142,Pool
72717HBPoolB3,OTU1341,US,0,None,Animalia,Arthropoda,Arachnida,Trombidiformes,NA,NA,NA,39,7/27/2017,HickoryBottoms,B,7/12/2017,142,Pool
72717HBPoolB3,OTU1351,SS,0.94,BOLD:AAB7030,Animalia,Arthropoda,Insecta,Diptera,Chironomidae,Chironomus,Chironomus decorus,9,7/27/2017,HickoryBottoms,B,7/12/2017,142,Pool
72717HBPoolB3,OTU1361,GS,100,BOLD:AAC0584,Animalia,Arthropoda,Insecta,Diptera,Culicidae,Anopheles,Anopheles punctipennis,1,7/27/2017,HickoryBottoms,B,7/12/2017,142,Pool
72717HBPoolB3,OTU1403,SS,0.36,BOLD:ACV0130,Animalia,Arthropoda,Insecta,Diptera,NA,NA,NA,3,7/27/2017,HickoryBottoms,B,7/12/2017,142,Pool
72717HBPoolB3,OTU1412,US,0.9936,BOLD:ADD1431,Animalia,Arthropoda,Insecta,Diptera,NA,NA,NA,9,7/27/2017,HickoryBottoms,B,7/12/2017,142,Pool
72717HBPoolB3,OTU1429,US,0.9934,BOLD:ABW8929,Animalia,Arthropoda,Maxillopoda,Cyclopoida,NA,NA,NA,2,7/27/2017,HickoryBottoms,B,7/12/2017,142,Pool
72717HBPoolB3,OTU1460,US,0.4,None,Animalia,Arthropoda,Arachnida,Araneae,NA,NA,NA,8,7/27/2017,HickoryBottoms,B,7/12/2017,142,Pool
72717HBPoolB3,OTU1480,US,0.9249,BOLD:AAN5882,Animalia,Arthropoda,Insecta,Diptera,NA,NA,NA,1,7/27/2017,HickoryBottoms,B,7/12/2017,142,Pool
72717HBPoolB3,OTU1494,US,0.8732,BOLD:AAF4632,Animalia,Arthropoda,Insecta,Diptera,NA,NA,NA,28,7/27/2017,HickoryBottoms,B,7/12/2017,142,Pool
72717HBPoolB3,OTU1497,SS,0.97,BOLD:AAI1618,Animalia,Arthropoda,Insecta,Diptera,Culicidae,Coquillettidia,Coquillettidia perturbans,24,7/27/2017,HickoryBottoms,B,7/12/2017,142,Pool
72717HBPoolB3,OTU1513,GS,97.8,BOLD:ACL2801,Animalia,Arthropoda,Insecta,Diptera,Tipulidae,Nephrotoma,Nephrotoma macrocera,3,7/27/2017,HickoryBottoms,B,7/12/2017,142,Pool
72717HBPoolB3,OTU1524,SS,0.4,BOLD:AAB4070,Animalia,Arthropoda,Insecta,Lepidoptera,NA,NA,NA,9,7/27/2017,HickoryBottoms,B,7/12/2017,142,Pool
72717HBPoolB3,OTU1537,SS,0.66,BOLD:AAC1892,Animalia,Arthropoda,Insecta,NA,NA,NA,NA,7,7/27/2017,HickoryBottoms,B,7/12/2017,142,Pool
72717HBPoolB3,OTU1554,SS,0.92,BOLD:AAP2734,Animalia,Arthropoda,Insecta,Diptera,Limoniidae,Erioptera,Erioptera parva,73,7/27/2017,HickoryBottoms,B,7/12/2017,142,Pool
72717HBPoolB3,OTU1556,GS,100,BOLD:AAA8638,Animalia,Arthropoda,Insecta,Lepidoptera,Nymphalidae,Vanessa,Vanessa atalanta,8,7/27/2017,HickoryBottoms,B,7/12/2017,142,Pool
72717HBPoolB3,OTU1597,US,0.8732,BOLD:AAM9253,Animalia,Arthropoda,Insecta,Diptera,NA,NA,NA,37,7/27/2017,HickoryBottoms,B,7/12/2017,142,Pool
72717HBPoolB3,OTU1617,US,0,BOLD:ABW6246,Animalia,Arthropoda,Insecta,Coleoptera,NA,NA,NA,6,7/27/2017,HickoryBottoms,B,7/12/2017,142,Pool
72717HBPoolB3,OTU1641,GS,97.8,BOLD:AAW5755,Animalia,Arthropoda,Insecta,Lepidoptera,Depressariidae,Psilocorsis,Psilocorsis reflexella,23,7/27/2017,HickoryBottoms,B,7/12/2017,142,Pool
72717HBPoolB3,OTU1643,US,0.9803,BOLD:ABA6307,Animalia,Arthropoda,Insecta,Diptera,NA,NA,NA,26,7/27/2017,HickoryBottoms,B,7/12/2017,142,Pool
72717HBPoolB3,OTU1670,GS,100,BOLD:ACD1843,Animalia,Arthropoda,Arachnida,Mesostigmata,Ascidae,NA,NA,9,7/27/2017,HickoryBottoms,B,7/12/2017,142,Pool
72717HBPoolB3,OTU1683,SS,0.84,BOLD:AAF4632,Animalia,Arthropoda,Insecta,Diptera,Limoniidae,Epiphragma,Epiphragma solatrix,4,7/27/2017,HickoryBottoms,B,7/12/2017,142,Pool
72717HBPoolB3,OTU1715,GS,98.9,BOLD:AAG0148,Animalia,Arthropoda,Insecta,Lepidoptera,Tineidae,Homosetia,Homosetia argentinotella,33,7/27/2017,HickoryBottoms,B,7/12/2017,142,Pool
72717HBPoolB3,OTU1719,GS,97.2,BOLD:AAG0149,Animalia,Arthropoda,Insecta,Lepidoptera,NA,NA,NA,9,7/27/2017,HickoryBottoms,B,7/12/2017,142,Pool
72717HBPoolB3,OTU1724,US,0.8732,BOLD:ABW0552,Animalia,Arthropoda,Insecta,Lepidoptera,NA,NA,NA,33,7/27/2017,HickoryBottoms,B,7/12/2017,142,Pool
72717HBPoolB3,OTU1739,GS,100,BOLD:AAB7857,Animalia,Arthropoda,Insecta,Lepidoptera,Tineidae,Acrolophus,Acrolophus mora,44,7/27/2017,HickoryBottoms,B,7/12/2017,142,Pool
72717HBPoolB3,OTU1764,US,0.9934,BOLD:ACQ7934,Animalia,Arthropoda,Insecta,Hymenoptera,NA,NA,NA,54,7/27/2017,HickoryBottoms,B,7/12/2017,142,Pool
72717HBPoolB3,OTU1766,GS,99.4,BOLD:AAM7661,Animalia,Arthropoda,Insecta,Coleoptera,Chrysomelidae,Bassareus,Bassareus mammifer,13,7/27/2017,HickoryBottoms,B,7/12/2017,142,Pool
72717HBPoolB3,OTU1771,US,0,BOLD:ACI5292,Animalia,Arthropoda,Insecta,Diptera,NA,NA,NA,6,7/27/2017,HickoryBottoms,B,7/12/2017,142,Pool
72717HBPoolB3,OTU1772,GS,98.9,BOLD:ACA3275,Animalia,Arthropoda,Insecta,Diptera,Chironomidae,Dicrotendipes,NA,7,7/27/2017,HickoryBottoms,B,7/12/2017,142,Pool
72717HBPoolB3,OTU1774,SS,0.08,BOLD:ABU9995,Animalia,Arthropoda,Insecta,Diptera,NA,NA,NA,2,7/27/2017,HickoryBottoms,B,7/12/2017,142,Pool
72717HBPoolB3,OTU1781,US,0.2259,BOLD:AAO8514,Animalia,Arthropoda,Insecta,Lepidoptera,NA,NA,NA,10,7/27/2017,HickoryBottoms,B,7/12/2017,142,Pool
72717HBPoolB3,OTU1795,US,0.9963,BOLD:AAG3179,Animalia,Arthropoda,Insecta,Diptera,NA,NA,NA,24,7/27/2017,HickoryBottoms,B,7/12/2017,142,Pool
72717HBPoolB3,OTU1797,SS,0.63,BOLD:ABX6186,Animalia,Arthropoda,Insecta,Diptera,NA,NA,NA,1,7/27/2017,HickoryBottoms,B,7/12/2017,142,Pool
72717HBPoolB3,OTU1834,SS,0.74,BOLD:AAF4632,Animalia,Arthropoda,Insecta,Diptera,NA,NA,NA,7,7/27/2017,HickoryBottoms,B,7/12/2017,142,Pool
72717HBPoolB3,OTU1854,GS,97.2,BOLD:ABV1330,Animalia,Arthropoda,Insecta,Diptera,Cecidomyiidae,NA,NA,297,7/27/2017,HickoryBottoms,B,7/12/2017,142,Pool
72717HBPoolB3,OTU1860,GS,99.4,BOLD:AAB3168,Animalia,Arthropoda,Insecta,Lepidoptera,Notodontidae,Nerice,Nerice bidentata,14,7/27/2017,HickoryBottoms,B,7/12/2017,142,Pool
72717HBPoolB3,OTU1868,US,0.0017,BOLD:ABX0950,Animalia,Arthropoda,Insecta,Coleoptera,NA,NA,NA,8,7/27/2017,HickoryBottoms,B,7/12/2017,142,Pool
72717HBPoolB3,OTU1871,SS,0.85,BOLD:AAG3848,Animalia,Arthropoda,Insecta,Diptera,Culicidae,Culex,Culex erraticus,1,7/27/2017,HickoryBottoms,B,7/12/2017,142,Pool
72717HBPoolB4,OTU1,US,0.0026,BOLD:AAD6798,Animalia,Arthropoda,Insecta,Diptera,NA,NA,NA,1211,7/27/2017,HickoryBottoms,B,7/12/2017,142,Pool
72717HBPoolB4,OTU3,GS,100,BOLD:AAP2734,Animalia,Arthropoda,Insecta,Diptera,Limoniidae,Erioptera,Erioptera parva,8735,7/27/2017,HickoryBottoms,B,7/12/2017,142,Pool
72717HBPoolB4,OTU7,GS,100,BOLD:AAF4632,Animalia,Arthropoda,Insecta,Diptera,Limoniidae,Epiphragma,Epiphragma solatrix,861,7/27/2017,HickoryBottoms,B,7/12/2017,142,Pool
72717HBPoolB4,OTU9,US,0.7924,BOLD:AAG8502,Animalia,Arthropoda,Insecta,NA,NA,NA,NA,649,7/27/2017,HickoryBottoms,B,7/12/2017,142,Pool
72717HBPoolB4,OTU15,GS,100,BOLD:ABZ0908,Animalia,Arthropoda,Insecta,Diptera,Tipulidae,Nephrotoma,Nephrotoma ferruginea,385,7/27/2017,HickoryBottoms,B,7/12/2017,142,Pool
72717HBPoolB4,OTU20,US,0.9885,BOLD:ACL8445,Animalia,Arthropoda,Insecta,Diptera,NA,NA,NA,1470,7/27/2017,HickoryBottoms,B,7/12/2017,142,Pool
72717HBPoolB4,OTU24,GS,98.9,BOLD:ABW3499,Animalia,Arthropoda,Insecta,Diptera,NA,NA,NA,534,7/27/2017,HickoryBottoms,B,7/12/2017,142,Pool
72717HBPoolB4,OTU29,US,0,BOLD:ADD1431,Animalia,Arthropoda,Arachnida,Trombidiformes,NA,NA,NA,221,7/27/2017,HickoryBottoms,B,7/12/2017,142,Pool
72717HBPoolB4,OTU52,GS,100,BOLD:AAG4399,Animalia,Arthropoda,Insecta,Hemiptera,Flatidae,Metcalfa,Metcalfa pruinosa,396,7/27/2017,HickoryBottoms,B,7/12/2017,142,Pool
72717HBPoolB4,OTU57,GS,100,BOLD:AAI1618,Animalia,Arthropoda,Insecta,Diptera,Culicidae,Coquillettidia,Coquillettidia perturbans,66,7/27/2017,HickoryBottoms,B,7/12/2017,142,Pool
72717HBPoolB4,OTU64,US,0.9925,BOLD:AAL8170,Animalia,Arthropoda,Insecta,Hymenoptera,NA,NA,NA,730,7/27/2017,HickoryBottoms,B,7/12/2017,142,Pool
72717HBPoolB4,OTU81,US,0,BOLD:ABV3248,Animalia,Arthropoda,Insecta,Diptera,NA,NA,NA,599,7/27/2017,HickoryBottoms,B,7/12/2017,142,Pool
72717HBPoolB4,OTU88,GS,100,BOLD:AAE0434,Animalia,Arthropoda,Insecta,Diptera,Culicidae,Uranotaenia,Uranotaenia sapphirina,38,7/27/2017,HickoryBottoms,B,7/12/2017,142,Pool
72717HBPoolB4,OTU89,GS,98.3,BOLD:ABW2415,Animalia,Arthropoda,Insecta,Diptera,Tipulidae,Nephrotoma,Nephrotoma okefenoke,1013,7/27/2017,HickoryBottoms,B,7/12/2017,142,Pool
72717HBPoolB4,OTU100,US,0,BOLD:ACD6759,Animalia,Arthropoda,Insecta,Hymenoptera,NA,NA,NA,3182,7/27/2017,HickoryBottoms,B,7/12/2017,142,Pool
72717HBPoolB4,OTU110,GS,99.4,BOLD:AAJ0542,Animalia,Arthropoda,Arachnida,Araneae,Theridiidae,Euryopis,Euryopis funebris,51,7/27/2017,HickoryBottoms,B,7/12/2017,142,Pool
72717HBPoolB4,OTU115,GS,100,BOLD:AAA4942,Animalia,Arthropoda,Arachnida,Araneae,Tetragnathidae,Tetragnatha,Tetragnatha elongata,39,7/27/2017,HickoryBottoms,B,7/12/2017,142,Pool
72717HBPoolB4,OTU116,GS,100,BOLD:AAG0758,Animalia,Arthropoda,Insecta,Coleoptera,Pyrochroidae,Dendroides,Dendroides canadensis,47,7/27/2017,HickoryBottoms,B,7/12/2017,142,Pool
72717HBPoolB4,OTU118,US,1,None,Animalia,Arthropoda,Arachnida,Mesostigmata,NA,NA,NA,101,7/27/2017,HickoryBottoms,B,7/12/2017,142,Pool
72717HBPoolB4,OTU141,GS,100,BOLD:ABX6186,Animalia,Arthropoda,Insecta,Diptera,Tipulidae,Nephrotoma,Nephrotoma ferruginea,142,7/27/2017,HickoryBottoms,B,7/12/2017,142,Pool
72717HBPoolB4,OTU143,SS,0.21,BOLD:ACW8718,Animalia,Arthropoda,Insecta,Diptera,NA,NA,NA,48,7/27/2017,HickoryBottoms,B,7/12/2017,142,Pool
72717HBPoolB4,OTU146,GS,99.4,BOLD:ABV9238,Animalia,Arthropoda,Insecta,Diptera,Limoniidae,Gonomyia,NA,88,7/27/2017,HickoryBottoms,B,7/12/2017,142,Pool
72717HBPoolB4,OTU148,GS,100,BOLD:AAK7352,Animalia,Arthropoda,Arachnida,Araneae,Araneidae,Metepeira,Metepeira labyrinthea,18,7/27/2017,HickoryBottoms,B,7/12/2017,142,Pool
72717HBPoolB4,OTU157,US,0,BOLD:ACJ3184,Animalia,Arthropoda,Insecta,Hymenoptera,NA,NA,NA,24,7/27/2017,HickoryBottoms,B,7/12/2017,142,Pool
72717HBPoolB4,OTU158,GS,100,BOLD:AAH3230,Animalia,Arthropoda,Insecta,Psocodea,Psocidae,NA,NA,19,7/27/2017,HickoryBottoms,B,7/12/2017,142,Pool
72717HBPoolB4,OTU165,US,0.9936,BOLD:ACF8271,Animalia,Arthropoda,Insecta,Diptera,NA,NA,NA,33,7/27/2017,HickoryBottoms,B,7/12/2017,142,Pool
72717HBPoolB4,OTU168,GS,100,BOLD:AAC3609,Animalia,Arthropoda,Insecta,Lepidoptera,Euteliidae,Paectes,Paectes abrostoloides,409,7/27/2017,HickoryBottoms,B,7/12/2017,142,Pool
72717HBPoolB4,OTU173,GS,99.4,BOLD:ABA7621,Animalia,Arthropoda,Insecta,Diptera,Tipulidae,Dolichopeza,Dolichopeza walleyi,111,7/27/2017,HickoryBottoms,B,7/12/2017,142,Pool
72717HBPoolB4,OTU175,GS,99.4,BOLD:AAC7367,Animalia,Arthropoda,Insecta,Lepidoptera,Tineidae,Isocorypha,Isocorypha mediostriatella,15,7/27/2017,HickoryBottoms,B,7/12/2017,142,Pool
72717HBPoolB4,OTU180,GS,100,BOLD:AAM8933,Animalia,Arthropoda,Insecta,Psocodea,Amphipsocidae,Polypsocus,Polypsocus corruptus,16,7/27/2017,HickoryBottoms,B,7/12/2017,142,Pool
72717HBPoolB4,OTU190,GS,100,BOLD:ABY7666,Animalia,Arthropoda,Insecta,Diptera,Culicidae,Culex,Culex territans,41,7/27/2017,HickoryBottoms,B,7/12/2017,142,Pool
72717HBPoolB4,OTU192,SS,0.12,BOLD:ACF9102,Animalia,Arthropoda,Insecta,Diptera,NA,NA,NA,113,7/27/2017,HickoryBottoms,B,7/12/2017,142,Pool
72717HBPoolB4,OTU202,US,0.9967,BOLD:ACF8271,Animalia,Arthropoda,Insecta,Hymenoptera,NA,NA,NA,30,7/27/2017,HickoryBottoms,B,7/12/2017,142,Pool
72717HBPoolB4,OTU203,GS,100,BOLD:AAB0603,Animalia,Arthropoda,Insecta,Lepidoptera,Gelechiidae,Pseudotelphusa,Pseudotelphusa quercinigracella,14,7/27/2017,HickoryBottoms,B,7/12/2017,142,Pool
72717HBPoolB4,OTU212,US,1,BOLD:ACE7661,Animalia,Arthropoda,Arachnida,Araneae,NA,NA,NA,8,7/27/2017,HickoryBottoms,B,7/12/2017,142,Pool
72717HBPoolB4,OTU218,GS,100,BOLD:AAA4274,Animalia,Arthropoda,Insecta,Lepidoptera,Tineidae,Acrolophus,Acrolophus texanella,15,7/27/2017,HickoryBottoms,B,7/12/2017,142,Pool
72717HBPoolB4,OTU219,GS,100,BOLD:AAD1855,Animalia,Arthropoda,Insecta,Lepidoptera,Tortricidae,Episimus,Episimus tyrius,9,7/27/2017,HickoryBottoms,B,7/12/2017,142,Pool
72717HBPoolB4,OTU230,GS,100,BOLD:AAG3850,Animalia,Arthropoda,Insecta,Diptera,Culicidae,Psorophora,Psorophora columbiae,96,7/27/2017,HickoryBottoms,B,7/12/2017,142,Pool
72717HBPoolB4,OTU232,US,0.986,BOLD:ACO0742,Animalia,Arthropoda,Insecta,Lepidoptera,NA,NA,NA,1138,7/27/2017,HickoryBottoms,B,7/12/2017,142,Pool
72717HBPoolB4,OTU239,GS,100,BOLD:ABW2526,Animalia,Arthropoda,Insecta,Diptera,Tabanidae,Tabanus,NA,23,7/27/2017,HickoryBottoms,B,7/12/2017,142,Pool
72717HBPoolB4,OTU244,GS,100,BOLD:AAB1096,Animalia,Arthropoda,Insecta,Lepidoptera,Blastobasidae,Blastobasis,Blastobasis glandulella,17,7/27/2017,HickoryBottoms,B,7/12/2017,142,Pool
72717HBPoolB4,OTU257,GS,100,BOLD:AAA5803,Animalia,Arthropoda,Insecta,Hemiptera,Miridae,Lygus,Lygus lineolaris,253,7/27/2017,HickoryBottoms,B,7/12/2017,142,Pool
72717HBPoolB4,OTU261,GS,99.4,BOLD:ACE7664,Animalia,Arthropoda,Insecta,Lepidoptera,Erebidae,Spilosoma,Spilosoma virginica,704,7/27/2017,HickoryBottoms,B,7/12/2017,142,Pool
72717HBPoolB4,OTU301,GS,100,BOLD:ABV1330,Animalia,Arthropoda,Insecta,Diptera,Cecidomyiidae,NA,NA,935,7/27/2017,HickoryBottoms,B,7/12/2017,142,Pool
72717HBPoolB4,OTU305,US,0.9881,BOLD:AAQ0487,Animalia,Arthropoda,Insecta,Diptera,NA,NA,NA,1382,7/27/2017,HickoryBottoms,B,7/12/2017,142,Pool
72717HBPoolB4,OTU325,GS,100,BOLD:AAB6013,Animalia,Arthropoda,Insecta,Lepidoptera,Tortricidae,Phaecasiophora,Phaecasiophora confixana,40,7/27/2017,HickoryBottoms,B,7/12/2017,142,Pool
72717HBPoolB4,OTU346,US,0,None,Animalia,Arthropoda,Insecta,Hymenoptera,NA,NA,NA,33,7/27/2017,HickoryBottoms,B,7/12/2017,142,Pool
72717HBPoolB4,OTU347,GS,100,BOLD:AAD2111,Animalia,Arthropoda,Arachnida,Araneae,Thomisidae,Tmarus,Tmarus angulatus,10,7/27/2017,HickoryBottoms,B,7/12/2017,142,Pool
72717HBPoolB4,OTU374,US,0,BOLD:ACT8457,Animalia,Arthropoda,Insecta,Hymenoptera,NA,NA,NA,74,7/27/2017,HickoryBottoms,B,7/12/2017,142,Pool
72717HBPoolB4,OTU384,GS,99.4,BOLD:AAF9312,Animalia,Arthropoda,Insecta,Diptera,Psychodidae,NA,NA,12,7/27/2017,HickoryBottoms,B,7/12/2017,142,Pool
72717HBPoolB4,OTU396,SS,0.98,BOLD:AAP2734,Animalia,Arthropoda,Insecta,Diptera,Limoniidae,Erioptera,Erioptera parva,146,7/27/2017,HickoryBottoms,B,7/12/2017,142,Pool
72717HBPoolB4,OTU400,SS,0.32,BOLD:ACR6355,Animalia,Arthropoda,Insecta,Diptera,NA,NA,NA,1591,7/27/2017,HickoryBottoms,B,7/12/2017,142,Pool
72717HBPoolB4,OTU407,GS,99.4,BOLD:AAK8831,Animalia,Arthropoda,Insecta,Diptera,Limoniidae,Metalimnobia,Metalimnobia cinctipes,169,7/27/2017,HickoryBottoms,B,7/12/2017,142,Pool
72717HBPoolB4,OTU436,GS,100,BOLD:AAC7431,Animalia,Arthropoda,Insecta,Lepidoptera,Nymphalidae,Asterocampa,Asterocampa clyton,174,7/27/2017,HickoryBottoms,B,7/12/2017,142,Pool
72717HBPoolB4,OTU451,US,1,None,Animalia,Arthropoda,Insecta,Hymenoptera,NA,NA,NA,35,7/27/2017,HickoryBottoms,B,7/12/2017,142,Pool
72717HBPoolB4,OTU452,GS,99.4,BOLD:ACM1046,Animalia,Arthropoda,Insecta,Diptera,Chironomidae,NA,NA,256,7/27/2017,HickoryBottoms,B,7/12/2017,142,Pool
72717HBPoolB4,OTU466,SS,0.16,BOLD:AAI3871,Animalia,Arthropoda,Insecta,Lepidoptera,NA,NA,NA,12,7/27/2017,HickoryBottoms,B,7/12/2017,142,Pool
72717HBPoolB4,OTU484,US,0.2259,BOLD:ACT8191,Animalia,Arthropoda,Arachnida,Araneae,NA,NA,NA,17,7/27/2017,HickoryBottoms,B,7/12/2017,142,Pool
72717HBPoolB4,OTU508,GS,100,BOLD:AAC0958,Animalia,Arthropoda,Insecta,Lepidoptera,Tortricidae,Hulda,Hulda impudens,13,7/27/2017,HickoryBottoms,B,7/12/2017,142,Pool
72717HBPoolB4,OTU509,GS,100,BOLD:AAB8437,Animalia,Arthropoda,Insecta,Diptera,Tachinidae,Actia,Actia interrupta,14,7/27/2017,HickoryBottoms,B,7/12/2017,142,Pool
72717HBPoolB4,OTU513,SS,0.71,BOLD:ABY8891,Animalia,Arthropoda,Insecta,Diptera,NA,NA,NA,1904,7/27/2017,HickoryBottoms,B,7/12/2017,142,Pool
72717HBPoolB4,OTU524,GS,100,BOLD:AAD2126,Animalia,Arthropoda,Insecta,Lepidoptera,Psychidae,Thyridopteryx,Thyridopteryx ephemeraeformis,13,7/27/2017,HickoryBottoms,B,7/12/2017,142,Pool
72717HBPoolB4,OTU543,GS,100,BOLD:AAA7928,Animalia,Arthropoda,Insecta,Lepidoptera,Blastobasidae,Blastobasis,Blastobasis taurusella,9,7/27/2017,HickoryBottoms,B,7/12/2017,142,Pool
72717HBPoolB4,OTU552,GS,100,BOLD:ADF3721,Animalia,Arthropoda,Insecta,Diptera,Cecidomyiidae,NA,NA,8,7/27/2017,HickoryBottoms,B,7/12/2017,142,Pool
72717HBPoolB4,OTU571,GS,100,BOLD:AAD1986,Animalia,Arthropoda,Arachnida,Araneae,Thomisidae,Xysticus,Xysticus ferox,30,7/27/2017,HickoryBottoms,B,7/12/2017,142,Pool
72717HBPoolB4,OTU610,GS,99.4,BOLD:AAG2712,Animalia,Arthropoda,Insecta,Orthoptera,Tettigoniidae,Scudderia,Scudderia furcata,51,7/27/2017,HickoryBottoms,B,7/12/2017,142,Pool
72717HBPoolB4,OTU637,US,0.9934,BOLD:AAH6851,Animalia,Arthropoda,Insecta,Coleoptera,NA,NA,NA,15,7/27/2017,HickoryBottoms,B,7/12/2017,142,Pool
72717HBPoolB4,OTU669,GS,100,BOLD:AAB0917,Animalia,Arthropoda,Insecta,Lepidoptera,Saturniidae,Actias,Actias luna,158,7/27/2017,HickoryBottoms,B,7/12/2017,142,Pool
72717HBPoolB4,OTU690,GS,100,BOLD:AAN5162,Animalia,Arthropoda,Insecta,Diptera,Ceratopogonidae,Dasyhelea,NA,40,7/27/2017,HickoryBottoms,B,7/12/2017,142,Pool
72717HBPoolB4,OTU698,GS,99.4,BOLD:ACY2331,Animalia,Arthropoda,Insecta,Diptera,Stratiomyidae,NA,NA,16,7/27/2017,HickoryBottoms,B,7/12/2017,142,Pool
72717HBPoolB4,OTU731,US,0.9803,BOLD:ACL2176,Animalia,Arthropoda,Arachnida,Trombidiformes,NA,NA,NA,121,7/27/2017,HickoryBottoms,B,7/12/2017,142,Pool
72717HBPoolB4,OTU753,US,0,BOLD:ACA1260,Animalia,Arthropoda,Arachnida,Araneae,NA,NA,NA,32,7/27/2017,HickoryBottoms,B,7/12/2017,142,Pool
72717HBPoolB4,OTU769,GS,100,BOLD:AAE8646,Animalia,Arthropoda,Insecta,Hymenoptera,Formicidae,Solenopsis,Solenopsis molesta,4,7/27/2017,HickoryBottoms,B,7/12/2017,142,Pool
72717HBPoolB4,OTU777,US,0,BOLD:AAM1497,Animalia,Arthropoda,Insecta,Hymenoptera,NA,NA,NA,40,7/27/2017,HickoryBottoms,B,7/12/2017,142,Pool
72717HBPoolB4,OTU786,SS,0.09,BOLD:AAM5298,Animalia,Arthropoda,Insecta,Lepidoptera,NA,NA,NA,9,7/27/2017,HickoryBottoms,B,7/12/2017,142,Pool
72717HBPoolB4,OTU809,SS,0.3,BOLD:ACC8458,Animalia,Arthropoda,Collembola,Entomobryomorpha,NA,NA,NA,85,7/27/2017,HickoryBottoms,B,7/12/2017,142,Pool
72717HBPoolB4,OTU824,GS,100,BOLD:AAI1938,Animalia,Arthropoda,Arachnida,Araneae,Lycosidae,Tigrosa,Tigrosa grandis,22,7/27/2017,HickoryBottoms,B,7/12/2017,142,Pool
72717HBPoolB4,OTU827,US,0,BOLD:ACQ9987,Animalia,Arthropoda,Insecta,Hemiptera,NA,NA,NA,27,7/27/2017,HickoryBottoms,B,7/12/2017,142,Pool
72717HBPoolB4,OTU857,GS,100,BOLD:AAC9885,Animalia,Arthropoda,Insecta,Lepidoptera,Tortricidae,Acleris,Acleris negundana,32,7/27/2017,HickoryBottoms,B,7/12/2017,142,Pool
72717HBPoolB4,OTU871,GS,100,BOLD:AAA6740,Animalia,Arthropoda,Insecta,Lepidoptera,Tortricidae,Proteoteras,Proteoteras aesculana,1,7/27/2017,HickoryBottoms,B,7/12/2017,142,Pool
72717HBPoolB4,OTU885,GS,99.4,BOLD:ACF9355,Animalia,Arthropoda,Arachnida,Trombidiformes,Erythraeidae,NA,NA,10,7/27/2017,HickoryBottoms,B,7/12/2017,142,Pool
72717HBPoolB4,OTU892,GS,99.4,BOLD:AAN5393,Animalia,Arthropoda,Insecta,Diptera,Chironomidae,NA,NA,162,7/27/2017,HickoryBottoms,B,7/12/2017,142,Pool
72717HBPoolB4,OTU900,GS,100,BOLD:AAN6333,Animalia,Arthropoda,Arachnida,Araneae,Theridiidae,Theridion,Theridion albidum,51,7/27/2017,HickoryBottoms,B,7/12/2017,142,Pool
72717HBPoolB4,OTU933,GS,100,BOLD:AAD7817,Animalia,Arthropoda,Arachnida,Araneae,Salticidae,Zygoballus,Zygoballus rufipes,48,7/27/2017,HickoryBottoms,B,7/12/2017,142,Pool
72717HBPoolB4,OTU975,US,0,BOLD:ACO7589,Animalia,Arthropoda,Insecta,Diptera,NA,NA,NA,4,7/27/2017,HickoryBottoms,B,7/12/2017,142,Pool
72717HBPoolB4,OTU977,GS,100,BOLD:AAZ1829,Animalia,Arthropoda,Insecta,Hemiptera,Cicadellidae,Draeculacephala,Draeculacephala mollipes,5,7/27/2017,HickoryBottoms,B,7/12/2017,142,Pool
72717HBPoolB4,OTU990,GS,100,BOLD:AAB2142,Animalia,Arthropoda,Insecta,Lepidoptera,Limacodidae,Prolimacodes,Prolimacodes badia,43,7/27/2017,HickoryBottoms,B,7/12/2017,142,Pool
72717HBPoolB4,OTU1048,US,0,BOLD:AAY5963,Animalia,Arthropoda,Collembola,Symphypleona,NA,NA,NA,67,7/27/2017,HickoryBottoms,B,7/12/2017,142,Pool
72717HBPoolB4,OTU1072,SS,0.54,BOLD:ABV9238,Animalia,Arthropoda,Insecta,Diptera,NA,NA,NA,50,7/27/2017,HickoryBottoms,B,7/12/2017,142,Pool
72717HBPoolB4,OTU1092,US,0.9967,BOLD:ACO6848,Animalia,Arthropoda,Insecta,Hymenoptera,NA,NA,NA,43,7/27/2017,HickoryBottoms,B,7/12/2017,142,Pool
72717HBPoolB4,OTU1095,GS,100,BOLD:ABX3739,Animalia,Arthropoda,Insecta,Hemiptera,Cicadellidae,Ponana,NA,36,7/27/2017,HickoryBottoms,B,7/12/2017,142,Pool
72717HBPoolB4,OTU1117,US,0.9973,BOLD:ADF3721,Animalia,Arthropoda,Insecta,Diptera,NA,NA,NA,4,7/27/2017,HickoryBottoms,B,7/12/2017,142,Pool
72717HBPoolB4,OTU1120,SS,0.33,BOLD:ACN0279,Animalia,Arthropoda,Insecta,Diptera,NA,NA,NA,37,7/27/2017,HickoryBottoms,B,7/12/2017,142,Pool
72717HBPoolB4,OTU1186,SS,0.67,BOLD:ACA4518,Animalia,Arthropoda,Insecta,Diptera,NA,NA,NA,47,7/27/2017,HickoryBottoms,B,7/12/2017,142,Pool
72717HBPoolB4,OTU1210,GS,97.2,BOLD:AAF4632,Animalia,Arthropoda,Insecta,Diptera,Limoniidae,Epiphragma,Epiphragma solatrix,45,7/27/2017,HickoryBottoms,B,7/12/2017,142,Pool
72717HBPoolB4,OTU1223,GS,97.8,BOLD:ABV9238,Animalia,Arthropoda,Insecta,Diptera,Limoniidae,Gonomyia,NA,8,7/27/2017,HickoryBottoms,B,7/12/2017,142,Pool
72717HBPoolB4,OTU1231,GS,99.4,BOLD:AAD9052,Animalia,Arthropoda,Insecta,Lepidoptera,Elachistidae,Elachista,Elachista illectella,40,7/27/2017,HickoryBottoms,B,7/12/2017,142,Pool
72717HBPoolB4,OTU1242,GS,98.9,BOLD:AAW9539,Animalia,Arthropoda,Insecta,Diptera,Culicidae,Orthopodomyia,Orthopodomyia signifera,5,7/27/2017,HickoryBottoms,B,7/12/2017,142,Pool
72717HBPoolB4,OTU1249,US,1,BOLD:ACB3455,Animalia,Arthropoda,Insecta,Lepidoptera,NA,NA,NA,50,7/27/2017,HickoryBottoms,B,7/12/2017,142,Pool
72717HBPoolB4,OTU1265,SS,0.83,BOLD:AAF4632,Animalia,Arthropoda,Insecta,Diptera,Limoniidae,Epiphragma,Epiphragma solatrix,3,7/27/2017,HickoryBottoms,B,7/12/2017,142,Pool
72717HBPoolB4,OTU1275,US,1,BOLD:AAI6398,Animalia,Arthropoda,Insecta,Hymenoptera,NA,NA,NA,12,7/27/2017,HickoryBottoms,B,7/12/2017,142,Pool
72717HBPoolB4,OTU1282,GS,99.4,BOLD:ACU7477,Animalia,Arthropoda,Insecta,Diptera,Tachinidae,NA,NA,8,7/27/2017,HickoryBottoms,B,7/12/2017,142,Pool
72717HBPoolB4,OTU1283,US,0.0788,BOLD:ADC1424,Animalia,Arthropoda,Arachnida,Araneae,NA,NA,NA,30,7/27/2017,HickoryBottoms,B,7/12/2017,142,Pool
72717HBPoolB4,OTU1290,US,0.2887,None,Animalia,Arthropoda,Insecta,Hemiptera,NA,NA,NA,59,7/27/2017,HickoryBottoms,B,7/12/2017,142,Pool
72717HBPoolB4,OTU1292,GS,97.8,BOLD:AAN5882,Animalia,Arthropoda,Insecta,Diptera,Limoniidae,Erioptera,Erioptera caliptera,4,7/27/2017,HickoryBottoms,B,7/12/2017,142,Pool
72717HBPoolB4,OTU1301,US,0.0788,BOLD:ADC1424,Animalia,Arthropoda,Arachnida,Araneae,NA,NA,NA,29,7/27/2017,HickoryBottoms,B,7/12/2017,142,Pool
72717HBPoolB4,OTU1318,SS,0.75,BOLD:ABV9403,Animalia,Arthropoda,Insecta,NA,NA,NA,NA,3,7/27/2017,HickoryBottoms,B,7/12/2017,142,Pool
72717HBPoolB4,OTU1337,GS,98.9,BOLD:ACQ1836,Animalia,Arthropoda,Insecta,Hymenoptera,Braconidae,Cotesia,NA,17,7/27/2017,HickoryBottoms,B,7/12/2017,142,Pool
72717HBPoolB4,OTU1341,US,0,None,Animalia,Arthropoda,Arachnida,Trombidiformes,NA,NA,NA,25,7/27/2017,HickoryBottoms,B,7/12/2017,142,Pool
72717HBPoolB4,OTU1365,GS,100,BOLD:AAA7653,Animalia,Arthropoda,Insecta,Lepidoptera,Notodontidae,Datana,Datana integerrima,28,7/27/2017,HickoryBottoms,B,7/12/2017,142,Pool
72717HBPoolB4,OTU1403,SS,0.36,BOLD:ACV0130,Animalia,Arthropoda,Insecta,Diptera,NA,NA,NA,3,7/27/2017,HickoryBottoms,B,7/12/2017,142,Pool
72717HBPoolB4,OTU1429,US,0.9934,BOLD:ABW8929,Animalia,Arthropoda,Maxillopoda,Cyclopoida,NA,NA,NA,22,7/27/2017,HickoryBottoms,B,7/12/2017,142,Pool
72717HBPoolB4,OTU1460,US,0.4,None,Animalia,Arthropoda,Arachnida,Araneae,NA,NA,NA,1,7/27/2017,HickoryBottoms,B,7/12/2017,142,Pool
72717HBPoolB4,OTU1480,US,0.9249,BOLD:AAN5882,Animalia,Arthropoda,Insecta,Diptera,NA,NA,NA,3,7/27/2017,HickoryBottoms,B,7/12/2017,142,Pool
72717HBPoolB4,OTU1486,GS,100,BOLD:AAH7142,Animalia,Arthropoda,Insecta,Diptera,Sarcophagidae,Oxysarcodexia,Oxysarcodexia ventricosa,34,7/27/2017,HickoryBottoms,B,7/12/2017,142,Pool
72717HBPoolB4,OTU1494,US,0.8732,BOLD:AAF4632,Animalia,Arthropoda,Insecta,Diptera,NA,NA,NA,16,7/27/2017,HickoryBottoms,B,7/12/2017,142,Pool
72717HBPoolB4,OTU1497,SS,0.97,BOLD:AAI1618,Animalia,Arthropoda,Insecta,Diptera,Culicidae,Coquillettidia,Coquillettidia perturbans,9,7/27/2017,HickoryBottoms,B,7/12/2017,142,Pool
72717HBPoolB4,OTU1513,GS,97.8,BOLD:ACL2801,Animalia,Arthropoda,Insecta,Diptera,Tipulidae,Nephrotoma,Nephrotoma macrocera,3,7/27/2017,HickoryBottoms,B,7/12/2017,142,Pool
72717HBPoolB4,OTU1524,SS,0.4,BOLD:AAB4070,Animalia,Arthropoda,Insecta,Lepidoptera,NA,NA,NA,4,7/27/2017,HickoryBottoms,B,7/12/2017,142,Pool
72717HBPoolB4,OTU1554,SS,0.92,BOLD:AAP2734,Animalia,Arthropoda,Insecta,Diptera,Limoniidae,Erioptera,Erioptera parva,85,7/27/2017,HickoryBottoms,B,7/12/2017,142,Pool
72717HBPoolB4,OTU1556,GS,100,BOLD:AAA8638,Animalia,Arthropoda,Insecta,Lepidoptera,Nymphalidae,Vanessa,Vanessa atalanta,24,7/27/2017,HickoryBottoms,B,7/12/2017,142,Pool
72717HBPoolB4,OTU1574,GS,100,BOLD:AAV8368,Animalia,Arthropoda,Insecta,Lepidoptera,Nepticulidae,Stigmella,Stigmella saginella,35,7/27/2017,HickoryBottoms,B,7/12/2017,142,Pool
72717HBPoolB4,OTU1671,US,0.9881,BOLD:ACE0264,Animalia,Arthropoda,Insecta,Hymenoptera,NA,NA,NA,17,7/27/2017,HickoryBottoms,B,7/12/2017,142,Pool
72717HBPoolB4,OTU1714,SS,0.8,BOLD:ABX6186,Animalia,Arthropoda,Insecta,Diptera,Tipulidae,Nephrotoma,Nephrotoma ferruginea,2,7/27/2017,HickoryBottoms,B,7/12/2017,142,Pool
72717HBPoolB4,OTU1724,US,0.8732,BOLD:ABW0552,Animalia,Arthropoda,Insecta,Lepidoptera,NA,NA,NA,21,7/27/2017,HickoryBottoms,B,7/12/2017,142,Pool
72717HBPoolB4,OTU1751,US,0,BOLD:AAD7964,Animalia,Arthropoda,Insecta,Hymenoptera,NA,NA,NA,5,7/27/2017,HickoryBottoms,B,7/12/2017,142,Pool
72717HBPoolB4,OTU1764,US,0.9934,BOLD:ACQ7934,Animalia,Arthropoda,Insecta,Hymenoptera,NA,NA,NA,19,7/27/2017,HickoryBottoms,B,7/12/2017,142,Pool
72717HBPoolB4,OTU1771,US,0,BOLD:ACI5292,Animalia,Arthropoda,Insecta,Diptera,NA,NA,NA,17,7/27/2017,HickoryBottoms,B,7/12/2017,142,Pool
72717HBPoolB4,OTU1774,SS,0.08,BOLD:ABU9995,Animalia,Arthropoda,Insecta,Diptera,NA,NA,NA,2,7/27/2017,HickoryBottoms,B,7/12/2017,142,Pool
72717HBPoolB4,OTU1795,US,0.9963,BOLD:AAG3179,Animalia,Arthropoda,Insecta,Diptera,NA,NA,NA,17,7/27/2017,HickoryBottoms,B,7/12/2017,142,Pool
72717HBPoolB4,OTU1818,GS,97.9,BOLD:AAF4632,Animalia,Arthropoda,Insecta,Diptera,Limoniidae,Epiphragma,Epiphragma solatrix,1,7/27/2017,HickoryBottoms,B,7/12/2017,142,Pool
72717HBPoolB4,OTU1824,US,0.0049,BOLD:AAB3269,Animalia,Arthropoda,Insecta,Diptera,NA,NA,NA,2,7/27/2017,HickoryBottoms,B,7/12/2017,142,Pool
72717HBPoolB4,OTU1834,SS,0.74,BOLD:AAF4632,Animalia,Arthropoda,Insecta,Diptera,NA,NA,NA,3,7/27/2017,HickoryBottoms,B,7/12/2017,142,Pool
72717HBPoolB4,OTU1854,GS,97.2,BOLD:ABV1330,Animalia,Arthropoda,Insecta,Diptera,Cecidomyiidae,NA,NA,349,7/27/2017,HickoryBottoms,B,7/12/2017,142,Pool
72717HBPoolB4,OTU1855,US,0,BOLD:ABA9389,Animalia,Arthropoda,Insecta,Hymenoptera,NA,NA,NA,13,7/27/2017,HickoryBottoms,B,7/12/2017,142,Pool
72717HBPoolB4,OTU1884,US,0.9925,None,Animalia,Arthropoda,Insecta,Diptera,NA,NA,NA,5,7/27/2017,HickoryBottoms,B,7/12/2017,142,Pool
72717HBPoolC1,OTU1,US,0.0026,BOLD:AAD6798,Animalia,Arthropoda,Insecta,Diptera,NA,NA,NA,266,7/27/2017,HickoryBottoms,C,7/12/2017,68,Pool
72717HBPoolC1,OTU3,GS,100,BOLD:AAP2734,Animalia,Arthropoda,Insecta,Diptera,Limoniidae,Erioptera,Erioptera parva,1397,7/27/2017,HickoryBottoms,C,7/12/2017,68,Pool
72717HBPoolC1,OTU5,GS,99.4,BOLD:AAN5451,Animalia,Arthropoda,Arachnida,Araneae,Araneidae,Eustala,NA,1101,7/27/2017,HickoryBottoms,C,7/12/2017,68,Pool
72717HBPoolC1,OTU7,GS,100,BOLD:AAF4632,Animalia,Arthropoda,Insecta,Diptera,Limoniidae,Epiphragma,Epiphragma solatrix,1096,7/27/2017,HickoryBottoms,C,7/12/2017,68,Pool
72717HBPoolC1,OTU12,GS,100,BOLD:AAE5173,Animalia,Arthropoda,Insecta,Diptera,Psychodidae,PschodididGC,NA,1502,7/27/2017,HickoryBottoms,C,7/12/2017,68,Pool
72717HBPoolC1,OTU17,GS,100,BOLD:AAB3702,Animalia,Arthropoda,Insecta,Trichoptera,Hydropsychidae,Potamyia,Potamyia flava,157,7/27/2017,HickoryBottoms,C,7/12/2017,68,Pool
72717HBPoolC1,OTU29,US,0,BOLD:ADD1431,Animalia,Arthropoda,Arachnida,Trombidiformes,NA,NA,NA,336,7/27/2017,HickoryBottoms,C,7/12/2017,68,Pool
72717HBPoolC1,OTU57,GS,100,BOLD:AAI1618,Animalia,Arthropoda,Insecta,Diptera,Culicidae,Coquillettidia,Coquillettidia perturbans,149,7/27/2017,HickoryBottoms,C,7/12/2017,68,Pool
72717HBPoolC1,OTU65,GS,100,BOLD:AAA1517,Animalia,Arthropoda,Insecta,Lepidoptera,Tortricidae,Choristoneura,Choristoneura rosaceana,140,7/27/2017,HickoryBottoms,C,7/12/2017,68,Pool
72717HBPoolC1,OTU74,GS,100,BOLD:AAB0274,Animalia,Arthropoda,Insecta,Lepidoptera,Erebidae,Cycnia,Cycnia tenera,9673,7/27/2017,HickoryBottoms,C,7/12/2017,68,Pool
72717HBPoolC1,OTU91,GS,99.4,BOLD:AAU8053,Animalia,Arthropoda,Malacostraca,Isopoda,Armadillidiidae,Armadillidium,Armadillidium nasatum,758,7/27/2017,HickoryBottoms,C,7/12/2017,68,Pool
72717HBPoolC1,OTU94,US,0,BOLD:ACO4929,Animalia,Arthropoda,Insecta,Hymenoptera,NA,NA,NA,53,7/27/2017,HickoryBottoms,C,7/12/2017,68,Pool
72717HBPoolC1,OTU131,US,0.9919,BOLD:AAL9946,Animalia,Arthropoda,Insecta,Diptera,NA,NA,NA,1625,7/27/2017,HickoryBottoms,C,7/12/2017,68,Pool
72717HBPoolC1,OTU136,GS,100,BOLD:AAJ2208,Animalia,Arthropoda,Insecta,Diptera,Limoniidae,Limonia,Limonia immatura,82,7/27/2017,HickoryBottoms,C,7/12/2017,68,Pool
72717HBPoolC1,OTU148,GS,100,BOLD:AAK7352,Animalia,Arthropoda,Arachnida,Araneae,Araneidae,Metepeira,Metepeira labyrinthea,1189,7/27/2017,HickoryBottoms,C,7/12/2017,68,Pool
72717HBPoolC1,OTU160,GS,99.4,BOLD:ABY9321,Animalia,Arthropoda,Insecta,Lepidoptera,Erebidae,Apantesis,Apantesis phalerata,96,7/27/2017,HickoryBottoms,C,7/12/2017,68,Pool
72717HBPoolC1,OTU183,GS,100,BOLD:AAB2305,Animalia,Arthropoda,Insecta,Lepidoptera,Geometridae,Digrammia,Digrammia gnophosaria,76,7/27/2017,HickoryBottoms,C,7/12/2017,68,Pool
72717HBPoolC1,OTU192,SS,0.12,BOLD:ACF9102,Animalia,Arthropoda,Insecta,Diptera,NA,NA,NA,178,7/27/2017,HickoryBottoms,C,7/12/2017,68,Pool
72717HBPoolC1,OTU203,GS,100,BOLD:AAB0603,Animalia,Arthropoda,Insecta,Lepidoptera,Gelechiidae,Pseudotelphusa,Pseudotelphusa quercinigracella,76,7/27/2017,HickoryBottoms,C,7/12/2017,68,Pool
72717HBPoolC1,OTU220,GS,98.3,BOLD:ABA0311,Animalia,Arthropoda,Insecta,Hymenoptera,Ichneumonidae,Charops,Charops WahlJ/H,109,7/27/2017,HickoryBottoms,C,7/12/2017,68,Pool
72717HBPoolC1,OTU224,US,0.9934,BOLD:AAV1603,Animalia,Arthropoda,Insecta,Diptera,NA,NA,NA,1554,7/27/2017,HickoryBottoms,C,7/12/2017,68,Pool
72717HBPoolC1,OTU230,GS,100,BOLD:AAG3850,Animalia,Arthropoda,Insecta,Diptera,Culicidae,Psorophora,Psorophora columbiae,956,7/27/2017,HickoryBottoms,C,7/12/2017,68,Pool
72717HBPoolC1,OTU241,US,0.9963,BOLD:AAZ5765,Animalia,Arthropoda,Insecta,Coleoptera,NA,NA,NA,230,7/27/2017,HickoryBottoms,C,7/12/2017,68,Pool
72717HBPoolC1,OTU242,GS,100,BOLD:ACD9132,Animalia,Arthropoda,Insecta,Hemiptera,Rhyparochromidae,Perigenes,Perigenes constrictus,589,7/27/2017,HickoryBottoms,C,7/12/2017,68,Pool
72717HBPoolC1,OTU254,GS,100,BOLD:AAG8977,Animalia,Arthropoda,Insecta,Hemiptera,Derbidae,Apache,Apache degeerii,27,7/27/2017,HickoryBottoms,C,7/12/2017,68,Pool
72717HBPoolC1,OTU271,GS,98.9,BOLD:ABX3627,Animalia,Arthropoda,Insecta,Diptera,Limoniidae,NA,NA,70,7/27/2017,HickoryBottoms,C,7/12/2017,68,Pool
72717HBPoolC1,OTU274,SS,0.94,BOLD:AAD6072,Animalia,Arthropoda,Insecta,Ephemeroptera,Baetidae,Centroptilum,Centroptilum triangulifer,1310,7/27/2017,HickoryBottoms,C,7/12/2017,68,Pool
72717HBPoolC1,OTU300,GS,100,BOLD:AAA8310,Animalia,Arthropoda,Insecta,Lepidoptera,Crambidae,Anageshna,Anageshna primordialis,252,7/27/2017,HickoryBottoms,C,7/12/2017,68,Pool
72717HBPoolC1,OTU336,GS,100,BOLD:ABZ4680,Animalia,Arthropoda,Insecta,Lepidoptera,Noctuidae,Lacinipolia,Lacinipolia renigera,208,7/27/2017,HickoryBottoms,C,7/12/2017,68,Pool
72717HBPoolC1,OTU340,GS,100,BOLD:AAA6129,Animalia,Arthropoda,Insecta,Lepidoptera,NA,NA,NA,26,7/27/2017,HickoryBottoms,C,7/12/2017,68,Pool
72717HBPoolC1,OTU342,GS,99.4,BOLD:AAI1931,Animalia,Arthropoda,Insecta,Lepidoptera,Blastobasidae,Holcocera,Holcocera chalcofrontella,85,7/27/2017,HickoryBottoms,C,7/12/2017,68,Pool
72717HBPoolC1,OTU346,US,0,None,Animalia,Arthropoda,Insecta,Hymenoptera,NA,NA,NA,6,7/27/2017,HickoryBottoms,C,7/12/2017,68,Pool
72717HBPoolC1,OTU383,GS,100,BOLD:AAA1467,Animalia,Arthropoda,Insecta,Hymenoptera,Formicidae,Formica,Formica neogagates group,60,7/27/2017,HickoryBottoms,C,7/12/2017,68,Pool
72717HBPoolC1,OTU408,GS,100,BOLD:AAA2955,Animalia,Arthropoda,Insecta,Lepidoptera,Tortricidae,Argyrotaenia,Argyrotaenia ljungiana,105,7/27/2017,HickoryBottoms,C,7/12/2017,68,Pool
72717HBPoolC1,OTU431,US,0,BOLD:ABA5252,Animalia,Arthropoda,Insecta,Diptera,NA,NA,NA,141,7/27/2017,HickoryBottoms,C,7/12/2017,68,Pool
72717HBPoolC1,OTU460,GS,100,BOLD:AAN6350,Animalia,Arthropoda,Arachnida,Araneae,NA,NA,NA,532,7/27/2017,HickoryBottoms,C,7/12/2017,68,Pool
72717HBPoolC1,OTU548,GS,99.4,BOLD:AAC0126,Animalia,Arthropoda,Insecta,Lepidoptera,Tortricidae,Coelostathma,Coelostathma discopunctana,82,7/27/2017,HickoryBottoms,C,7/12/2017,68,Pool
72717HBPoolC1,OTU555,GS,99.4,BOLD:ACP9932,Animalia,Arthropoda,Insecta,Coleoptera,Carabidae,Dicaelus,Dicaelus furvus,112,7/27/2017,HickoryBottoms,C,7/12/2017,68,Pool
72717HBPoolC1,OTU580,GS,98.3,BOLD:ABZ0908,Animalia,Arthropoda,Insecta,Diptera,Tipulidae,Nephrotoma,Nephrotoma ferruginea,17,7/27/2017,HickoryBottoms,C,7/12/2017,68,Pool
72717HBPoolC1,OTU650,GS,100,BOLD:AAY8475,Animalia,Arthropoda,Insecta,Diptera,Sarcophagidae,Sarcophaga,Sarcophaga mimoris,173,7/27/2017,HickoryBottoms,C,7/12/2017,68,Pool
72717HBPoolC1,OTU673,GS,99.4,BOLD:AAA1474,Animalia,Arthropoda,Insecta,Diptera,Tachinidae,Lespesia,Lespesia aletiae,136,7/27/2017,HickoryBottoms,C,7/12/2017,68,Pool
72717HBPoolC1,OTU679,GS,100,BOLD:AAK5385,Animalia,Arthropoda,Insecta,Orthoptera,Tettigoniidae,Conocephalus,Conocephalus brevipennis,111,7/27/2017,HickoryBottoms,C,7/12/2017,68,Pool
72717HBPoolC1,OTU720,GS,99.4,BOLD:AAB5347,Animalia,Arthropoda,Insecta,Lepidoptera,Tortricidae,Paralobesia,Paralobesia liriodendrana,41,7/27/2017,HickoryBottoms,C,7/12/2017,68,Pool
72717HBPoolC1,OTU781,US,1,None,Animalia,Arthropoda,Insecta,Diptera,NA,NA,NA,126,7/27/2017,HickoryBottoms,C,7/12/2017,68,Pool
72717HBPoolC1,OTU803,GS,100,BOLD:AAA9120,Animalia,Arthropoda,Insecta,Lepidoptera,Sphingidae,Hemaris,Hemaris diffinis,188,7/27/2017,HickoryBottoms,C,7/12/2017,68,Pool
72717HBPoolC1,OTU806,US,0.9916,BOLD:ACT8457,Animalia,Arthropoda,Insecta,Hymenoptera,NA,NA,NA,109,7/27/2017,HickoryBottoms,C,7/12/2017,68,Pool
72717HBPoolC1,OTU836,GS,99.4,BOLD:AAC7993,Animalia,Arthropoda,Insecta,Hemiptera,Alydidae,Alydus,Alydus calcaratus,198,7/27/2017,HickoryBottoms,C,7/12/2017,68,Pool
72717HBPoolC1,OTU864,GS,100,BOLD:AAA4555,Animalia,Arthropoda,Insecta,Orthoptera,Acrididae,Melanoplus,Melanoplus bivittatus,152,7/27/2017,HickoryBottoms,C,7/12/2017,68,Pool
72717HBPoolC1,OTU901,GS,99.4,BOLD:AAL7699,Animalia,Arthropoda,Insecta,Hemiptera,Cicadellidae,Osbornellus,NA,99,7/27/2017,HickoryBottoms,C,7/12/2017,68,Pool
72717HBPoolC1,OTU931,GS,100,BOLD:ACU7066,Animalia,Arthropoda,Insecta,Diptera,Psychodidae,NA,NA,157,7/27/2017,HickoryBottoms,C,7/12/2017,68,Pool
72717HBPoolC1,OTU996,GS,100,BOLD:AAN5007,Animalia,Arthropoda,Arachnida,Araneae,Araneidae,Cyclosa,Cyclosa turbinata,104,7/27/2017,HickoryBottoms,C,7/12/2017,68,Pool
72717HBPoolC1,OTU1097,GS,97.2,BOLD:AAN5451,Animalia,Arthropoda,Arachnida,Araneae,Araneidae,Eustala,NA,27,7/27/2017,HickoryBottoms,C,7/12/2017,68,Pool
72717HBPoolC1,OTU1114,GS,100,BOLD:AAH2440,Animalia,Arthropoda,Insecta,Lepidoptera,Gracillariidae,Marmara,NA,92,7/27/2017,HickoryBottoms,C,7/12/2017,68,Pool
72717HBPoolC1,OTU1210,GS,97.2,BOLD:AAF4632,Animalia,Arthropoda,Insecta,Diptera,Limoniidae,Epiphragma,Epiphragma solatrix,22,7/27/2017,HickoryBottoms,C,7/12/2017,68,Pool
72717HBPoolC1,OTU1255,GS,100,BOLD:AAC0937,Animalia,Arthropoda,Insecta,Lepidoptera,Tortricidae,Phaecasiophora,Phaecasiophora niveiguttana,112,7/27/2017,HickoryBottoms,C,7/12/2017,68,Pool
72717HBPoolC1,OTU1265,SS,0.83,BOLD:AAF4632,Animalia,Arthropoda,Insecta,Diptera,Limoniidae,Epiphragma,Epiphragma solatrix,17,7/27/2017,HickoryBottoms,C,7/12/2017,68,Pool
72717HBPoolC1,OTU1291,GS,98.9,BOLD:AAB8467,Animalia,Arthropoda,Insecta,Lepidoptera,Erebidae,Phalaenostola,Phalaenostola eumelusalis,126,7/27/2017,HickoryBottoms,C,7/12/2017,68,Pool
72717HBPoolC1,OTU1303,GS,98.9,BOLD:ABW4450,Animalia,Arthropoda,Insecta,Diptera,NA,NA,NA,16,7/27/2017,HickoryBottoms,C,7/12/2017,68,Pool
72717HBPoolC1,OTU1359,GS,100,BOLD:ABY6338,Animalia,Arthropoda,Insecta,Lepidoptera,Noctuidae,Leucania,Leucania linda,84,7/27/2017,HickoryBottoms,C,7/12/2017,68,Pool
72717HBPoolC1,OTU1412,US,0.9936,BOLD:ADD1431,Animalia,Arthropoda,Insecta,Diptera,NA,NA,NA,9,7/27/2017,HickoryBottoms,C,7/12/2017,68,Pool
72717HBPoolC1,OTU1494,US,0.8732,BOLD:AAF4632,Animalia,Arthropoda,Insecta,Diptera,NA,NA,NA,3,7/27/2017,HickoryBottoms,C,7/12/2017,68,Pool
72717HBPoolC1,OTU1497,SS,0.97,BOLD:AAI1618,Animalia,Arthropoda,Insecta,Diptera,Culicidae,Coquillettidia,Coquillettidia perturbans,14,7/27/2017,HickoryBottoms,C,7/12/2017,68,Pool
72717HBPoolC1,OTU1541,GS,100,BOLD:AAB8175,Animalia,Arthropoda,Insecta,Lepidoptera,Noctuidae,Spragueia,Spragueia guttata,1,7/27/2017,HickoryBottoms,C,7/12/2017,68,Pool
72717HBPoolC1,OTU1554,SS,0.92,BOLD:AAP2734,Animalia,Arthropoda,Insecta,Diptera,Limoniidae,Erioptera,Erioptera parva,10,7/27/2017,HickoryBottoms,C,7/12/2017,68,Pool
72717HBPoolC1,OTU1630,GS,99.4,BOLD:AAG1957,Animalia,Arthropoda,Arachnida,Araneae,Salticidae,Colonus,Colonus sylvanus,13,7/27/2017,HickoryBottoms,C,7/12/2017,68,Pool
72717HBPoolC1,OTU1636,SS,0.74,BOLD:AAF4632,Animalia,Arthropoda,Insecta,NA,NA,NA,NA,9,7/27/2017,HickoryBottoms,C,7/12/2017,68,Pool
72717HBPoolC1,OTU1683,SS,0.84,BOLD:AAF4632,Animalia,Arthropoda,Insecta,Diptera,Limoniidae,Epiphragma,Epiphragma solatrix,6,7/27/2017,HickoryBottoms,C,7/12/2017,68,Pool
72717HBPoolC1,OTU1721,GSL,97.8,BOLD:AAE4545,Animalia,Arthropoda,Insecta,Lepidoptera,NA,NA,NA,84,7/27/2017,HickoryBottoms,C,7/12/2017,68,Pool
72717HBPoolC1,OTU1724,US,0.8732,BOLD:ABW0552,Animalia,Arthropoda,Insecta,Lepidoptera,NA,NA,NA,2,7/27/2017,HickoryBottoms,C,7/12/2017,68,Pool
72717HBPoolC1,OTU1834,SS,0.74,BOLD:AAF4632,Animalia,Arthropoda,Insecta,Diptera,NA,NA,NA,5,7/27/2017,HickoryBottoms,C,7/12/2017,68,Pool
72717HBPoolC1,OTU1869,SS,0.67,BOLD:AAF4632,Animalia,Arthropoda,Insecta,Diptera,NA,NA,NA,1,7/27/2017,HickoryBottoms,C,7/12/2017,68,Pool
72717HBPoolC1,OTU1898,GS,100,BOLD:AAP5019,Animalia,Arthropoda,Insecta,Diptera,Dolichopodidae,NA,NA,11,7/27/2017,HickoryBottoms,C,7/12/2017,68,Pool
72717HBPoolC2,OTU3,GS,100,BOLD:AAP2734,Animalia,Arthropoda,Insecta,Diptera,Limoniidae,Erioptera,Erioptera parva,1193,7/27/2017,HickoryBottoms,C,7/12/2017,68,Pool
72717HBPoolC2,OTU5,GS,99.4,BOLD:AAN5451,Animalia,Arthropoda,Arachnida,Araneae,Araneidae,Eustala,NA,1714,7/27/2017,HickoryBottoms,C,7/12/2017,68,Pool
72717HBPoolC2,OTU7,GS,100,BOLD:AAF4632,Animalia,Arthropoda,Insecta,Diptera,Limoniidae,Epiphragma,Epiphragma solatrix,1408,7/27/2017,HickoryBottoms,C,7/12/2017,68,Pool
72717HBPoolC2,OTU9,US,0.7924,BOLD:AAG8502,Animalia,Arthropoda,Insecta,NA,NA,NA,NA,252,7/27/2017,HickoryBottoms,C,7/12/2017,68,Pool
72717HBPoolC2,OTU12,GS,100,BOLD:AAE5173,Animalia,Arthropoda,Insecta,Diptera,Psychodidae,PschodididGC,NA,899,7/27/2017,HickoryBottoms,C,7/12/2017,68,Pool
72717HBPoolC2,OTU64,US,0.9925,BOLD:AAL8170,Animalia,Arthropoda,Insecta,Hymenoptera,NA,NA,NA,53,7/27/2017,HickoryBottoms,C,7/12/2017,68,Pool
72717HBPoolC2,OTU65,GS,100,BOLD:AAA1517,Animalia,Arthropoda,Insecta,Lepidoptera,Tortricidae,Choristoneura,Choristoneura rosaceana,60,7/27/2017,HickoryBottoms,C,7/12/2017,68,Pool
72717HBPoolC2,OTU74,GS,100,BOLD:AAB0274,Animalia,Arthropoda,Insecta,Lepidoptera,Erebidae,Cycnia,Cycnia tenera,9643,7/27/2017,HickoryBottoms,C,7/12/2017,68,Pool
72717HBPoolC2,OTU89,GS,98.3,BOLD:ABW2415,Animalia,Arthropoda,Insecta,Diptera,Tipulidae,Nephrotoma,Nephrotoma okefenoke,63,7/27/2017,HickoryBottoms,C,7/12/2017,68,Pool
72717HBPoolC2,OTU91,GS,99.4,BOLD:AAU8053,Animalia,Arthropoda,Malacostraca,Isopoda,Armadillidiidae,Armadillidium,Armadillidium nasatum,950,7/27/2017,HickoryBottoms,C,7/12/2017,68,Pool
72717HBPoolC2,OTU92,GS,100,BOLD:AAG8582,Animalia,Arthropoda,Insecta,Lepidoptera,Blastobasidae,Asaphocrita,Asaphocrita aphidiella,186,7/27/2017,HickoryBottoms,C,7/12/2017,68,Pool
72717HBPoolC2,OTU94,US,0,BOLD:ACO4929,Animalia,Arthropoda,Insecta,Hymenoptera,NA,NA,NA,342,7/27/2017,HickoryBottoms,C,7/12/2017,68,Pool
72717HBPoolC2,OTU100,US,0,BOLD:ACD6759,Animalia,Arthropoda,Insecta,Hymenoptera,NA,NA,NA,49,7/27/2017,HickoryBottoms,C,7/12/2017,68,Pool
72717HBPoolC2,OTU105,GS,100,BOLD:AAB7936,Animalia,Arthropoda,Insecta,Lepidoptera,Oecophoridae,Inga,Inga sparsiciliella,60,7/27/2017,HickoryBottoms,C,7/12/2017,68,Pool
72717HBPoolC2,OTU129,GS,100,BOLD:AAG2647,Animalia,Arthropoda,Insecta,Diptera,Chaoboridae,Chaoborus,Chaoborus punctipennis,90,7/27/2017,HickoryBottoms,C,7/12/2017,68,Pool
72717HBPoolC2,OTU131,US,0.9919,BOLD:AAL9946,Animalia,Arthropoda,Insecta,Diptera,NA,NA,NA,2563,7/27/2017,HickoryBottoms,C,7/12/2017,68,Pool
72717HBPoolC2,OTU133,US,0,BOLD:AAH1180,Animalia,Arthropoda,Insecta,Hemiptera,NA,NA,NA,37,7/27/2017,HickoryBottoms,C,7/12/2017,68,Pool
72717HBPoolC2,OTU135,GS,99.4,BOLD:AAA5872,Animalia,Arthropoda,Insecta,Lepidoptera,Gelechiidae,Chionodes,Chionodes mediofuscella,191,7/27/2017,HickoryBottoms,C,7/12/2017,68,Pool
72717HBPoolC2,OTU148,GS,100,BOLD:AAK7352,Animalia,Arthropoda,Arachnida,Araneae,Araneidae,Metepeira,Metepeira labyrinthea,570,7/27/2017,HickoryBottoms,C,7/12/2017,68,Pool
72717HBPoolC2,OTU165,US,0.9936,BOLD:ACF8271,Animalia,Arthropoda,Insecta,Diptera,NA,NA,NA,34,7/27/2017,HickoryBottoms,C,7/12/2017,68,Pool
72717HBPoolC2,OTU172,GS,99.4,BOLD:AAA8563,Animalia,Arthropoda,Insecta,Lepidoptera,Erebidae,Parallelia,Parallelia bistriaris,99,7/27/2017,HickoryBottoms,C,7/12/2017,68,Pool
72717HBPoolC2,OTU192,SS,0.12,BOLD:ACF9102,Animalia,Arthropoda,Insecta,Diptera,NA,NA,NA,197,7/27/2017,HickoryBottoms,C,7/12/2017,68,Pool
72717HBPoolC2,OTU224,US,0.9934,BOLD:AAV1603,Animalia,Arthropoda,Insecta,Diptera,NA,NA,NA,1435,7/27/2017,HickoryBottoms,C,7/12/2017,68,Pool
72717HBPoolC2,OTU230,GS,100,BOLD:AAG3850,Animalia,Arthropoda,Insecta,Diptera,Culicidae,Psorophora,Psorophora columbiae,1146,7/27/2017,HickoryBottoms,C,7/12/2017,68,Pool
72717HBPoolC2,OTU241,US,0.9963,BOLD:AAZ5765,Animalia,Arthropoda,Insecta,Coleoptera,NA,NA,NA,219,7/27/2017,HickoryBottoms,C,7/12/2017,68,Pool
72717HBPoolC2,OTU242,GS,100,BOLD:ACD9132,Animalia,Arthropoda,Insecta,Hemiptera,Rhyparochromidae,Perigenes,Perigenes constrictus,1565,7/27/2017,HickoryBottoms,C,7/12/2017,68,Pool
72717HBPoolC2,OTU274,SS,0.94,BOLD:AAD6072,Animalia,Arthropoda,Insecta,Ephemeroptera,Baetidae,Centroptilum,Centroptilum triangulifer,295,7/27/2017,HickoryBottoms,C,7/12/2017,68,Pool
72717HBPoolC2,OTU278,GS,100,BOLD:AAB3590,Animalia,Arthropoda,Insecta,Lepidoptera,Gelechiidae,Chionodes,Chionodes discoocellella,69,7/27/2017,HickoryBottoms,C,7/12/2017,68,Pool
72717HBPoolC2,OTU287,GS,98.9,BOLD:AAG5457,Animalia,Arthropoda,Insecta,Diptera,Chironomidae,NA,NA,10,7/27/2017,HickoryBottoms,C,7/12/2017,68,Pool
72717HBPoolC2,OTU300,GS,100,BOLD:AAA8310,Animalia,Arthropoda,Insecta,Lepidoptera,Crambidae,Anageshna,Anageshna primordialis,116,7/27/2017,HickoryBottoms,C,7/12/2017,68,Pool
72717HBPoolC2,OTU336,GS,100,BOLD:ABZ4680,Animalia,Arthropoda,Insecta,Lepidoptera,Noctuidae,Lacinipolia,Lacinipolia renigera,184,7/27/2017,HickoryBottoms,C,7/12/2017,68,Pool
72717HBPoolC2,OTU342,GS,99.4,BOLD:AAI1931,Animalia,Arthropoda,Insecta,Lepidoptera,Blastobasidae,Holcocera,Holcocera chalcofrontella,41,7/27/2017,HickoryBottoms,C,7/12/2017,68,Pool
72717HBPoolC2,OTU354,SS,0.48,BOLD:AAM6278,Animalia,Arthropoda,Insecta,Diptera,NA,NA,NA,119,7/27/2017,HickoryBottoms,C,7/12/2017,68,Pool
72717HBPoolC2,OTU375,GS,100,BOLD:AAG2878,Animalia,Arthropoda,Insecta,Hemiptera,Cicadellidae,Gyponana,Gyponana extenda,32,7/27/2017,HickoryBottoms,C,7/12/2017,68,Pool
72717HBPoolC2,OTU383,GS,100,BOLD:AAA1467,Animalia,Arthropoda,Insecta,Hymenoptera,Formicidae,Formica,Formica neogagates group,37,7/27/2017,HickoryBottoms,C,7/12/2017,68,Pool
72717HBPoolC2,OTU431,US,0,BOLD:ABA5252,Animalia,Arthropoda,Insecta,Diptera,NA,NA,NA,431,7/27/2017,HickoryBottoms,C,7/12/2017,68,Pool
72717HBPoolC2,OTU460,GS,100,BOLD:AAN6350,Animalia,Arthropoda,Arachnida,Araneae,NA,NA,NA,720,7/27/2017,HickoryBottoms,C,7/12/2017,68,Pool
72717HBPoolC2,OTU548,GS,99.4,BOLD:AAC0126,Animalia,Arthropoda,Insecta,Lepidoptera,Tortricidae,Coelostathma,Coelostathma discopunctana,294,7/27/2017,HickoryBottoms,C,7/12/2017,68,Pool
72717HBPoolC2,OTU555,GS,99.4,BOLD:ACP9932,Animalia,Arthropoda,Insecta,Coleoptera,Carabidae,Dicaelus,Dicaelus furvus,236,7/27/2017,HickoryBottoms,C,7/12/2017,68,Pool
72717HBPoolC2,OTU573,GS,98.9,BOLD:AAB8921,Animalia,Arthropoda,Insecta,Lepidoptera,Zygaenidae,Harrisina,Harrisina americana,67,7/27/2017,HickoryBottoms,C,7/12/2017,68,Pool
72717HBPoolC2,OTU580,GS,98.3,BOLD:ABZ0908,Animalia,Arthropoda,Insecta,Diptera,Tipulidae,Nephrotoma,Nephrotoma ferruginea,36,7/27/2017,HickoryBottoms,C,7/12/2017,68,Pool
72717HBPoolC2,OTU650,GS,100,BOLD:AAY8475,Animalia,Arthropoda,Insecta,Diptera,Sarcophagidae,Sarcophaga,Sarcophaga mimoris,206,7/27/2017,HickoryBottoms,C,7/12/2017,68,Pool
72717HBPoolC2,OTU673,GS,99.4,BOLD:AAA1474,Animalia,Arthropoda,Insecta,Diptera,Tachinidae,Lespesia,Lespesia aletiae,187,7/27/2017,HickoryBottoms,C,7/12/2017,68,Pool
72717HBPoolC2,OTU715,SS,0.71,BOLD:ABZ0908,Animalia,Arthropoda,Insecta,Diptera,NA,NA,NA,26,7/27/2017,HickoryBottoms,C,7/12/2017,68,Pool
72717HBPoolC2,OTU763,GS,100,BOLD:AAA7892,Animalia,Arthropoda,Insecta,Lepidoptera,Depressariidae,Machimia,Machimia tentoriferella,154,7/27/2017,HickoryBottoms,C,7/12/2017,68,Pool
72717HBPoolC2,OTU796,GS,100,BOLD:AAH4950,Animalia,Arthropoda,Insecta,Lepidoptera,NA,NA,NA,200,7/27/2017,HickoryBottoms,C,7/12/2017,68,Pool
72717HBPoolC2,OTU806,US,0.9916,BOLD:ACT8457,Animalia,Arthropoda,Insecta,Hymenoptera,NA,NA,NA,40,7/27/2017,HickoryBottoms,C,7/12/2017,68,Pool
72717HBPoolC2,OTU856,GS,99.4,BOLD:AAD3799,Animalia,Arthropoda,Insecta,Lepidoptera,Tineidae,Hybroma,Hybroma servulella,136,7/27/2017,HickoryBottoms,C,7/12/2017,68,Pool
72717HBPoolC2,OTU857,GS,100,BOLD:AAC9885,Animalia,Arthropoda,Insecta,Lepidoptera,Tortricidae,Acleris,Acleris negundana,189,7/27/2017,HickoryBottoms,C,7/12/2017,68,Pool
72717HBPoolC2,OTU976,GS,97.2,BOLD:AAA5872,Animalia,Arthropoda,Insecta,Lepidoptera,Gelechiidae,Chionodes,Chionodes mediofuscella,10,7/27/2017,HickoryBottoms,C,7/12/2017,68,Pool
72717HBPoolC2,OTU994,GS,99.4,BOLD:AAA4893,Animalia,Arthropoda,Insecta,Lepidoptera,Crambidae,Microcrambus,Microcrambus elegans,150,7/27/2017,HickoryBottoms,C,7/12/2017,68,Pool
72717HBPoolC2,OTU1044,GS,100,BOLD:AAV1641,Animalia,Arthropoda,Arachnida,Araneae,Thomisidae,Ozyptila,Ozyptila americana,95,7/27/2017,HickoryBottoms,C,7/12/2017,68,Pool
72717HBPoolC2,OTU1092,US,0.9967,BOLD:ACO6848,Animalia,Arthropoda,Insecta,Hymenoptera,NA,NA,NA,1,7/27/2017,HickoryBottoms,C,7/12/2017,68,Pool
72717HBPoolC2,OTU1097,GS,97.2,BOLD:AAN5451,Animalia,Arthropoda,Arachnida,Araneae,Araneidae,Eustala,NA,34,7/27/2017,HickoryBottoms,C,7/12/2017,68,Pool
72717HBPoolC2,OTU1137,GS,100,BOLD:AAE0697,Animalia,Arthropoda,Insecta,Lepidoptera,Autostichidae,Glyphidocera,Glyphidocera juniperella,46,7/27/2017,HickoryBottoms,C,7/12/2017,68,Pool
72717HBPoolC2,OTU1198,GS,99.4,BOLD:AAB8879,Animalia,Arthropoda,Insecta,Lepidoptera,Tortricidae,Rhopobota,Rhopobota dietziana,95,7/27/2017,HickoryBottoms,C,7/12/2017,68,Pool
72717HBPoolC2,OTU1210,GS,97.2,BOLD:AAF4632,Animalia,Arthropoda,Insecta,Diptera,Limoniidae,Epiphragma,Epiphragma solatrix,24,7/27/2017,HickoryBottoms,C,7/12/2017,68,Pool
72717HBPoolC2,OTU1265,SS,0.83,BOLD:AAF4632,Animalia,Arthropoda,Insecta,Diptera,Limoniidae,Epiphragma,Epiphragma solatrix,13,7/27/2017,HickoryBottoms,C,7/12/2017,68,Pool
72717HBPoolC2,OTU1292,GS,97.8,BOLD:AAN5882,Animalia,Arthropoda,Insecta,Diptera,Limoniidae,Erioptera,Erioptera caliptera,4,7/27/2017,HickoryBottoms,C,7/12/2017,68,Pool
72717HBPoolC2,OTU1345,GS,100,BOLD:AAL7329,Animalia,Arthropoda,Insecta,Diptera,Chironomidae,Dicrotendipes,Dicrotendipes modestus,14,7/27/2017,HickoryBottoms,C,7/12/2017,68,Pool
72717HBPoolC2,OTU1351,SS,0.94,BOLD:AAB7030,Animalia,Arthropoda,Insecta,Diptera,Chironomidae,Chironomus,Chironomus decorus,7,7/27/2017,HickoryBottoms,C,7/12/2017,68,Pool
72717HBPoolC2,OTU1373,US,0.6809,BOLD:ABW8929,Animalia,Arthropoda,Maxillopoda,NA,NA,NA,NA,39,7/27/2017,HickoryBottoms,C,7/12/2017,68,Pool
72717HBPoolC2,OTU1494,US,0.8732,BOLD:AAF4632,Animalia,Arthropoda,Insecta,Diptera,NA,NA,NA,1,7/27/2017,HickoryBottoms,C,7/12/2017,68,Pool
72717HBPoolC2,OTU1525,GS,99.4,BOLD:AAN6348,Animalia,Arthropoda,Arachnida,Araneae,NA,NA,NA,28,7/27/2017,HickoryBottoms,C,7/12/2017,68,Pool
72717HBPoolC2,OTU1554,SS,0.92,BOLD:AAP2734,Animalia,Arthropoda,Insecta,Diptera,Limoniidae,Erioptera,Erioptera parva,10,7/27/2017,HickoryBottoms,C,7/12/2017,68,Pool
72717HBPoolC2,OTU1630,GS,99.4,BOLD:AAG1957,Animalia,Arthropoda,Arachnida,Araneae,Salticidae,Colonus,Colonus sylvanus,23,7/27/2017,HickoryBottoms,C,7/12/2017,68,Pool
72717HBPoolC2,OTU1636,SS,0.74,BOLD:AAF4632,Animalia,Arthropoda,Insecta,NA,NA,NA,NA,9,7/27/2017,HickoryBottoms,C,7/12/2017,68,Pool
72717HBPoolC2,OTU1683,SS,0.84,BOLD:AAF4632,Animalia,Arthropoda,Insecta,Diptera,Limoniidae,Epiphragma,Epiphragma solatrix,7,7/27/2017,HickoryBottoms,C,7/12/2017,68,Pool
72717HBPoolC2,OTU1721,GSL,97.8,BOLD:AAE4545,Animalia,Arthropoda,Insecta,Lepidoptera,NA,NA,NA,28,7/27/2017,HickoryBottoms,C,7/12/2017,68,Pool
72717HBPoolC2,OTU1722,GS,97.8,BOLD:AAB8920,Animalia,Arthropoda,Insecta,Lepidoptera,Zygaenidae,Harrisina,Harrisina americana,16,7/27/2017,HickoryBottoms,C,7/12/2017,68,Pool
72717HBPoolC2,OTU1742,GS,98.3,BOLD:AAB0602,Animalia,Arthropoda,Insecta,Lepidoptera,Gelechiidae,Pseudotelphusa,Pseudotelphusa quercinigracella,122,7/27/2017,HickoryBottoms,C,7/12/2017,68,Pool
72717HBPoolC2,OTU1764,US,0.9934,BOLD:ACQ7934,Animalia,Arthropoda,Insecta,Hymenoptera,NA,NA,NA,1,7/27/2017,HickoryBottoms,C,7/12/2017,68,Pool
72717HBPoolC2,OTU1834,SS,0.74,BOLD:AAF4632,Animalia,Arthropoda,Insecta,Diptera,NA,NA,NA,3,7/27/2017,HickoryBottoms,C,7/12/2017,68,Pool
72717HBPoolC3,OTU5,GS,99.4,BOLD:AAN5451,Animalia,Arthropoda,Arachnida,Araneae,Araneidae,Eustala,NA,1291,7/27/2017,HickoryBottoms,C,7/12/2017,68,Pool
72717HBPoolC3,OTU7,GS,100,BOLD:AAF4632,Animalia,Arthropoda,Insecta,Diptera,Limoniidae,Epiphragma,Epiphragma solatrix,875,7/27/2017,HickoryBottoms,C,7/12/2017,68,Pool
72717HBPoolC3,OTU11,GS,99.4,BOLD:AAG3848,Animalia,Arthropoda,Insecta,Diptera,Culicidae,Culex,Culex erraticus,887,7/27/2017,HickoryBottoms,C,7/12/2017,68,Pool
72717HBPoolC3,OTU20,US,0.9885,BOLD:ACL8445,Animalia,Arthropoda,Insecta,Diptera,NA,NA,NA,744,7/27/2017,HickoryBottoms,C,7/12/2017,68,Pool
72717HBPoolC3,OTU23,GS,100,BOLD:AAF9008,Animalia,Arthropoda,Insecta,Diptera,Limoniidae,Helius,Helius flavipes,1073,7/27/2017,HickoryBottoms,C,7/12/2017,68,Pool
72717HBPoolC3,OTU37,GS,100,BOLD:AAB0484,Animalia,Arthropoda,Insecta,Lepidoptera,Tortricidae,Gypsonoma,Gypsonoma salicicolana,248,7/27/2017,HickoryBottoms,C,7/12/2017,68,Pool
72717HBPoolC3,OTU38,GS,99.4,BOLD:AAB4070,Animalia,Arthropoda,Insecta,Lepidoptera,Tortricidae,Gymnandrosoma,Gymnandrosoma punctidiscanum,921,7/27/2017,HickoryBottoms,C,7/12/2017,68,Pool
72717HBPoolC3,OTU64,US,0.9925,BOLD:AAL8170,Animalia,Arthropoda,Insecta,Hymenoptera,NA,NA,NA,458,7/27/2017,HickoryBottoms,C,7/12/2017,68,Pool
72717HBPoolC3,OTU65,GS,100,BOLD:AAA1517,Animalia,Arthropoda,Insecta,Lepidoptera,Tortricidae,Choristoneura,Choristoneura rosaceana,142,7/27/2017,HickoryBottoms,C,7/12/2017,68,Pool
72717HBPoolC3,OTU74,GS,100,BOLD:AAB0274,Animalia,Arthropoda,Insecta,Lepidoptera,Erebidae,Cycnia,Cycnia tenera,3698,7/27/2017,HickoryBottoms,C,7/12/2017,68,Pool
72717HBPoolC3,OTU88,GS,100,BOLD:AAE0434,Animalia,Arthropoda,Insecta,Diptera,Culicidae,Uranotaenia,Uranotaenia sapphirina,55,7/27/2017,HickoryBottoms,C,7/12/2017,68,Pool
72717HBPoolC3,OTU91,GS,99.4,BOLD:AAU8053,Animalia,Arthropoda,Malacostraca,Isopoda,Armadillidiidae,Armadillidium,Armadillidium nasatum,696,7/27/2017,HickoryBottoms,C,7/12/2017,68,Pool
72717HBPoolC3,OTU92,GS,100,BOLD:AAG8582,Animalia,Arthropoda,Insecta,Lepidoptera,Blastobasidae,Asaphocrita,Asaphocrita aphidiella,72,7/27/2017,HickoryBottoms,C,7/12/2017,68,Pool
72717HBPoolC3,OTU96,US,0,BOLD:ACL3138,Animalia,Arthropoda,Insecta,Diptera,NA,NA,NA,80,7/27/2017,HickoryBottoms,C,7/12/2017,68,Pool
72717HBPoolC3,OTU100,US,0,BOLD:ACD6759,Animalia,Arthropoda,Insecta,Hymenoptera,NA,NA,NA,126,7/27/2017,HickoryBottoms,C,7/12/2017,68,Pool
72717HBPoolC3,OTU105,GS,100,BOLD:AAB7936,Animalia,Arthropoda,Insecta,Lepidoptera,Oecophoridae,Inga,Inga sparsiciliella,27,7/27/2017,HickoryBottoms,C,7/12/2017,68,Pool
72717HBPoolC3,OTU123,GS,99.4,BOLD:AAM8787,Animalia,Arthropoda,Insecta,Lepidoptera,Gelechiidae,Dichomeris,Dichomeris laetitia,175,7/27/2017,HickoryBottoms,C,7/12/2017,68,Pool
72717HBPoolC3,OTU125,GS,100,BOLD:ACX4440,Animalia,Arthropoda,Insecta,Coleoptera,NA,NA,NA,97,7/27/2017,HickoryBottoms,C,7/12/2017,68,Pool
72717HBPoolC3,OTU131,US,0.9919,BOLD:AAL9946,Animalia,Arthropoda,Insecta,Diptera,NA,NA,NA,2602,7/27/2017,HickoryBottoms,C,7/12/2017,68,Pool
72717HBPoolC3,OTU135,GS,99.4,BOLD:AAA5872,Animalia,Arthropoda,Insecta,Lepidoptera,Gelechiidae,Chionodes,Chionodes mediofuscella,242,7/27/2017,HickoryBottoms,C,7/12/2017,68,Pool
72717HBPoolC3,OTU148,GS,100,BOLD:AAK7352,Animalia,Arthropoda,Arachnida,Araneae,Araneidae,Metepeira,Metepeira labyrinthea,303,7/27/2017,HickoryBottoms,C,7/12/2017,68,Pool
72717HBPoolC3,OTU149,GS,99.4,BOLD:AAH4942,Animalia,Arthropoda,Insecta,Lepidoptera,Gelechiidae,Dichomeris,NA,93,7/27/2017,HickoryBottoms,C,7/12/2017,68,Pool
72717HBPoolC3,OTU160,GS,99.4,BOLD:ABY9321,Animalia,Arthropoda,Insecta,Lepidoptera,Erebidae,Apantesis,Apantesis phalerata,49,7/27/2017,HickoryBottoms,C,7/12/2017,68,Pool
72717HBPoolC3,OTU165,US,0.9936,BOLD:ACF8271,Animalia,Arthropoda,Insecta,Diptera,NA,NA,NA,70,7/27/2017,HickoryBottoms,C,7/12/2017,68,Pool
72717HBPoolC3,OTU172,GS,99.4,BOLD:AAA8563,Animalia,Arthropoda,Insecta,Lepidoptera,Erebidae,Parallelia,Parallelia bistriaris,57,7/27/2017,HickoryBottoms,C,7/12/2017,68,Pool
72717HBPoolC3,OTU175,GS,99.4,BOLD:AAC7367,Animalia,Arthropoda,Insecta,Lepidoptera,Tineidae,Isocorypha,Isocorypha mediostriatella,271,7/27/2017,HickoryBottoms,C,7/12/2017,68,Pool
72717HBPoolC3,OTU186,GS,99.4,BOLD:ACN8633,Animalia,Arthropoda,Insecta,Lepidoptera,Carposinidae,Carposina,NA,95,7/27/2017,HickoryBottoms,C,7/12/2017,68,Pool
72717HBPoolC3,OTU192,SS,0.12,BOLD:ACF9102,Animalia,Arthropoda,Insecta,Diptera,NA,NA,NA,47,7/27/2017,HickoryBottoms,C,7/12/2017,68,Pool
72717HBPoolC3,OTU202,US,0.9967,BOLD:ACF8271,Animalia,Arthropoda,Insecta,Hymenoptera,NA,NA,NA,17,7/27/2017,HickoryBottoms,C,7/12/2017,68,Pool
72717HBPoolC3,OTU203,GS,100,BOLD:AAB0603,Animalia,Arthropoda,Insecta,Lepidoptera,Gelechiidae,Pseudotelphusa,Pseudotelphusa quercinigracella,1973,7/27/2017,HickoryBottoms,C,7/12/2017,68,Pool
72717HBPoolC3,OTU216,GS,100,BOLD:AAG5659,Animalia,Arthropoda,Arachnida,Araneae,Tetragnathidae,Tetragnatha,Tetragnatha viridis,28,7/27/2017,HickoryBottoms,C,7/12/2017,68,Pool
72717HBPoolC3,OTU222,GS,100,BOLD:AAU7129,Animalia,Arthropoda,Insecta,Coleoptera,Bostrichidae,Xylobiops,Xylobiops basilaris,118,7/27/2017,HickoryBottoms,C,7/12/2017,68,Pool
72717HBPoolC3,OTU224,US,0.9934,BOLD:AAV1603,Animalia,Arthropoda,Insecta,Diptera,NA,NA,NA,1037,7/27/2017,HickoryBottoms,C,7/12/2017,68,Pool
72717HBPoolC3,OTU230,GS,100,BOLD:AAG3850,Animalia,Arthropoda,Insecta,Diptera,Culicidae,Psorophora,Psorophora columbiae,377,7/27/2017,HickoryBottoms,C,7/12/2017,68,Pool
72717HBPoolC3,OTU241,US,0.9963,BOLD:AAZ5765,Animalia,Arthropoda,Insecta,Coleoptera,NA,NA,NA,181,7/27/2017,HickoryBottoms,C,7/12/2017,68,Pool
72717HBPoolC3,OTU242,GS,100,BOLD:ACD9132,Animalia,Arthropoda,Insecta,Hemiptera,Rhyparochromidae,Perigenes,Perigenes constrictus,271,7/27/2017,HickoryBottoms,C,7/12/2017,68,Pool
72717HBPoolC3,OTU244,GS,100,BOLD:AAB1096,Animalia,Arthropoda,Insecta,Lepidoptera,Blastobasidae,Blastobasis,Blastobasis glandulella,15,7/27/2017,HickoryBottoms,C,7/12/2017,68,Pool
72717HBPoolC3,OTU258,GS,100,BOLD:ACA7555,Animalia,Arthropoda,Insecta,Diptera,Chironomidae,NA,NA,29,7/27/2017,HickoryBottoms,C,7/12/2017,68,Pool
72717HBPoolC3,OTU268,US,0.9963,BOLD:ACT8457,Animalia,Arthropoda,Insecta,Hymenoptera,NA,NA,NA,176,7/27/2017,HickoryBottoms,C,7/12/2017,68,Pool
72717HBPoolC3,OTU271,GS,98.9,BOLD:ABX3627,Animalia,Arthropoda,Insecta,Diptera,Limoniidae,NA,NA,24,7/27/2017,HickoryBottoms,C,7/12/2017,68,Pool
72717HBPoolC3,OTU274,SS,0.94,BOLD:AAD6072,Animalia,Arthropoda,Insecta,Ephemeroptera,Baetidae,Centroptilum,Centroptilum triangulifer,601,7/27/2017,HickoryBottoms,C,7/12/2017,68,Pool
72717HBPoolC3,OTU284,GS,100,BOLD:AAC6665,Animalia,Arthropoda,Insecta,Lepidoptera,Tortricidae,Aethes,Aethes angulatana,29,7/27/2017,HickoryBottoms,C,7/12/2017,68,Pool
72717HBPoolC3,OTU285,GS,100,BOLD:AAD2340,Animalia,Arthropoda,Insecta,Lepidoptera,Tineidae,Scardiella,Scardiella approximatella,88,7/27/2017,HickoryBottoms,C,7/12/2017,68,Pool
72717HBPoolC3,OTU290,GS,100,BOLD:AAE4427,Animalia,Arthropoda,Insecta,Lepidoptera,Tineidae,Xylesthia,Xylesthia pruniramiella,33,7/27/2017,HickoryBottoms,C,7/12/2017,68,Pool
72717HBPoolC3,OTU300,GS,100,BOLD:AAA8310,Animalia,Arthropoda,Insecta,Lepidoptera,Crambidae,Anageshna,Anageshna primordialis,135,7/27/2017,HickoryBottoms,C,7/12/2017,68,Pool
72717HBPoolC3,OTU314,GS,98.9,BOLD:AAB0603,Animalia,Arthropoda,Insecta,Lepidoptera,Gelechiidae,Pseudotelphusa,Pseudotelphusa quercinigracella,252,7/27/2017,HickoryBottoms,C,7/12/2017,68,Pool
72717HBPoolC3,OTU342,GS,99.4,BOLD:AAI1931,Animalia,Arthropoda,Insecta,Lepidoptera,Blastobasidae,Holcocera,Holcocera chalcofrontella,21,7/27/2017,HickoryBottoms,C,7/12/2017,68,Pool
72717HBPoolC3,OTU351,US,0.9925,BOLD:AAU7129,Animalia,Arthropoda,Insecta,Coleoptera,NA,NA,NA,417,7/27/2017,HickoryBottoms,C,7/12/2017,68,Pool
72717HBPoolC3,OTU357,GS,98.9,BOLD:ABX3356,Animalia,Arthropoda,Insecta,Diptera,Chironomidae,Chironomus,NA,37,7/27/2017,HickoryBottoms,C,7/12/2017,68,Pool
72717HBPoolC3,OTU372,GS,100,BOLD:AAC0182,Animalia,Arthropoda,Insecta,Lepidoptera,Tineidae,Niditinea,Niditinea orleansella,22,7/27/2017,HickoryBottoms,C,7/12/2017,68,Pool
72717HBPoolC3,OTU383,GS,100,BOLD:AAA1467,Animalia,Arthropoda,Insecta,Hymenoptera,Formicidae,Formica,Formica neogagates group,42,7/27/2017,HickoryBottoms,C,7/12/2017,68,Pool
72717HBPoolC3,OTU389,US,0.986,BOLD:ACB3375,Animalia,Arthropoda,Insecta,Hemiptera,NA,NA,NA,34,7/27/2017,HickoryBottoms,C,7/12/2017,68,Pool
72717HBPoolC3,OTU408,GS,100,BOLD:AAA2955,Animalia,Arthropoda,Insecta,Lepidoptera,Tortricidae,Argyrotaenia,Argyrotaenia ljungiana,102,7/27/2017,HickoryBottoms,C,7/12/2017,68,Pool
72717HBPoolC3,OTU410,SS,0.26,BOLD:ABZ3458,Animalia,Arthropoda,Insecta,Lepidoptera,NA,NA,NA,277,7/27/2017,HickoryBottoms,C,7/12/2017,68,Pool
72717HBPoolC3,OTU424,GS,100,BOLD:ABZ3656,Animalia,Arthropoda,Insecta,Lepidoptera,Depressariidae,Psilocorsis,Psilocorsis reflexella,51,7/27/2017,HickoryBottoms,C,7/12/2017,68,Pool
72717HBPoolC3,OTU431,US,0,BOLD:ABA5252,Animalia,Arthropoda,Insecta,Diptera,NA,NA,NA,50,7/27/2017,HickoryBottoms,C,7/12/2017,68,Pool
72717HBPoolC3,OTU463,SS,0.21,BOLD:AAF2681,Animalia,Arthropoda,Insecta,Lepidoptera,NA,NA,NA,480,7/27/2017,HickoryBottoms,C,7/12/2017,68,Pool
72717HBPoolC3,OTU494,GS,99.4,BOLD:AAH3231,Animalia,Arthropoda,Insecta,Psocodea,Psocidae,NA,NA,26,7/27/2017,HickoryBottoms,C,7/12/2017,68,Pool
72717HBPoolC3,OTU543,GS,100,BOLD:AAA7928,Animalia,Arthropoda,Insecta,Lepidoptera,Blastobasidae,Blastobasis,Blastobasis taurusella,20,7/27/2017,HickoryBottoms,C,7/12/2017,68,Pool
72717HBPoolC3,OTU548,GS,99.4,BOLD:AAC0126,Animalia,Arthropoda,Insecta,Lepidoptera,Tortricidae,Coelostathma,Coelostathma discopunctana,52,7/27/2017,HickoryBottoms,C,7/12/2017,68,Pool
72717HBPoolC3,OTU555,GS,99.4,BOLD:ACP9932,Animalia,Arthropoda,Insecta,Coleoptera,Carabidae,Dicaelus,Dicaelus furvus,136,7/27/2017,HickoryBottoms,C,7/12/2017,68,Pool
72717HBPoolC3,OTU573,GS,98.9,BOLD:AAB8921,Animalia,Arthropoda,Insecta,Lepidoptera,Zygaenidae,Harrisina,Harrisina americana,19,7/27/2017,HickoryBottoms,C,7/12/2017,68,Pool
72717HBPoolC3,OTU580,GS,98.3,BOLD:ABZ0908,Animalia,Arthropoda,Insecta,Diptera,Tipulidae,Nephrotoma,Nephrotoma ferruginea,11,7/27/2017,HickoryBottoms,C,7/12/2017,68,Pool
72717HBPoolC3,OTU585,US,0.7924,BOLD:AAG0758,Animalia,Arthropoda,Insecta,NA,NA,NA,NA,35,7/27/2017,HickoryBottoms,C,7/12/2017,68,Pool
72717HBPoolC3,OTU591,GS,98.9,BOLD:AAG7407,Animalia,Arthropoda,Insecta,Orthoptera,Trigonidiidae,Allonemobius,Allonemobius fasciatus,146,7/27/2017,HickoryBottoms,C,7/12/2017,68,Pool
72717HBPoolC3,OTU596,GS,100,BOLD:AAE5853,Animalia,Arthropoda,Insecta,Lepidoptera,Apatelodidae,Olceclostera,Olceclostera indistincta,250,7/27/2017,HickoryBottoms,C,7/12/2017,68,Pool
72717HBPoolC3,OTU605,GS,100,BOLD:ACE2873,Animalia,Arthropoda,Insecta,Lepidoptera,Erebidae,Hypena,Hypena madefactalis,80,7/27/2017,HickoryBottoms,C,7/12/2017,68,Pool
72717HBPoolC3,OTU650,GS,100,BOLD:AAY8475,Animalia,Arthropoda,Insecta,Diptera,Sarcophagidae,Sarcophaga,Sarcophaga mimoris,77,7/27/2017,HickoryBottoms,C,7/12/2017,68,Pool
72717HBPoolC3,OTU670,US,0.9546,BOLD:AAG0758,Animalia,Arthropoda,Insecta,Diptera,NA,NA,NA,42,7/27/2017,HickoryBottoms,C,7/12/2017,68,Pool
72717HBPoolC3,OTU709,GS,97.8,BOLD:ABW4416,Animalia,Arthropoda,Insecta,Diptera,NA,NA,NA,40,7/27/2017,HickoryBottoms,C,7/12/2017,68,Pool
72717HBPoolC3,OTU750,US,0.2259,BOLD:AAU7129,Animalia,Arthropoda,Insecta,Coleoptera,NA,NA,NA,182,7/27/2017,HickoryBottoms,C,7/12/2017,68,Pool
72717HBPoolC3,OTU763,GS,100,BOLD:AAA7892,Animalia,Arthropoda,Insecta,Lepidoptera,Depressariidae,Machimia,Machimia tentoriferella,96,7/27/2017,HickoryBottoms,C,7/12/2017,68,Pool
72717HBPoolC3,OTU769,GS,100,BOLD:AAE8646,Animalia,Arthropoda,Insecta,Hymenoptera,Formicidae,Solenopsis,Solenopsis molesta,8,7/27/2017,HickoryBottoms,C,7/12/2017,68,Pool
72717HBPoolC3,OTU786,SS,0.09,BOLD:AAM5298,Animalia,Arthropoda,Insecta,Lepidoptera,NA,NA,NA,16,7/27/2017,HickoryBottoms,C,7/12/2017,68,Pool
72717HBPoolC3,OTU794,GS,100,BOLD:AAD2564,Animalia,Arthropoda,Insecta,Lepidoptera,Gelechiidae,Chionodes,Chionodes fuscomaculella,19,7/27/2017,HickoryBottoms,C,7/12/2017,68,Pool
72717HBPoolC3,OTU834,US,0.0169,BOLD:AAG8812,Animalia,Arthropoda,Insecta,Hemiptera,NA,NA,NA,105,7/27/2017,HickoryBottoms,C,7/12/2017,68,Pool
72717HBPoolC3,OTU840,US,0.0169,BOLD:AAU7129,Animalia,Arthropoda,Insecta,Coleoptera,NA,NA,NA,123,7/27/2017,HickoryBottoms,C,7/12/2017,68,Pool
72717HBPoolC3,OTU845,GS,100,BOLD:ACA8954,Animalia,Arthropoda,Insecta,Hemiptera,Derbidae,Omolicna,Omolicna uhleri,43,7/27/2017,HickoryBottoms,C,7/12/2017,68,Pool
72717HBPoolC3,OTU875,GS,100,BOLD:AAP2599,Animalia,Arthropoda,Insecta,Lepidoptera,NA,NA,NA,16,7/27/2017,HickoryBottoms,C,7/12/2017,68,Pool
72717HBPoolC3,OTU909,GS,100,BOLD:ABY4956,Animalia,Arthropoda,Insecta,Lepidoptera,Bucculatricidae,Bucculatrix,NA,33,7/27/2017,HickoryBottoms,C,7/12/2017,68,Pool
72717HBPoolC3,OTU916,GS,100,BOLD:AAB2176,Animalia,Arthropoda,Insecta,Lepidoptera,Gelechiidae,Arogalea,Arogalea cristifasciella,5,7/27/2017,HickoryBottoms,C,7/12/2017,68,Pool
72717HBPoolC3,OTU924,GS,100,BOLD:AAB1670,Animalia,Arthropoda,Insecta,Lepidoptera,Noctuidae,Marimatha,Marimatha nigrofimbria,105,7/27/2017,HickoryBottoms,C,7/12/2017,68,Pool
72717HBPoolC3,OTU976,GS,97.2,BOLD:AAA5872,Animalia,Arthropoda,Insecta,Lepidoptera,Gelechiidae,Chionodes,Chionodes mediofuscella,12,7/27/2017,HickoryBottoms,C,7/12/2017,68,Pool
72717HBPoolC3,OTU984,SS,0.62,BOLD:AAB8259,Animalia,Arthropoda,Insecta,Hymenoptera,Formicidae,NA,NA,40,7/27/2017,HickoryBottoms,C,7/12/2017,68,Pool
72717HBPoolC3,OTU1039,US,0.9925,BOLD:ACN5642,Animalia,Arthropoda,Insecta,Diptera,NA,NA,NA,80,7/27/2017,HickoryBottoms,C,7/12/2017,68,Pool
72717HBPoolC3,OTU1080,GS,100,BOLD:AAB9450,Animalia,Arthropoda,Insecta,Lepidoptera,NA,NA,NA,44,7/27/2017,HickoryBottoms,C,7/12/2017,68,Pool
72717HBPoolC3,OTU1097,GS,97.2,BOLD:AAN5451,Animalia,Arthropoda,Arachnida,Araneae,Araneidae,Eustala,NA,45,7/27/2017,HickoryBottoms,C,7/12/2017,68,Pool
72717HBPoolC3,OTU1108,GS,97.2,BOLD:AAB0603,Animalia,Arthropoda,Insecta,Lepidoptera,Gelechiidae,Pseudotelphusa,Pseudotelphusa quercinigracella,102,7/27/2017,HickoryBottoms,C,7/12/2017,68,Pool
72717HBPoolC3,OTU1164,SS,0.84,BOLD:AAG0758,Animalia,Arthropoda,Insecta,Coleoptera,Pyrochroidae,Dendroides,Dendroides canadensis,40,7/27/2017,HickoryBottoms,C,7/12/2017,68,Pool
72717HBPoolC3,OTU1198,GS,99.4,BOLD:AAB8879,Animalia,Arthropoda,Insecta,Lepidoptera,Tortricidae,Rhopobota,Rhopobota dietziana,39,7/27/2017,HickoryBottoms,C,7/12/2017,68,Pool
72717HBPoolC3,OTU1210,GS,97.2,BOLD:AAF4632,Animalia,Arthropoda,Insecta,Diptera,Limoniidae,Epiphragma,Epiphragma solatrix,30,7/27/2017,HickoryBottoms,C,7/12/2017,68,Pool
72717HBPoolC3,OTU1220,US,0.7924,BOLD:AAG0758,Animalia,Arthropoda,Insecta,NA,NA,NA,NA,22,7/27/2017,HickoryBottoms,C,7/12/2017,68,Pool
72717HBPoolC3,OTU1235,GS,100,BOLD:ACY0328,Animalia,Arthropoda,Insecta,Diptera,Chironomidae,Cryptochironomus,NA,19,7/27/2017,HickoryBottoms,C,7/12/2017,68,Pool
72717HBPoolC3,OTU1265,SS,0.83,BOLD:AAF4632,Animalia,Arthropoda,Insecta,Diptera,Limoniidae,Epiphragma,Epiphragma solatrix,14,7/27/2017,HickoryBottoms,C,7/12/2017,68,Pool
72717HBPoolC3,OTU1291,GS,98.9,BOLD:AAB8467,Animalia,Arthropoda,Insecta,Lepidoptera,Erebidae,Phalaenostola,Phalaenostola eumelusalis,42,7/27/2017,HickoryBottoms,C,7/12/2017,68,Pool
72717HBPoolC3,OTU1293,GS,100,BOLD:AAG8605,Animalia,Arthropoda,Insecta,Lepidoptera,Gelechiidae,Monochroa,NA,78,7/27/2017,HickoryBottoms,C,7/12/2017,68,Pool
72717HBPoolC3,OTU1317,SS,0.01,BOLD:AAN5451,Animalia,Arthropoda,Arachnida,Araneae,Araneidae,Eustala,NA,2,7/27/2017,HickoryBottoms,C,7/12/2017,68,Pool
72717HBPoolC3,OTU1332,US,0.9803,BOLD:AAG0758,Animalia,Arthropoda,Insecta,Hymenoptera,NA,NA,NA,61,7/27/2017,HickoryBottoms,C,7/12/2017,68,Pool
72717HBPoolC3,OTU1367,GS,100,BOLD:AAB7993,Animalia,Arthropoda,Insecta,Lepidoptera,Tortricidae,Olethreutes,Olethreutes concinnana,21,7/27/2017,HickoryBottoms,C,7/12/2017,68,Pool
72717HBPoolC3,OTU1376,GS,100,BOLD:AAF9988,Animalia,Arthropoda,Insecta,Lepidoptera,Gelechiidae,Syncopacma,NA,79,7/27/2017,HickoryBottoms,C,7/12/2017,68,Pool
72717HBPoolC3,OTU1482,SS,0.87,BOLD:AAF9008,Animalia,Arthropoda,Insecta,Diptera,Limoniidae,Helius,Helius flavipes,4,7/27/2017,HickoryBottoms,C,7/12/2017,68,Pool
72717HBPoolC3,OTU1502,GS,100,BOLD:AAA7880,Animalia,Arthropoda,Insecta,Lepidoptera,Crambidae,Nomophila,Nomophila noctuella,73,7/27/2017,HickoryBottoms,C,7/12/2017,68,Pool
72717HBPoolC3,OTU1511,GS,100,BOLD:AAE0464,Animalia,Arthropoda,Insecta,Lepidoptera,Blastobasidae,Asaphocrita,Asaphocrita aphidiella,32,7/27/2017,HickoryBottoms,C,7/12/2017,68,Pool
72717HBPoolC3,OTU1520,GS,97.8,BOLD:AAH8501,Animalia,Arthropoda,Insecta,Lepidoptera,Gracillariidae,Phyllonorycter,Phyllonorycter cytisifoliae,42,7/27/2017,HickoryBottoms,C,7/12/2017,68,Pool
72717HBPoolC3,OTU1522,SS,0.57,BOLD:AAF9008,Animalia,Arthropoda,Insecta,Diptera,NA,NA,NA,2,7/27/2017,HickoryBottoms,C,7/12/2017,68,Pool
72717HBPoolC3,OTU1541,GS,100,BOLD:AAB8175,Animalia,Arthropoda,Insecta,Lepidoptera,Noctuidae,Spragueia,Spragueia guttata,49,7/27/2017,HickoryBottoms,C,7/12/2017,68,Pool
72717HBPoolC3,OTU1547,GS,98.9,BOLD:AAA9667,Animalia,Arthropoda,Insecta,Lepidoptera,Oecophoridae,Epicallima,Epicallima argenticinctella,42,7/27/2017,HickoryBottoms,C,7/12/2017,68,Pool
72717HBPoolC3,OTU1553,SS,0.2,BOLD:ACU2720,Animalia,Arthropoda,Insecta,Lepidoptera,NA,NA,NA,26,7/27/2017,HickoryBottoms,C,7/12/2017,68,Pool
72717HBPoolC3,OTU1584,SS,0.28,BOLD:AAB4931,Animalia,Arthropoda,Insecta,Lepidoptera,NA,NA,NA,39,7/27/2017,HickoryBottoms,C,7/12/2017,68,Pool
72717HBPoolC3,OTU1603,SS,0.74,BOLD:AAA1467,Animalia,Arthropoda,Insecta,Hymenoptera,Formicidae,Formica,NA,18,7/27/2017,HickoryBottoms,C,7/12/2017,68,Pool
72717HBPoolC3,OTU1609,GS,97.2,BOLD:AAC0184,Animalia,Arthropoda,Insecta,Lepidoptera,Tineidae,Niditinea,Niditinea orleansella,31,7/27/2017,HickoryBottoms,C,7/12/2017,68,Pool
72717HBPoolC3,OTU1636,SS,0.74,BOLD:AAF4632,Animalia,Arthropoda,Insecta,NA,NA,NA,NA,3,7/27/2017,HickoryBottoms,C,7/12/2017,68,Pool
72717HBPoolC3,OTU1683,SS,0.84,BOLD:AAF4632,Animalia,Arthropoda,Insecta,Diptera,Limoniidae,Epiphragma,Epiphragma solatrix,9,7/27/2017,HickoryBottoms,C,7/12/2017,68,Pool
72717HBPoolC3,OTU1689,US,0.9546,BOLD:AAP2005,Animalia,Arthropoda,Insecta,Lepidoptera,NA,NA,NA,27,7/27/2017,HickoryBottoms,C,7/12/2017,68,Pool
72717HBPoolC3,OTU1721,GSL,97.8,BOLD:AAE4545,Animalia,Arthropoda,Insecta,Lepidoptera,NA,NA,NA,55,7/27/2017,HickoryBottoms,C,7/12/2017,68,Pool
72717HBPoolC3,OTU1722,GS,97.8,BOLD:AAB8920,Animalia,Arthropoda,Insecta,Lepidoptera,Zygaenidae,Harrisina,Harrisina americana,7,7/27/2017,HickoryBottoms,C,7/12/2017,68,Pool
72717HBPoolC3,OTU1742,GS,98.3,BOLD:AAB0602,Animalia,Arthropoda,Insecta,Lepidoptera,Gelechiidae,Pseudotelphusa,Pseudotelphusa quercinigracella,44,7/27/2017,HickoryBottoms,C,7/12/2017,68,Pool
72717HBPoolC3,OTU1756,SS,0.97,BOLD:AAG3848,Animalia,Arthropoda,Insecta,Diptera,Culicidae,Culex,Culex erraticus,1,7/27/2017,HickoryBottoms,C,7/12/2017,68,Pool
72717HBPoolC3,OTU1764,US,0.9934,BOLD:ACQ7934,Animalia,Arthropoda,Insecta,Hymenoptera,NA,NA,NA,12,7/27/2017,HickoryBottoms,C,7/12/2017,68,Pool
72717HBPoolC3,OTU1795,US,0.9963,BOLD:AAG3179,Animalia,Arthropoda,Insecta,Diptera,NA,NA,NA,16,7/27/2017,HickoryBottoms,C,7/12/2017,68,Pool
72717HBPoolC3,OTU1799,SS,0.24,BOLD:AAA4967,Animalia,Arthropoda,Insecta,Lepidoptera,NA,NA,NA,1,7/27/2017,HickoryBottoms,C,7/12/2017,68,Pool
72717HBPoolC3,OTU1818,GS,97.9,BOLD:AAF4632,Animalia,Arthropoda,Insecta,Diptera,Limoniidae,Epiphragma,Epiphragma solatrix,1,7/27/2017,HickoryBottoms,C,7/12/2017,68,Pool
72717HBPoolC3,OTU1834,SS,0.74,BOLD:AAF4632,Animalia,Arthropoda,Insecta,Diptera,NA,NA,NA,4,7/27/2017,HickoryBottoms,C,7/12/2017,68,Pool
72717HBPoolC3,OTU1871,SS,0.85,BOLD:AAG3848,Animalia,Arthropoda,Insecta,Diptera,Culicidae,Culex,Culex erraticus,1,7/27/2017,HickoryBottoms,C,7/12/2017,68,Pool
72717HBPoolC4,OTU5,GS,99.4,BOLD:AAN5451,Animalia,Arthropoda,Arachnida,Araneae,Araneidae,Eustala,NA,1711,7/27/2017,HickoryBottoms,C,7/12/2017,68,Pool
72717HBPoolC4,OTU11,GS,99.4,BOLD:AAG3848,Animalia,Arthropoda,Insecta,Diptera,Culicidae,Culex,Culex erraticus,571,7/27/2017,HickoryBottoms,C,7/12/2017,68,Pool
72717HBPoolC4,OTU17,GS,100,BOLD:AAB3702,Animalia,Arthropoda,Insecta,Trichoptera,Hydropsychidae,Potamyia,Potamyia flava,109,7/27/2017,HickoryBottoms,C,7/12/2017,68,Pool
72717HBPoolC4,OTU20,US,0.9885,BOLD:ACL8445,Animalia,Arthropoda,Insecta,Diptera,NA,NA,NA,621,7/27/2017,HickoryBottoms,C,7/12/2017,68,Pool
72717HBPoolC4,OTU23,GS,100,BOLD:AAF9008,Animalia,Arthropoda,Insecta,Diptera,Limoniidae,Helius,Helius flavipes,907,7/27/2017,HickoryBottoms,C,7/12/2017,68,Pool
72717HBPoolC4,OTU38,GS,99.4,BOLD:AAB4070,Animalia,Arthropoda,Insecta,Lepidoptera,Tortricidae,Gymnandrosoma,Gymnandrosoma punctidiscanum,379,7/27/2017,HickoryBottoms,C,7/12/2017,68,Pool
72717HBPoolC4,OTU64,US,0.9925,BOLD:AAL8170,Animalia,Arthropoda,Insecta,Hymenoptera,NA,NA,NA,124,7/27/2017,HickoryBottoms,C,7/12/2017,68,Pool
72717HBPoolC4,OTU74,GS,100,BOLD:AAB0274,Animalia,Arthropoda,Insecta,Lepidoptera,Erebidae,Cycnia,Cycnia tenera,2404,7/27/2017,HickoryBottoms,C,7/12/2017,68,Pool
72717HBPoolC4,OTU81,US,0,BOLD:ABV3248,Animalia,Arthropoda,Insecta,Diptera,NA,NA,NA,215,7/27/2017,HickoryBottoms,C,7/12/2017,68,Pool
72717HBPoolC4,OTU88,GS,100,BOLD:AAE0434,Animalia,Arthropoda,Insecta,Diptera,Culicidae,Uranotaenia,Uranotaenia sapphirina,36,7/27/2017,HickoryBottoms,C,7/12/2017,68,Pool
72717HBPoolC4,OTU91,GS,99.4,BOLD:AAU8053,Animalia,Arthropoda,Malacostraca,Isopoda,Armadillidiidae,Armadillidium,Armadillidium nasatum,329,7/27/2017,HickoryBottoms,C,7/12/2017,68,Pool
72717HBPoolC4,OTU100,US,0,BOLD:ACD6759,Animalia,Arthropoda,Insecta,Hymenoptera,NA,NA,NA,105,7/27/2017,HickoryBottoms,C,7/12/2017,68,Pool
72717HBPoolC4,OTU105,GS,100,BOLD:AAB7936,Animalia,Arthropoda,Insecta,Lepidoptera,Oecophoridae,Inga,Inga sparsiciliella,79,7/27/2017,HickoryBottoms,C,7/12/2017,68,Pool
72717HBPoolC4,OTU110,GS,99.4,BOLD:AAJ0542,Animalia,Arthropoda,Arachnida,Araneae,Theridiidae,Euryopis,Euryopis funebris,39,7/27/2017,HickoryBottoms,C,7/12/2017,68,Pool
72717HBPoolC4,OTU115,GS,100,BOLD:AAA4942,Animalia,Arthropoda,Arachnida,Araneae,Tetragnathidae,Tetragnatha,Tetragnatha elongata,53,7/27/2017,HickoryBottoms,C,7/12/2017,68,Pool
72717HBPoolC4,OTU123,GS,99.4,BOLD:AAM8787,Animalia,Arthropoda,Insecta,Lepidoptera,Gelechiidae,Dichomeris,Dichomeris laetitia,128,7/27/2017,HickoryBottoms,C,7/12/2017,68,Pool
72717HBPoolC4,OTU125,GS,100,BOLD:ACX4440,Animalia,Arthropoda,Insecta,Coleoptera,NA,NA,NA,69,7/27/2017,HickoryBottoms,C,7/12/2017,68,Pool
72717HBPoolC4,OTU131,US,0.9919,BOLD:AAL9946,Animalia,Arthropoda,Insecta,Diptera,NA,NA,NA,1505,7/27/2017,HickoryBottoms,C,7/12/2017,68,Pool
72717HBPoolC4,OTU135,GS,99.4,BOLD:AAA5872,Animalia,Arthropoda,Insecta,Lepidoptera,Gelechiidae,Chionodes,Chionodes mediofuscella,85,7/27/2017,HickoryBottoms,C,7/12/2017,68,Pool
72717HBPoolC4,OTU148,GS,100,BOLD:AAK7352,Animalia,Arthropoda,Arachnida,Araneae,Araneidae,Metepeira,Metepeira labyrinthea,228,7/27/2017,HickoryBottoms,C,7/12/2017,68,Pool
72717HBPoolC4,OTU149,GS,99.4,BOLD:AAH4942,Animalia,Arthropoda,Insecta,Lepidoptera,Gelechiidae,Dichomeris,NA,145,7/27/2017,HickoryBottoms,C,7/12/2017,68,Pool
72717HBPoolC4,OTU165,US,0.9936,BOLD:ACF8271,Animalia,Arthropoda,Insecta,Diptera,NA,NA,NA,173,7/27/2017,HickoryBottoms,C,7/12/2017,68,Pool
72717HBPoolC4,OTU168,GS,100,BOLD:AAC3609,Animalia,Arthropoda,Insecta,Lepidoptera,Euteliidae,Paectes,Paectes abrostoloides,80,7/27/2017,HickoryBottoms,C,7/12/2017,68,Pool
72717HBPoolC4,OTU172,GS,99.4,BOLD:AAA8563,Animalia,Arthropoda,Insecta,Lepidoptera,Erebidae,Parallelia,Parallelia bistriaris,60,7/27/2017,HickoryBottoms,C,7/12/2017,68,Pool
72717HBPoolC4,OTU175,GS,99.4,BOLD:AAC7367,Animalia,Arthropoda,Insecta,Lepidoptera,Tineidae,Isocorypha,Isocorypha mediostriatella,221,7/27/2017,HickoryBottoms,C,7/12/2017,68,Pool
72717HBPoolC4,OTU182,GS,100,BOLD:ACF4855,Animalia,Arthropoda,Insecta,Lepidoptera,Gelechiidae,Dichomeris,Dichomeris kimballi,28,7/27/2017,HickoryBottoms,C,7/12/2017,68,Pool
72717HBPoolC4,OTU186,GS,99.4,BOLD:ACN8633,Animalia,Arthropoda,Insecta,Lepidoptera,Carposinidae,Carposina,NA,37,7/27/2017,HickoryBottoms,C,7/12/2017,68,Pool
72717HBPoolC4,OTU189,GS,100,BOLD:ABV2225,Animalia,Arthropoda,Insecta,Lepidoptera,Gracillariidae,Caloptilia,NA,13,7/27/2017,HickoryBottoms,C,7/12/2017,68,Pool
72717HBPoolC4,OTU190,GS,100,BOLD:ABY7666,Animalia,Arthropoda,Insecta,Diptera,Culicidae,Culex,Culex territans,16,7/27/2017,HickoryBottoms,C,7/12/2017,68,Pool
72717HBPoolC4,OTU192,SS,0.12,BOLD:ACF9102,Animalia,Arthropoda,Insecta,Diptera,NA,NA,NA,69,7/27/2017,HickoryBottoms,C,7/12/2017,68,Pool
72717HBPoolC4,OTU193,GS,98.9,BOLD:AAI4436,Animalia,Arthropoda,Insecta,Lepidoptera,Gelechiidae,Aristotelia,NA,24,7/27/2017,HickoryBottoms,C,7/12/2017,68,Pool
72717HBPoolC4,OTU201,GS,100,BOLD:AAG0906,Animalia,Arthropoda,Insecta,Neuroptera,Hemerobiidae,Micromus,Micromus posticus,16,7/27/2017,HickoryBottoms,C,7/12/2017,68,Pool
72717HBPoolC4,OTU202,US,0.9967,BOLD:ACF8271,Animalia,Arthropoda,Insecta,Hymenoptera,NA,NA,NA,16,7/27/2017,HickoryBottoms,C,7/12/2017,68,Pool
72717HBPoolC4,OTU203,GS,100,BOLD:AAB0603,Animalia,Arthropoda,Insecta,Lepidoptera,Gelechiidae,Pseudotelphusa,Pseudotelphusa quercinigracella,887,7/27/2017,HickoryBottoms,C,7/12/2017,68,Pool
72717HBPoolC4,OTU218,GS,100,BOLD:AAA4274,Animalia,Arthropoda,Insecta,Lepidoptera,Tineidae,Acrolophus,Acrolophus texanella,38,7/27/2017,HickoryBottoms,C,7/12/2017,68,Pool
72717HBPoolC4,OTU222,GS,100,BOLD:AAU7129,Animalia,Arthropoda,Insecta,Coleoptera,Bostrichidae,Xylobiops,Xylobiops basilaris,596,7/27/2017,HickoryBottoms,C,7/12/2017,68,Pool
72717HBPoolC4,OTU224,US,0.9934,BOLD:AAV1603,Animalia,Arthropoda,Insecta,Diptera,NA,NA,NA,772,7/27/2017,HickoryBottoms,C,7/12/2017,68,Pool
72717HBPoolC4,OTU227,GS,99.4,BOLD:AAO3939,Animalia,Arthropoda,Insecta,Diptera,Limoniidae,Dicranomyia,NA,24,7/27/2017,HickoryBottoms,C,7/12/2017,68,Pool
72717HBPoolC4,OTU230,GS,100,BOLD:AAG3850,Animalia,Arthropoda,Insecta,Diptera,Culicidae,Psorophora,Psorophora columbiae,233,7/27/2017,HickoryBottoms,C,7/12/2017,68,Pool
72717HBPoolC4,OTU231,GS,100,BOLD:AAD2590,Animalia,Arthropoda,Insecta,Lepidoptera,Gracillariidae,Caloptilia,Caloptilia packardella,19,7/27/2017,HickoryBottoms,C,7/12/2017,68,Pool
72717HBPoolC4,OTU241,US,0.9963,BOLD:AAZ5765,Animalia,Arthropoda,Insecta,Coleoptera,NA,NA,NA,107,7/27/2017,HickoryBottoms,C,7/12/2017,68,Pool
72717HBPoolC4,OTU242,GS,100,BOLD:ACD9132,Animalia,Arthropoda,Insecta,Hemiptera,Rhyparochromidae,Perigenes,Perigenes constrictus,216,7/27/2017,HickoryBottoms,C,7/12/2017,68,Pool
72717HBPoolC4,OTU244,GS,100,BOLD:AAB1096,Animalia,Arthropoda,Insecta,Lepidoptera,Blastobasidae,Blastobasis,Blastobasis glandulella,53,7/27/2017,HickoryBottoms,C,7/12/2017,68,Pool
72717HBPoolC4,OTU265,GS,100,BOLD:AAQ3192,Animalia,Arthropoda,Insecta,Lepidoptera,Dryadaulidae,Dryadaula,NA,36,7/27/2017,HickoryBottoms,C,7/12/2017,68,Pool
72717HBPoolC4,OTU268,US,0.9963,BOLD:ACT8457,Animalia,Arthropoda,Insecta,Hymenoptera,NA,NA,NA,61,7/27/2017,HickoryBottoms,C,7/12/2017,68,Pool
72717HBPoolC4,OTU274,SS,0.94,BOLD:AAD6072,Animalia,Arthropoda,Insecta,Ephemeroptera,Baetidae,Centroptilum,Centroptilum triangulifer,189,7/27/2017,HickoryBottoms,C,7/12/2017,68,Pool
72717HBPoolC4,OTU290,GS,100,BOLD:AAE4427,Animalia,Arthropoda,Insecta,Lepidoptera,Tineidae,Xylesthia,Xylesthia pruniramiella,28,7/27/2017,HickoryBottoms,C,7/12/2017,68,Pool
72717HBPoolC4,OTU314,GS,98.9,BOLD:AAB0603,Animalia,Arthropoda,Insecta,Lepidoptera,Gelechiidae,Pseudotelphusa,Pseudotelphusa quercinigracella,98,7/27/2017,HickoryBottoms,C,7/12/2017,68,Pool
72717HBPoolC4,OTU323,GS,98.9,BOLD:AAA5103,Animalia,Arthropoda,Insecta,Diptera,Culicidae,Anopheles,Anopheles crucians,45,7/27/2017,HickoryBottoms,C,7/12/2017,68,Pool
72717HBPoolC4,OTU354,SS,0.48,BOLD:AAM6278,Animalia,Arthropoda,Insecta,Diptera,NA,NA,NA,19,7/27/2017,HickoryBottoms,C,7/12/2017,68,Pool
72717HBPoolC4,OTU355,GS,99.4,BOLD:AAB3917,Animalia,Arthropoda,Insecta,Lepidoptera,Depressariidae,Psilocorsis,Psilocorsis quercicella,25,7/27/2017,HickoryBottoms,C,7/12/2017,68,Pool
72717HBPoolC4,OTU360,US,0.9803,BOLD:ACA7899,Animalia,Arthropoda,Insecta,Lepidoptera,NA,NA,NA,13,7/27/2017,HickoryBottoms,C,7/12/2017,68,Pool
72717HBPoolC4,OTU363,GS,100,BOLD:AAB4093,Animalia,Arthropoda,Insecta,Lepidoptera,Noctuidae,Elaphria,Elaphria grata,18,7/27/2017,HickoryBottoms,C,7/12/2017,68,Pool
72717HBPoolC4,OTU383,GS,100,BOLD:AAA1467,Animalia,Arthropoda,Insecta,Hymenoptera,Formicidae,Formica,Formica neogagates group,4,7/27/2017,HickoryBottoms,C,7/12/2017,68,Pool
72717HBPoolC4,OTU410,SS,0.26,BOLD:ABZ3458,Animalia,Arthropoda,Insecta,Lepidoptera,NA,NA,NA,145,7/27/2017,HickoryBottoms,C,7/12/2017,68,Pool
72717HBPoolC4,OTU431,US,0,BOLD:ABA5252,Animalia,Arthropoda,Insecta,Diptera,NA,NA,NA,32,7/27/2017,HickoryBottoms,C,7/12/2017,68,Pool
72717HBPoolC4,OTU460,GS,100,BOLD:AAN6350,Animalia,Arthropoda,Arachnida,Araneae,NA,NA,NA,39,7/27/2017,HickoryBottoms,C,7/12/2017,68,Pool
72717HBPoolC4,OTU463,SS,0.21,BOLD:AAF2681,Animalia,Arthropoda,Insecta,Lepidoptera,NA,NA,NA,365,7/27/2017,HickoryBottoms,C,7/12/2017,68,Pool
72717HBPoolC4,OTU465,SS,0.66,BOLD:AAG0758,Animalia,Arthropoda,Insecta,Coleoptera,NA,NA,NA,31,7/27/2017,HickoryBottoms,C,7/12/2017,68,Pool
72717HBPoolC4,OTU555,GS,99.4,BOLD:ACP9932,Animalia,Arthropoda,Insecta,Coleoptera,Carabidae,Dicaelus,Dicaelus furvus,122,7/27/2017,HickoryBottoms,C,7/12/2017,68,Pool
72717HBPoolC4,OTU573,GS,98.9,BOLD:AAB8921,Animalia,Arthropoda,Insecta,Lepidoptera,Zygaenidae,Harrisina,Harrisina americana,6,7/27/2017,HickoryBottoms,C,7/12/2017,68,Pool
72717HBPoolC4,OTU596,GS,100,BOLD:AAE5853,Animalia,Arthropoda,Insecta,Lepidoptera,Apatelodidae,Olceclostera,Olceclostera indistincta,392,7/27/2017,HickoryBottoms,C,7/12/2017,68,Pool
72717HBPoolC4,OTU650,GS,100,BOLD:AAY8475,Animalia,Arthropoda,Insecta,Diptera,Sarcophagidae,Sarcophaga,Sarcophaga mimoris,24,7/27/2017,HickoryBottoms,C,7/12/2017,68,Pool
72717HBPoolC4,OTU678,GS,98.6,BOLD:AAB0602,Animalia,Arthropoda,Insecta,Lepidoptera,Gelechiidae,Pseudotelphusa,Pseudotelphusa quercinigracella,79,7/27/2017,HickoryBottoms,C,7/12/2017,68,Pool
72717HBPoolC4,OTU726,GS,100,BOLD:AAB7772,Animalia,Arthropoda,Insecta,Lepidoptera,Gelechiidae,Dichomeris,Dichomeris punctipennella,30,7/27/2017,HickoryBottoms,C,7/12/2017,68,Pool
72717HBPoolC4,OTU763,GS,100,BOLD:AAA7892,Animalia,Arthropoda,Insecta,Lepidoptera,Depressariidae,Machimia,Machimia tentoriferella,134,7/27/2017,HickoryBottoms,C,7/12/2017,68,Pool
72717HBPoolC4,OTU780,GS,100,BOLD:AAF2475,Animalia,Arthropoda,Insecta,Lepidoptera,Autostichidae,Sceptea,Sceptea aequepulvella,62,7/27/2017,HickoryBottoms,C,7/12/2017,68,Pool
72717HBPoolC4,OTU803,GS,100,BOLD:AAA9120,Animalia,Arthropoda,Insecta,Lepidoptera,Sphingidae,Hemaris,Hemaris diffinis,46,7/27/2017,HickoryBottoms,C,7/12/2017,68,Pool
72717HBPoolC4,OTU806,US,0.9916,BOLD:ACT8457,Animalia,Arthropoda,Insecta,Hymenoptera,NA,NA,NA,9,7/27/2017,HickoryBottoms,C,7/12/2017,68,Pool
72717HBPoolC4,OTU834,US,0.0169,BOLD:AAG8812,Animalia,Arthropoda,Insecta,Hemiptera,NA,NA,NA,138,7/27/2017,HickoryBottoms,C,7/12/2017,68,Pool
72717HBPoolC4,OTU840,US,0.0169,BOLD:AAU7129,Animalia,Arthropoda,Insecta,Coleoptera,NA,NA,NA,80,7/27/2017,HickoryBottoms,C,7/12/2017,68,Pool
72717HBPoolC4,OTU867,GS,100,BOLD:AAC8834,Animalia,Arthropoda,Arachnida,Araneae,Araneidae,Mecynogea,Mecynogea lemniscata,6,7/27/2017,HickoryBottoms,C,7/12/2017,68,Pool
72717HBPoolC4,OTU931,GS,100,BOLD:ACU7066,Animalia,Arthropoda,Insecta,Diptera,Psychodidae,NA,NA,65,7/27/2017,HickoryBottoms,C,7/12/2017,68,Pool
72717HBPoolC4,OTU976,GS,97.2,BOLD:AAA5872,Animalia,Arthropoda,Insecta,Lepidoptera,Gelechiidae,Chionodes,Chionodes mediofuscella,3,7/27/2017,HickoryBottoms,C,7/12/2017,68,Pool
72717HBPoolC4,OTU984,SS,0.62,BOLD:AAB8259,Animalia,Arthropoda,Insecta,Hymenoptera,Formicidae,NA,NA,65,7/27/2017,HickoryBottoms,C,7/12/2017,68,Pool
72717HBPoolC4,OTU1015,GS,100,BOLD:ACX7075,Animalia,Arthropoda,Insecta,Lepidoptera,Blastobasidae,Pigritia,NA,33,7/27/2017,HickoryBottoms,C,7/12/2017,68,Pool
72717HBPoolC4,OTU1080,GS,100,BOLD:AAB9450,Animalia,Arthropoda,Insecta,Lepidoptera,NA,NA,NA,41,7/27/2017,HickoryBottoms,C,7/12/2017,68,Pool
72717HBPoolC4,OTU1097,GS,97.2,BOLD:AAN5451,Animalia,Arthropoda,Arachnida,Araneae,Araneidae,Eustala,NA,57,7/27/2017,HickoryBottoms,C,7/12/2017,68,Pool
72717HBPoolC4,OTU1138,US,0,BOLD:ACF8271,Animalia,Arthropoda,Insecta,Hymenoptera,NA,NA,NA,32,7/27/2017,HickoryBottoms,C,7/12/2017,68,Pool
72717HBPoolC4,OTU1265,SS,0.83,BOLD:AAF4632,Animalia,Arthropoda,Insecta,Diptera,Limoniidae,Epiphragma,Epiphragma solatrix,4,7/27/2017,HickoryBottoms,C,7/12/2017,68,Pool
72717HBPoolC4,OTU1291,GS,98.9,BOLD:AAB8467,Animalia,Arthropoda,Insecta,Lepidoptera,Erebidae,Phalaenostola,Phalaenostola eumelusalis,88,7/27/2017,HickoryBottoms,C,7/12/2017,68,Pool
72717HBPoolC4,OTU1317,SS,0.01,BOLD:AAN5451,Animalia,Arthropoda,Arachnida,Araneae,Araneidae,Eustala,NA,6,7/27/2017,HickoryBottoms,C,7/12/2017,68,Pool
72717HBPoolC4,OTU1360,GS,100,BOLD:AAB3170,Animalia,Arthropoda,Insecta,Lepidoptera,Tineidae,Homostinea,Homostinea curviliniella,11,7/27/2017,HickoryBottoms,C,7/12/2017,68,Pool
72717HBPoolC4,OTU1413,GS,99.4,BOLD:AAI1862,Animalia,Arthropoda,Insecta,Lepidoptera,Tineidae,Homosetia,NA,54,7/27/2017,HickoryBottoms,C,7/12/2017,68,Pool
72717HBPoolC4,OTU1522,SS,0.57,BOLD:AAF9008,Animalia,Arthropoda,Insecta,Diptera,NA,NA,NA,2,7/27/2017,HickoryBottoms,C,7/12/2017,68,Pool
72717HBPoolC4,OTU1537,SS,0.66,BOLD:AAC1892,Animalia,Arthropoda,Insecta,NA,NA,NA,NA,15,7/27/2017,HickoryBottoms,C,7/12/2017,68,Pool
72717HBPoolC4,OTU1669,GS,97.8,BOLD:AAE6553,Animalia,Arthropoda,Insecta,Lepidoptera,Gracillariidae,Phyllonorycter,Phyllonorycter acerifoliella,22,7/27/2017,HickoryBottoms,C,7/12/2017,68,Pool
72717HBPoolC4,OTU1690,US,0,None,Animalia,Arthropoda,Insecta,Hymenoptera,NA,NA,NA,24,7/27/2017,HickoryBottoms,C,7/12/2017,68,Pool
72717HBPoolC4,OTU1721,GSL,97.8,BOLD:AAE4545,Animalia,Arthropoda,Insecta,Lepidoptera,NA,NA,NA,7,7/27/2017,HickoryBottoms,C,7/12/2017,68,Pool
72717HBPoolC4,OTU1722,GS,97.8,BOLD:AAB8920,Animalia,Arthropoda,Insecta,Lepidoptera,Zygaenidae,Harrisina,Harrisina americana,28,7/27/2017,HickoryBottoms,C,7/12/2017,68,Pool
72717HBPoolC4,OTU1745,GS,100,BOLD:AAN8064,Animalia,Arthropoda,Insecta,Hymenoptera,Platygastridae,NA,NA,15,7/27/2017,HickoryBottoms,C,7/12/2017,68,Pool
72717HBPoolC4,OTU1764,US,0.9934,BOLD:ACQ7934,Animalia,Arthropoda,Insecta,Hymenoptera,NA,NA,NA,1,7/27/2017,HickoryBottoms,C,7/12/2017,68,Pool
72717HBPoolC4,OTU1795,US,0.9963,BOLD:AAG3179,Animalia,Arthropoda,Insecta,Diptera,NA,NA,NA,6,7/27/2017,HickoryBottoms,C,7/12/2017,68,Pool
72717HBPoolC4,OTU1799,SS,0.24,BOLD:AAA4967,Animalia,Arthropoda,Insecta,Lepidoptera,NA,NA,NA,6,7/27/2017,HickoryBottoms,C,7/12/2017,68,Pool
7272017EGA1,OTU3,GS,100,BOLD:AAP2734,Animalia,Arthropoda,Insecta,Diptera,Limoniidae,Erioptera,Erioptera parva,889,7/27/2017,Egner,A,7/19/2017,2,Single
7272017EGA1,OTU4,GS,100,BOLD:AAN5882,Animalia,Arthropoda,Insecta,Diptera,Limoniidae,Erioptera,Erioptera caliptera,837,7/27/2017,Egner,A,7/19/2017,2,Single
7272017EGA1,OTU5,GS,99.4,BOLD:AAN5451,Animalia,Arthropoda,Arachnida,Araneae,Araneidae,Eustala,NA,1524,7/27/2017,Egner,A,7/19/2017,2,Single
7272017EGA1,OTU11,GS,99.4,BOLD:AAG3848,Animalia,Arthropoda,Insecta,Diptera,Culicidae,Culex,Culex erraticus,1110,7/27/2017,Egner,A,7/19/2017,2,Single
7272017EGA1,OTU14,GS,99.4,BOLD:AAO3940,Animalia,Arthropoda,Insecta,Diptera,Limoniidae,Rhipidia,NA,2393,7/27/2017,Egner,A,7/19/2017,2,Single
7272017EGA1,OTU16,GS,100,BOLD:AAA7067,Animalia,Arthropoda,Insecta,Diptera,Culicidae,Aedes,Aedes vexans,530,7/27/2017,Egner,A,7/19/2017,2,Single
7272017EGA1,OTU17,GS,100,BOLD:AAB3702,Animalia,Arthropoda,Insecta,Trichoptera,Hydropsychidae,Potamyia,Potamyia flava,105,7/27/2017,Egner,A,7/19/2017,2,Single
7272017EGA1,OTU23,GS,100,BOLD:AAF9008,Animalia,Arthropoda,Insecta,Diptera,Limoniidae,Helius,Helius flavipes,1637,7/27/2017,Egner,A,7/19/2017,2,Single
7272017EGA1,OTU25,GS,100,BOLD:ACF0083,Animalia,Arthropoda,Insecta,Diptera,Tabanidae,Tabanus,Tabanus similis,125,7/27/2017,Egner,A,7/19/2017,2,Single
7272017EGA1,OTU34,GS,100,BOLD:AAM6211,Animalia,Arthropoda,Insecta,Diptera,Chironomidae,Glyptotendipes,NA,315,7/27/2017,Egner,A,7/19/2017,2,Single
7272017EGA1,OTU35,GS,100,BOLD:ABW4215,Animalia,Arthropoda,Insecta,Diptera,Chironomidae,Glyptotendipes,Glyptotendipes meridionalis,198,7/27/2017,Egner,A,7/19/2017,2,Single
7272017EGA1,OTU42,US,1,None,Animalia,Arthropoda,Insecta,Diptera,NA,NA,NA,5555,7/27/2017,Egner,A,7/19/2017,2,Single
7272017EGA1,OTU68,GS,100,BOLD:AAB7030,Animalia,Arthropoda,Insecta,Diptera,Chironomidae,Chironomus,Chironomus decorus,349,7/27/2017,Egner,A,7/19/2017,2,Single
7272017EGA1,OTU71,GSL,100,BOLD:AAA7661,Animalia,Arthropoda,Insecta,Diptera,Culicidae,NA,NA,1073,7/27/2017,Egner,A,7/19/2017,2,Single
7272017EGA1,OTU76,US,1,BOLD:ACY1454,Animalia,Arthropoda,Insecta,Hemiptera,NA,NA,NA,2346,7/27/2017,Egner,A,7/19/2017,2,Single
7272017EGA1,OTU83,GS,100,BOLD:ABA5203,Animalia,Arthropoda,Insecta,Diptera,Limoniidae,Dicranomyia,Dicranomyia frontalis,64,7/27/2017,Egner,A,7/19/2017,2,Single
7272017EGA1,OTU88,GS,100,BOLD:AAE0434,Animalia,Arthropoda,Insecta,Diptera,Culicidae,Uranotaenia,Uranotaenia sapphirina,309,7/27/2017,Egner,A,7/19/2017,2,Single
7272017EGA1,OTU97,GS,100,BOLD:AAB7935,Animalia,Arthropoda,Arachnida,Araneae,Araneidae,Eustala,Eustala cepina,43,7/27/2017,Egner,A,7/19/2017,2,Single
7272017EGA1,OTU99,US,1,BOLD:ACF7919,Animalia,Arthropoda,Collembola,Poduromorpha,NA,NA,NA,114,7/27/2017,Egner,A,7/19/2017,2,Single
7272017EGA1,OTU111,GS,99.4,BOLD:AAG1794,Animalia,Arthropoda,Arachnida,Araneae,Theridiidae,Theridion,Theridion glaucescens,1550,7/27/2017,Egner,A,7/19/2017,2,Single
7272017EGA1,OTU120,GS,100,BOLD:AAV3042,Animalia,Arthropoda,Arachnida,Araneae,Theridiidae,Theridion,Theridion albidum,232,7/27/2017,Egner,A,7/19/2017,2,Single
7272017EGA1,OTU147,GS,100,BOLD:AAA4056,Animalia,Arthropoda,Insecta,Lepidoptera,Geometridae,Hypagyrtis,Hypagyrtis piniata,1261,7/27/2017,Egner,A,7/19/2017,2,Single
7272017EGA1,OTU163,GS,100,BOLD:ACU2218,Animalia,Arthropoda,Arachnida,Araneae,Theridiidae,Platnickina,Platnickina alabamensis,4922,7/27/2017,Egner,A,7/19/2017,2,Single
7272017EGA1,OTU180,GS,100,BOLD:AAM8933,Animalia,Arthropoda,Insecta,Psocodea,Amphipsocidae,Polypsocus,Polypsocus corruptus,14,7/27/2017,Egner,A,7/19/2017,2,Single
7272017EGA1,OTU188,US,0.9936,BOLD:ABX7390,Animalia,Arthropoda,Insecta,Diptera,NA,NA,NA,3304,7/27/2017,Egner,A,7/19/2017,2,Single
7272017EGA1,OTU219,GS,100,BOLD:AAD1855,Animalia,Arthropoda,Insecta,Lepidoptera,Tortricidae,Episimus,Episimus tyrius,262,7/27/2017,Egner,A,7/19/2017,2,Single
7272017EGA1,OTU283,GS,100,BOLD:AAZ5968,Animalia,Arthropoda,Insecta,Diptera,Limoniidae,NA,NA,109,7/27/2017,Egner,A,7/19/2017,2,Single
7272017EGA1,OTU287,GS,98.9,BOLD:AAG5457,Animalia,Arthropoda,Insecta,Diptera,Chironomidae,NA,NA,86,7/27/2017,Egner,A,7/19/2017,2,Single
7272017EGA1,OTU311,US,0.9881,BOLD:AAY6678,Animalia,Arthropoda,Pycnogonida,Pantopoda,NA,NA,NA,1501,7/27/2017,Egner,A,7/19/2017,2,Single
7272017EGA1,OTU334,US,1,None,Animalia,Arthropoda,Insecta,Hymenoptera,NA,NA,NA,1143,7/27/2017,Egner,A,7/19/2017,2,Single
7272017EGA1,OTU346,US,0,None,Animalia,Arthropoda,Insecta,Hymenoptera,NA,NA,NA,420,7/27/2017,Egner,A,7/19/2017,2,Single
7272017EGA1,OTU361,US,1,None,Animalia,Arthropoda,Arachnida,Araneae,NA,NA,NA,55,7/27/2017,Egner,A,7/19/2017,2,Single
7272017EGA1,OTU424,GS,100,BOLD:ABZ3656,Animalia,Arthropoda,Insecta,Lepidoptera,Depressariidae,Psilocorsis,Psilocorsis reflexella,42,7/27/2017,Egner,A,7/19/2017,2,Single
7272017EGA1,OTU474,US,0.3056,None,Animalia,Arthropoda,Insecta,Hemiptera,NA,NA,NA,493,7/27/2017,Egner,A,7/19/2017,2,Single
7272017EGA1,OTU477,US,1,None,Animalia,Arthropoda,Insecta,Coleoptera,NA,NA,NA,4,7/27/2017,Egner,A,7/19/2017,2,Single
7272017EGA1,OTU522,US,0.3913,None,Animalia,Arthropoda,Insecta,Ephemeroptera,NA,NA,NA,31,7/27/2017,Egner,A,7/19/2017,2,Single
7272017EGA1,OTU629,GS,100,BOLD:ADG6392,Animalia,Arthropoda,Insecta,Isoptera,Rhinotermitidae,Reticulitermes,NA,328,7/27/2017,Egner,A,7/19/2017,2,Single
7272017EGA1,OTU634,SS,0.84,BOLD:AAZ5977,Animalia,Arthropoda,Insecta,Diptera,Stratiomyidae,Oxycera,Oxycera albovittata,173,7/27/2017,Egner,A,7/19/2017,2,Single
7272017EGA1,OTU635,GS,97.2,BOLD:AAN5882,Animalia,Arthropoda,Insecta,Diptera,Limoniidae,Erioptera,Erioptera caliptera,32,7/27/2017,Egner,A,7/19/2017,2,Single
7272017EGA1,OTU656,GS,99.4,BOLD:AAZ0144,Animalia,Arthropoda,Insecta,Diptera,Chironomidae,Chironomus,NA,333,7/27/2017,Egner,A,7/19/2017,2,Single
7272017EGA1,OTU674,US,0,BOLD:AAG4815,Animalia,Arthropoda,Arachnida,Mesostigmata,NA,NA,NA,41,7/27/2017,Egner,A,7/19/2017,2,Single
7272017EGA1,OTU746,GS,100,BOLD:AAB7995,Animalia,Arthropoda,Arachnida,Araneae,Tetragnathidae,Tetragnatha,Tetragnatha shoshone,12,7/27/2017,Egner,A,7/19/2017,2,Single
7272017EGA1,OTU754,US,1,BOLD:AAV1202,Animalia,Arthropoda,Insecta,Coleoptera,NA,NA,NA,145,7/27/2017,Egner,A,7/19/2017,2,Single
7272017EGA1,OTU762,US,0.1935,None,Animalia,Arthropoda,Insecta,Diptera,NA,NA,NA,119,7/27/2017,Egner,A,7/19/2017,2,Single
7272017EGA1,OTU850,US,1,BOLD:AAZ0997,Animalia,Arthropoda,Insecta,Hymenoptera,NA,NA,NA,137,7/27/2017,Egner,A,7/19/2017,2,Single
7272017EGA1,OTU907,SS,0.01,BOLD:AAO3940,Animalia,Arthropoda,Insecta,Diptera,Limoniidae,Rhipidia,NA,5,7/27/2017,Egner,A,7/19/2017,2,Single
7272017EGA1,OTU1097,GS,97.2,BOLD:AAN5451,Animalia,Arthropoda,Arachnida,Araneae,Araneidae,Eustala,NA,79,7/27/2017,Egner,A,7/19/2017,2,Single
7272017EGA1,OTU1239,GS,100,BOLD:AAA7227,Animalia,Arthropoda,Insecta,Lepidoptera,Erebidae,Panopoda,Panopoda rufimargo,70,7/27/2017,Egner,A,7/19/2017,2,Single
7272017EGA1,OTU1244,SS,0.81,BOLD:AAN5882,Animalia,Arthropoda,Insecta,Diptera,Limoniidae,Erioptera,Erioptera caliptera,19,7/27/2017,Egner,A,7/19/2017,2,Single
7272017EGA1,OTU1274,GS,98.9,BOLD:AAG6465,Animalia,Arthropoda,Insecta,Diptera,Ceratopogonidae,NA,NA,16,7/27/2017,Egner,A,7/19/2017,2,Single
7272017EGA1,OTU1317,SS,0.01,BOLD:AAN5451,Animalia,Arthropoda,Arachnida,Araneae,Araneidae,Eustala,NA,7,7/27/2017,Egner,A,7/19/2017,2,Single
7272017EGA1,OTU1350,GS,97.2,BOLD:AAA7067,Animalia,Arthropoda,Insecta,Diptera,Culicidae,Aedes,Aedes vexans,56,7/27/2017,Egner,A,7/19/2017,2,Single
7272017EGA1,OTU1351,SS,0.94,BOLD:AAB7030,Animalia,Arthropoda,Insecta,Diptera,Chironomidae,Chironomus,Chironomus decorus,21,7/27/2017,Egner,A,7/19/2017,2,Single
7272017EGA1,OTU1442,US,0.9919,BOLD:ACG5690,Animalia,Arthropoda,Insecta,Diptera,NA,NA,NA,29,7/27/2017,Egner,A,7/19/2017,2,Single
7272017EGA1,OTU1449,GS,100,BOLD:AAB1787,Animalia,Arthropoda,Insecta,Hemiptera,Aphididae,Acyrthosiphon,Acyrthosiphon pisum,30,7/27/2017,Egner,A,7/19/2017,2,Single
7272017EGA1,OTU1460,US,0.4,None,Animalia,Arthropoda,Arachnida,Araneae,NA,NA,NA,71,7/27/2017,Egner,A,7/19/2017,2,Single
7272017EGA1,OTU1480,US,0.9249,BOLD:AAN5882,Animalia,Arthropoda,Insecta,Diptera,NA,NA,NA,2,7/27/2017,Egner,A,7/19/2017,2,Single
7272017EGA1,OTU1516,US,0.2887,None,Animalia,Arthropoda,Insecta,Ephemeroptera,NA,NA,NA,30,7/27/2017,Egner,A,7/19/2017,2,Single
7272017EGA1,OTU1522,SS,0.57,BOLD:AAF9008,Animalia,Arthropoda,Insecta,Diptera,NA,NA,NA,1,7/27/2017,Egner,A,7/19/2017,2,Single
7272017EGA1,OTU1554,SS,0.92,BOLD:AAP2734,Animalia,Arthropoda,Insecta,Diptera,Limoniidae,Erioptera,Erioptera parva,42,7/27/2017,Egner,A,7/19/2017,2,Single
7272017EGA1,OTU1566,US,1,None,Animalia,Arthropoda,Insecta,Hymenoptera,NA,NA,NA,27,7/27/2017,Egner,A,7/19/2017,2,Single
7272017EGA1,OTU1576,GS,97.8,BOLD:AAN5881,Animalia,Arthropoda,Insecta,Diptera,Limoniidae,NA,NA,4,7/27/2017,Egner,A,7/19/2017,2,Single
7272017EGA1,OTU1593,GS,99.4,BOLD:AAH4493,Animalia,Arthropoda,Insecta,Lepidoptera,Gracillariidae,Cameraria,Cameraria saccharella,30,7/27/2017,Egner,A,7/19/2017,2,Single
7272017EGA1,OTU1664,SS,0.26,BOLD:AAF9008,Animalia,Arthropoda,Insecta,Diptera,NA,NA,NA,4,7/27/2017,Egner,A,7/19/2017,2,Single
7272017EGA1,OTU1688,US,0,None,Animalia,Arthropoda,Insecta,Hymenoptera,NA,NA,NA,19,7/27/2017,Egner,A,7/19/2017,2,Single
7272017EGA1,OTU1748,SS,0.6,BOLD:ACF8409,Animalia,Arthropoda,Insecta,Diptera,NA,NA,NA,6,7/27/2017,Egner,A,7/19/2017,2,Single
7272017EGA1,OTU1782,US,0.9249,BOLD:AAO3940,Animalia,Arthropoda,Insecta,Diptera,NA,NA,NA,1,7/27/2017,Egner,A,7/19/2017,2,Single
7272017EGA1,OTU1834,SS,0.74,BOLD:AAF4632,Animalia,Arthropoda,Insecta,Diptera,NA,NA,NA,5,7/27/2017,Egner,A,7/19/2017,2,Single
7272017EGA1,OTU1871,SS,0.85,BOLD:AAG3848,Animalia,Arthropoda,Insecta,Diptera,Culicidae,Culex,Culex erraticus,3,7/27/2017,Egner,A,7/19/2017,2,Single
7272017EGA1,OTU1873,GS,98.9,BOLD:AAM7259,Animalia,Arthropoda,Insecta,Diptera,Tipulidae,NA,NA,10,7/27/2017,Egner,A,7/19/2017,2,Single
7272017EGA1,OTU1878,SS,0.78,BOLD:ABW4215,Animalia,Arthropoda,Insecta,Diptera,NA,NA,NA,2,7/27/2017,Egner,A,7/19/2017,2,Single
7272017EGA2,OTU4,GS,100,BOLD:AAN5882,Animalia,Arthropoda,Insecta,Diptera,Limoniidae,Erioptera,Erioptera caliptera,2259,7/27/2017,Egner,A,7/19/2017,2,Single
7272017EGA2,OTU14,GS,99.4,BOLD:AAO3940,Animalia,Arthropoda,Insecta,Diptera,Limoniidae,Rhipidia,NA,2131,7/27/2017,Egner,A,7/19/2017,2,Single
7272017EGA2,OTU16,GS,100,BOLD:AAA7067,Animalia,Arthropoda,Insecta,Diptera,Culicidae,Aedes,Aedes vexans,409,7/27/2017,Egner,A,7/19/2017,2,Single
7272017EGA2,OTU25,GS,100,BOLD:ACF0083,Animalia,Arthropoda,Insecta,Diptera,Tabanidae,Tabanus,Tabanus similis,159,7/27/2017,Egner,A,7/19/2017,2,Single
7272017EGA2,OTU42,US,1,None,Animalia,Arthropoda,Insecta,Diptera,NA,NA,NA,1008,7/27/2017,Egner,A,7/19/2017,2,Single
7272017EGA2,OTU68,GS,100,BOLD:AAB7030,Animalia,Arthropoda,Insecta,Diptera,Chironomidae,Chironomus,Chironomus decorus,86,7/27/2017,Egner,A,7/19/2017,2,Single
7272017EGA2,OTU69,GS,98.3,BOLD:ACH3633,Animalia,Arthropoda,Arachnida,Trombidiformes,Pionidae,NA,NA,127,7/27/2017,Egner,A,7/19/2017,2,Single
7272017EGA2,OTU76,US,1,BOLD:ACY1454,Animalia,Arthropoda,Insecta,Hemiptera,NA,NA,NA,1426,7/27/2017,Egner,A,7/19/2017,2,Single
7272017EGA2,OTU87,US,0,BOLD:ABY2339,Animalia,Arthropoda,Insecta,Diptera,NA,NA,NA,62,7/27/2017,Egner,A,7/19/2017,2,Single
7272017EGA2,OTU88,GS,100,BOLD:AAE0434,Animalia,Arthropoda,Insecta,Diptera,Culicidae,Uranotaenia,Uranotaenia sapphirina,34,7/27/2017,Egner,A,7/19/2017,2,Single
7272017EGA2,OTU115,GS,100,BOLD:AAA4942,Animalia,Arthropoda,Arachnida,Araneae,Tetragnathidae,Tetragnatha,Tetragnatha elongata,22,7/27/2017,Egner,A,7/19/2017,2,Single
7272017EGA2,OTU159,US,1,BOLD:ACG2017,Animalia,Arthropoda,Insecta,Coleoptera,NA,NA,NA,110,7/27/2017,Egner,A,7/19/2017,2,Single
7272017EGA2,OTU188,US,0.9936,BOLD:ABX7390,Animalia,Arthropoda,Insecta,Diptera,NA,NA,NA,78,7/27/2017,Egner,A,7/19/2017,2,Single
7272017EGA2,OTU190,GS,100,BOLD:ABY7666,Animalia,Arthropoda,Insecta,Diptera,Culicidae,Culex,Culex territans,53,7/27/2017,Egner,A,7/19/2017,2,Single
7272017EGA2,OTU209,GS,100,BOLD:AAF9019,Animalia,Arthropoda,Insecta,Diptera,NA,NA,NA,37,7/27/2017,Egner,A,7/19/2017,2,Single
7272017EGA2,OTU212,US,1,BOLD:ACE7661,Animalia,Arthropoda,Arachnida,Araneae,NA,NA,NA,17,7/27/2017,Egner,A,7/19/2017,2,Single
7272017EGA2,OTU219,GS,100,BOLD:AAD1855,Animalia,Arthropoda,Insecta,Lepidoptera,Tortricidae,Episimus,Episimus tyrius,21,7/27/2017,Egner,A,7/19/2017,2,Single
7272017EGA2,OTU258,GS,100,BOLD:ACA7555,Animalia,Arthropoda,Insecta,Diptera,Chironomidae,NA,NA,9,7/27/2017,Egner,A,7/19/2017,2,Single
7272017EGA2,OTU327,US,0.9919,BOLD:AAE3250,Animalia,Arthropoda,Arachnida,Trombidiformes,NA,NA,NA,16,7/27/2017,Egner,A,7/19/2017,2,Single
7272017EGA2,OTU334,US,1,None,Animalia,Arthropoda,Insecta,Hymenoptera,NA,NA,NA,6,7/27/2017,Egner,A,7/19/2017,2,Single
7272017EGA2,OTU405,GSL,100,BOLD:ACF2821,Animalia,Arthropoda,Insecta,Diptera,Mycetophilidae,Mycetophila,Mycetophila perpallida,6,7/27/2017,Egner,A,7/19/2017,2,Single
7272017EGA2,OTU474,US,0.3056,None,Animalia,Arthropoda,Insecta,Hemiptera,NA,NA,NA,38,7/27/2017,Egner,A,7/19/2017,2,Single
7272017EGA2,OTU484,US,0.2259,BOLD:ACT8191,Animalia,Arthropoda,Arachnida,Araneae,NA,NA,NA,3,7/27/2017,Egner,A,7/19/2017,2,Single
7272017EGA2,OTU907,SS,0.01,BOLD:AAO3940,Animalia,Arthropoda,Insecta,Diptera,Limoniidae,Rhipidia,NA,3,7/27/2017,Egner,A,7/19/2017,2,Single
7272017EGA2,OTU1078,SS,0.86,BOLD:AAG0758,Animalia,Arthropoda,Insecta,Coleoptera,Pyrochroidae,Dendroides,Dendroides canadensis,5,7/27/2017,Egner,A,7/19/2017,2,Single
7272017EGA2,OTU1244,SS,0.81,BOLD:AAN5882,Animalia,Arthropoda,Insecta,Diptera,Limoniidae,Erioptera,Erioptera caliptera,472,7/27/2017,Egner,A,7/19/2017,2,Single
7272017EGA2,OTU1350,GS,97.2,BOLD:AAA7067,Animalia,Arthropoda,Insecta,Diptera,Culicidae,Aedes,Aedes vexans,53,7/27/2017,Egner,A,7/19/2017,2,Single
7272017EGA2,OTU1351,SS,0.94,BOLD:AAB7030,Animalia,Arthropoda,Insecta,Diptera,Chironomidae,Chironomus,Chironomus decorus,5,7/27/2017,Egner,A,7/19/2017,2,Single
7272017EGA2,OTU1434,GS,97.6,BOLD:AAA7067,Animalia,Arthropoda,Insecta,Diptera,Culicidae,Aedes,Aedes vexans,2,7/27/2017,Egner,A,7/19/2017,2,Single
7272017EGA2,OTU1507,GS,99.4,BOLD:ACA3913,Animalia,Arthropoda,Insecta,Coleoptera,Elateridae,Athous,Athous brightwelli,27,7/27/2017,Egner,A,7/19/2017,2,Single
7272017EGA2,OTU1748,SS,0.6,BOLD:ACF8409,Animalia,Arthropoda,Insecta,Diptera,NA,NA,NA,75,7/27/2017,Egner,A,7/19/2017,2,Single
7272017EGA2,OTU1800,US,0.3913,None,Animalia,Arthropoda,Insecta,Diptera,NA,NA,NA,2,7/27/2017,Egner,A,7/19/2017,2,Single
7272017EGA3,OTU4,GS,100,BOLD:AAN5882,Animalia,Arthropoda,Insecta,Diptera,Limoniidae,Erioptera,Erioptera caliptera,33802,7/27/2017,Egner,A,7/19/2017,2,Single
7272017EGA3,OTU11,GS,99.4,BOLD:AAG3848,Animalia,Arthropoda,Insecta,Diptera,Culicidae,Culex,Culex erraticus,1092,7/27/2017,Egner,A,7/19/2017,2,Single
7272017EGA3,OTU14,GS,99.4,BOLD:AAO3940,Animalia,Arthropoda,Insecta,Diptera,Limoniidae,Rhipidia,NA,1658,7/27/2017,Egner,A,7/19/2017,2,Single
7272017EGA3,OTU16,GS,100,BOLD:AAA7067,Animalia,Arthropoda,Insecta,Diptera,Culicidae,Aedes,Aedes vexans,264,7/27/2017,Egner,A,7/19/2017,2,Single
7272017EGA3,OTU34,GS,100,BOLD:AAM6211,Animalia,Arthropoda,Insecta,Diptera,Chironomidae,Glyptotendipes,NA,327,7/27/2017,Egner,A,7/19/2017,2,Single
7272017EGA3,OTU35,GS,100,BOLD:ABW4215,Animalia,Arthropoda,Insecta,Diptera,Chironomidae,Glyptotendipes,Glyptotendipes meridionalis,329,7/27/2017,Egner,A,7/19/2017,2,Single
7272017EGA3,OTU42,US,1,None,Animalia,Arthropoda,Insecta,Diptera,NA,NA,NA,102,7/27/2017,Egner,A,7/19/2017,2,Single
7272017EGA3,OTU57,GS,100,BOLD:AAI1618,Animalia,Arthropoda,Insecta,Diptera,Culicidae,Coquillettidia,Coquillettidia perturbans,252,7/27/2017,Egner,A,7/19/2017,2,Single
7272017EGA3,OTU78,US,1,BOLD:AAY8864,Animalia,Arthropoda,Insecta,Diptera,NA,NA,NA,37,7/27/2017,Egner,A,7/19/2017,2,Single
7272017EGA3,OTU87,US,0,BOLD:ABY2339,Animalia,Arthropoda,Insecta,Diptera,NA,NA,NA,41,7/27/2017,Egner,A,7/19/2017,2,Single
7272017EGA3,OTU88,GS,100,BOLD:AAE0434,Animalia,Arthropoda,Insecta,Diptera,Culicidae,Uranotaenia,Uranotaenia sapphirina,35,7/27/2017,Egner,A,7/19/2017,2,Single
7272017EGA3,OTU129,GS,100,BOLD:AAG2647,Animalia,Arthropoda,Insecta,Diptera,Chaoboridae,Chaoborus,Chaoborus punctipennis,140,7/27/2017,Egner,A,7/19/2017,2,Single
7272017EGA3,OTU135,GS,99.4,BOLD:AAA5872,Animalia,Arthropoda,Insecta,Lepidoptera,Gelechiidae,Chionodes,Chionodes mediofuscella,720,7/27/2017,Egner,A,7/19/2017,2,Single
7272017EGA3,OTU198,GS,99.4,BOLD:ABZ1242,Animalia,Arthropoda,Insecta,Diptera,Chironomidae,NA,NA,4,7/27/2017,Egner,A,7/19/2017,2,Single
7272017EGA3,OTU201,GS,100,BOLD:AAG0906,Animalia,Arthropoda,Insecta,Neuroptera,Hemerobiidae,Micromus,Micromus posticus,259,7/27/2017,Egner,A,7/19/2017,2,Single
7272017EGA3,OTU214,GS,99.4,BOLD:AAW6795,Animalia,Arthropoda,Insecta,Diptera,NA,NA,NA,8,7/27/2017,Egner,A,7/19/2017,2,Single
7272017EGA3,OTU268,US,0.9963,BOLD:ACT8457,Animalia,Arthropoda,Insecta,Hymenoptera,NA,NA,NA,17,7/27/2017,Egner,A,7/19/2017,2,Single
7272017EGA3,OTU269,GS,97.2,BOLD:AAP9050,Animalia,Arthropoda,Insecta,Diptera,Ceratopogonidae,NA,NA,9,7/27/2017,Egner,A,7/19/2017,2,Single
7272017EGA3,OTU316,GS,100,BOLD:AAJ4096,Animalia,Arthropoda,Insecta,Neuroptera,Sisyridae,Climacia,Climacia areolaris,67,7/27/2017,Egner,A,7/19/2017,2,Single
7272017EGA3,OTU434,GS,100,BOLD:AAU7127,Animalia,Arthropoda,Insecta,Coleoptera,Carabidae,Bembidion,Bembidion affine,5,7/27/2017,Egner,A,7/19/2017,2,Single
7272017EGA3,OTU760,GS,100,BOLD:AAK1384,Animalia,Arthropoda,Insecta,Diptera,Tabanidae,Tabanus,Tabanus atratus,1,7/27/2017,Egner,A,7/19/2017,2,Single
7272017EGA3,OTU792,GS,100,BOLD:AAF8979,Animalia,Arthropoda,Insecta,Diptera,Limoniidae,Metalimnobia,Metalimnobia novaeangliae,2,7/27/2017,Egner,A,7/19/2017,2,Single
7272017EGA3,OTU907,SS,0.01,BOLD:AAO3940,Animalia,Arthropoda,Insecta,Diptera,Limoniidae,Rhipidia,NA,158,7/27/2017,Egner,A,7/19/2017,2,Single
7272017EGA3,OTU1049,US,0,BOLD:AAM3890,Animalia,Arthropoda,Arachnida,Sarcoptiformes,NA,NA,NA,1,7/27/2017,Egner,A,7/19/2017,2,Single
7272017EGA3,OTU1070,GS,99.4,BOLD:AAC0184,Animalia,Arthropoda,Insecta,Lepidoptera,Tineidae,Niditinea,Niditinea orleansella,6,7/27/2017,Egner,A,7/19/2017,2,Single
7272017EGA3,OTU1130,SS,0.64,BOLD:AAN4385,Animalia,Arthropoda,Insecta,Diptera,NA,NA,NA,187,7/27/2017,Egner,A,7/19/2017,2,Single
7272017EGA3,OTU1210,GS,97.2,BOLD:AAF4632,Animalia,Arthropoda,Insecta,Diptera,Limoniidae,Epiphragma,Epiphragma solatrix,11,7/27/2017,Egner,A,7/19/2017,2,Single
7272017EGA3,OTU1265,SS,0.83,BOLD:AAF4632,Animalia,Arthropoda,Insecta,Diptera,Limoniidae,Epiphragma,Epiphragma solatrix,4,7/27/2017,Egner,A,7/19/2017,2,Single
7272017EGA3,OTU1267,GS,97.2,BOLD:AAP2550,Animalia,Arthropoda,Insecta,Neuroptera,Sisyridae,Sisyra,NA,11,7/27/2017,Egner,A,7/19/2017,2,Single
7272017EGA3,OTU1292,GS,97.8,BOLD:AAN5882,Animalia,Arthropoda,Insecta,Diptera,Limoniidae,Erioptera,Erioptera caliptera,6,7/27/2017,Egner,A,7/19/2017,2,Single
7272017EGA3,OTU1296,GS,97.2,BOLD:AAD2334,Animalia,Arthropoda,Insecta,Lepidoptera,Tineidae,Acrolophus,Acrolophus hasbroucki,3,7/27/2017,Egner,A,7/19/2017,2,Single
7272017EGA3,OTU1350,GS,97.2,BOLD:AAA7067,Animalia,Arthropoda,Insecta,Diptera,Culicidae,Aedes,Aedes vexans,24,7/27/2017,Egner,A,7/19/2017,2,Single
7272017EGA3,OTU1351,SS,0.94,BOLD:AAB7030,Animalia,Arthropoda,Insecta,Diptera,Chironomidae,Chironomus,Chironomus decorus,4,7/27/2017,Egner,A,7/19/2017,2,Single
7272017EGA3,OTU1434,GS,97.6,BOLD:AAA7067,Animalia,Arthropoda,Insecta,Diptera,Culicidae,Aedes,Aedes vexans,18,7/27/2017,Egner,A,7/19/2017,2,Single
7272017EGA3,OTU1648,US,0.8732,BOLD:AAG0758,Animalia,Arthropoda,Insecta,Lepidoptera,NA,NA,NA,6,7/27/2017,Egner,A,7/19/2017,2,Single
7272017EGA3,OTU1683,SS,0.84,BOLD:AAF4632,Animalia,Arthropoda,Insecta,Diptera,Limoniidae,Epiphragma,Epiphragma solatrix,4,7/27/2017,Egner,A,7/19/2017,2,Single
7272017EGA3,OTU1685,US,0,BOLD:ACW7826,Animalia,Arthropoda,Insecta,Diptera,NA,NA,NA,1,7/27/2017,Egner,A,7/19/2017,2,Single
7272017EGA3,OTU1787,GS,98.9,BOLD:ABX3602,Animalia,Arthropoda,Insecta,Coleoptera,Mycetophagidae,Typhaea,Typhaea stercorea,29,7/27/2017,Egner,A,7/19/2017,2,Single
7272017EGA3,OTU1800,US,0.3913,None,Animalia,Arthropoda,Insecta,Diptera,NA,NA,NA,4,7/27/2017,Egner,A,7/19/2017,2,Single
7272017EGA3,OTU1810,GS,98.9,BOLD:AAH7853,Animalia,Arthropoda,Insecta,Diptera,Muscidae,Potamia,Potamia littoralis,22,7/27/2017,Egner,A,7/19/2017,2,Single
7272017EGA3,OTU1871,SS,0.85,BOLD:AAG3848,Animalia,Arthropoda,Insecta,Diptera,Culicidae,Culex,Culex erraticus,2,7/27/2017,Egner,A,7/19/2017,2,Single
7272017EGA3,OTU1878,SS,0.78,BOLD:ABW4215,Animalia,Arthropoda,Insecta,Diptera,NA,NA,NA,2,7/27/2017,Egner,A,7/19/2017,2,Single
7272017EGA4,OTU1,US,0.0026,BOLD:AAD6798,Animalia,Arthropoda,Insecta,Diptera,NA,NA,NA,2101,7/27/2017,Egner,A,7/19/2017,2,Single
7272017EGA4,OTU4,GS,100,BOLD:AAN5882,Animalia,Arthropoda,Insecta,Diptera,Limoniidae,Erioptera,Erioptera caliptera,6296,7/27/2017,Egner,A,7/19/2017,2,Single
7272017EGA4,OTU5,GS,99.4,BOLD:AAN5451,Animalia,Arthropoda,Arachnida,Araneae,Araneidae,Eustala,NA,1004,7/27/2017,Egner,A,7/19/2017,2,Single
7272017EGA4,OTU7,GS,100,BOLD:AAF4632,Animalia,Arthropoda,Insecta,Diptera,Limoniidae,Epiphragma,Epiphragma solatrix,4941,7/27/2017,Egner,A,7/19/2017,2,Single
7272017EGA4,OTU11,GS,99.4,BOLD:AAG3848,Animalia,Arthropoda,Insecta,Diptera,Culicidae,Culex,Culex erraticus,1452,7/27/2017,Egner,A,7/19/2017,2,Single
7272017EGA4,OTU13,GS,100,BOLD:ABV1771,Animalia,Arthropoda,Insecta,Diptera,Limoniidae,NA,NA,365,7/27/2017,Egner,A,7/19/2017,2,Single
7272017EGA4,OTU14,GS,99.4,BOLD:AAO3940,Animalia,Arthropoda,Insecta,Diptera,Limoniidae,Rhipidia,NA,302,7/27/2017,Egner,A,7/19/2017,2,Single
7272017EGA4,OTU16,GS,100,BOLD:AAA7067,Animalia,Arthropoda,Insecta,Diptera,Culicidae,Aedes,Aedes vexans,390,7/27/2017,Egner,A,7/19/2017,2,Single
7272017EGA4,OTU34,GS,100,BOLD:AAM6211,Animalia,Arthropoda,Insecta,Diptera,Chironomidae,Glyptotendipes,NA,271,7/27/2017,Egner,A,7/19/2017,2,Single
7272017EGA4,OTU42,US,1,None,Animalia,Arthropoda,Insecta,Diptera,NA,NA,NA,107,7/27/2017,Egner,A,7/19/2017,2,Single
7272017EGA4,OTU57,GS,100,BOLD:AAI1618,Animalia,Arthropoda,Insecta,Diptera,Culicidae,Coquillettidia,Coquillettidia perturbans,366,7/27/2017,Egner,A,7/19/2017,2,Single
7272017EGA4,OTU68,GS,100,BOLD:AAB7030,Animalia,Arthropoda,Insecta,Diptera,Chironomidae,Chironomus,Chironomus decorus,54,7/27/2017,Egner,A,7/19/2017,2,Single
7272017EGA4,OTU76,US,1,BOLD:ACY1454,Animalia,Arthropoda,Insecta,Hemiptera,NA,NA,NA,174,7/27/2017,Egner,A,7/19/2017,2,Single
7272017EGA4,OTU88,GS,100,BOLD:AAE0434,Animalia,Arthropoda,Insecta,Diptera,Culicidae,Uranotaenia,Uranotaenia sapphirina,178,7/27/2017,Egner,A,7/19/2017,2,Single
7272017EGA4,OTU89,GS,98.3,BOLD:ABW2415,Animalia,Arthropoda,Insecta,Diptera,Tipulidae,Nephrotoma,Nephrotoma okefenoke,111,7/27/2017,Egner,A,7/19/2017,2,Single
7272017EGA4,OTU93,GS,99.4,BOLD:AAM4329,Animalia,Arthropoda,Insecta,Hemiptera,Cimicidae,Cimex,Cimex adjunctus,1067,7/27/2017,Egner,A,7/19/2017,2,Single
7272017EGA4,OTU106,US,1,None,Animalia,Arthropoda,Insecta,Coleoptera,NA,NA,NA,49,7/27/2017,Egner,A,7/19/2017,2,Single
7272017EGA4,OTU111,GS,99.4,BOLD:AAG1794,Animalia,Arthropoda,Arachnida,Araneae,Theridiidae,Theridion,Theridion glaucescens,9680,7/27/2017,Egner,A,7/19/2017,2,Single
7272017EGA4,OTU135,GS,99.4,BOLD:AAA5872,Animalia,Arthropoda,Insecta,Lepidoptera,Gelechiidae,Chionodes,Chionodes mediofuscella,73,7/27/2017,Egner,A,7/19/2017,2,Single
7272017EGA4,OTU149,GS,99.4,BOLD:AAH4942,Animalia,Arthropoda,Insecta,Lepidoptera,Gelechiidae,Dichomeris,NA,27,7/27/2017,Egner,A,7/19/2017,2,Single
7272017EGA4,OTU190,GS,100,BOLD:ABY7666,Animalia,Arthropoda,Insecta,Diptera,Culicidae,Culex,Culex territans,15,7/27/2017,Egner,A,7/19/2017,2,Single
7272017EGA4,OTU203,GS,100,BOLD:AAB0603,Animalia,Arthropoda,Insecta,Lepidoptera,Gelechiidae,Pseudotelphusa,Pseudotelphusa quercinigracella,11,7/27/2017,Egner,A,7/19/2017,2,Single
7272017EGA4,OTU258,GS,100,BOLD:ACA7555,Animalia,Arthropoda,Insecta,Diptera,Chironomidae,NA,NA,21,7/27/2017,Egner,A,7/19/2017,2,Single
7272017EGA4,OTU268,US,0.9963,BOLD:ACT8457,Animalia,Arthropoda,Insecta,Hymenoptera,NA,NA,NA,19,7/27/2017,Egner,A,7/19/2017,2,Single
7272017EGA4,OTU283,GS,100,BOLD:AAZ5968,Animalia,Arthropoda,Insecta,Diptera,Limoniidae,NA,NA,121,7/27/2017,Egner,A,7/19/2017,2,Single
7272017EGA4,OTU287,GS,98.9,BOLD:AAG5457,Animalia,Arthropoda,Insecta,Diptera,Chironomidae,NA,NA,15,7/27/2017,Egner,A,7/19/2017,2,Single
7272017EGA4,OTU319,US,0,None,Animalia,Arthropoda,Arachnida,Mesostigmata,NA,NA,NA,6,7/27/2017,Egner,A,7/19/2017,2,Single
7272017EGA4,OTU382,US,0.9803,BOLD:ACU8254,Animalia,Arthropoda,Insecta,Diptera,NA,NA,NA,72,7/27/2017,Egner,A,7/19/2017,2,Single
7272017EGA4,OTU636,GS,99.4,BOLD:AAM6230,Animalia,Arthropoda,Insecta,Diptera,Chironomidae,Chironomus,NA,7,7/27/2017,Egner,A,7/19/2017,2,Single
7272017EGA4,OTU828,US,1,None,Animalia,Arthropoda,Insecta,Orthoptera,NA,NA,NA,6,7/27/2017,Egner,A,7/19/2017,2,Single
7272017EGA4,OTU988,GS,100,BOLD:AAP5113,Animalia,Arthropoda,Insecta,Diptera,Chironomidae,NA,NA,16,7/27/2017,Egner,A,7/19/2017,2,Single
7272017EGA4,OTU1096,US,0,BOLD:ACN8346,Animalia,Arthropoda,Insecta,Diptera,NA,NA,NA,21,7/27/2017,Egner,A,7/19/2017,2,Single
7272017EGA4,OTU1097,GS,97.2,BOLD:AAN5451,Animalia,Arthropoda,Arachnida,Araneae,Araneidae,Eustala,NA,91,7/27/2017,Egner,A,7/19/2017,2,Single
7272017EGA4,OTU1130,SS,0.64,BOLD:AAN4385,Animalia,Arthropoda,Insecta,Diptera,NA,NA,NA,19,7/27/2017,Egner,A,7/19/2017,2,Single
7272017EGA4,OTU1210,GS,97.2,BOLD:AAF4632,Animalia,Arthropoda,Insecta,Diptera,Limoniidae,Epiphragma,Epiphragma solatrix,231,7/27/2017,Egner,A,7/19/2017,2,Single
7272017EGA4,OTU1265,SS,0.83,BOLD:AAF4632,Animalia,Arthropoda,Insecta,Diptera,Limoniidae,Epiphragma,Epiphragma solatrix,16,7/27/2017,Egner,A,7/19/2017,2,Single
7272017EGA4,OTU1292,GS,97.8,BOLD:AAN5882,Animalia,Arthropoda,Insecta,Diptera,Limoniidae,Erioptera,Erioptera caliptera,4,7/27/2017,Egner,A,7/19/2017,2,Single
7272017EGA4,OTU1317,SS,0.01,BOLD:AAN5451,Animalia,Arthropoda,Arachnida,Araneae,Araneidae,Eustala,NA,17,7/27/2017,Egner,A,7/19/2017,2,Single
7272017EGA4,OTU1351,SS,0.94,BOLD:AAB7030,Animalia,Arthropoda,Insecta,Diptera,Chironomidae,Chironomus,Chironomus decorus,3,7/27/2017,Egner,A,7/19/2017,2,Single
7272017EGA4,OTU1381,GS,100,BOLD:ACF3514,Animalia,Arthropoda,Insecta,Trichoptera,Leptoceridae,Oecetis,Oecetis inconspicua,1,7/27/2017,Egner,A,7/19/2017,2,Single
7272017EGA4,OTU1403,SS,0.36,BOLD:ACV0130,Animalia,Arthropoda,Insecta,Diptera,NA,NA,NA,3,7/27/2017,Egner,A,7/19/2017,2,Single
7272017EGA4,OTU1434,GS,97.6,BOLD:AAA7067,Animalia,Arthropoda,Insecta,Diptera,Culicidae,Aedes,Aedes vexans,3,7/27/2017,Egner,A,7/19/2017,2,Single
7272017EGA4,OTU1494,US,0.8732,BOLD:AAF4632,Animalia,Arthropoda,Insecta,Diptera,NA,NA,NA,1,7/27/2017,Egner,A,7/19/2017,2,Single
7272017EGA4,OTU1522,SS,0.57,BOLD:AAF9008,Animalia,Arthropoda,Insecta,Diptera,NA,NA,NA,2,7/27/2017,Egner,A,7/19/2017,2,Single
7272017EGA4,OTU1595,US,0.2833,None,Animalia,Arthropoda,Insecta,Coleoptera,NA,NA,NA,30,7/27/2017,Egner,A,7/19/2017,2,Single
7272017EGA4,OTU1620,US,0.3913,BOLD:AAC8321,Animalia,Arthropoda,Insecta,Hemiptera,NA,NA,NA,2,7/27/2017,Egner,A,7/19/2017,2,Single
7272017EGA4,OTU1683,SS,0.84,BOLD:AAF4632,Animalia,Arthropoda,Insecta,Diptera,Limoniidae,Epiphragma,Epiphragma solatrix,121,7/27/2017,Egner,A,7/19/2017,2,Single
7272017EGA4,OTU1704,GS,100,BOLD:ABY6613,Animalia,Arthropoda,Insecta,Lepidoptera,NA,NA,NA,27,7/27/2017,Egner,A,7/19/2017,2,Single
7272017EGA4,OTU1756,SS,0.97,BOLD:AAG3848,Animalia,Arthropoda,Insecta,Diptera,Culicidae,Culex,Culex erraticus,1,7/27/2017,Egner,A,7/19/2017,2,Single
7272017EGA4,OTU1818,GS,97.9,BOLD:AAF4632,Animalia,Arthropoda,Insecta,Diptera,Limoniidae,Epiphragma,Epiphragma solatrix,14,7/27/2017,Egner,A,7/19/2017,2,Single
7272017EGA4,OTU1834,SS,0.74,BOLD:AAF4632,Animalia,Arthropoda,Insecta,Diptera,NA,NA,NA,26,7/27/2017,Egner,A,7/19/2017,2,Single
7272017EGA4,OTU1871,SS,0.85,BOLD:AAG3848,Animalia,Arthropoda,Insecta,Diptera,Culicidae,Culex,Culex erraticus,3,7/27/2017,Egner,A,7/19/2017,2,Single
7272017EGA5,OTU4,GS,100,BOLD:AAN5882,Animalia,Arthropoda,Insecta,Diptera,Limoniidae,Erioptera,Erioptera caliptera,1333,7/27/2017,Egner,A,7/19/2017,2,Single
7272017EGA5,OTU5,GS,99.4,BOLD:AAN5451,Animalia,Arthropoda,Arachnida,Araneae,Araneidae,Eustala,NA,1666,7/27/2017,Egner,A,7/19/2017,2,Single
7272017EGA5,OTU11,GS,99.4,BOLD:AAG3848,Animalia,Arthropoda,Insecta,Diptera,Culicidae,Culex,Culex erraticus,6092,7/27/2017,Egner,A,7/19/2017,2,Single
7272017EGA5,OTU14,GS,99.4,BOLD:AAO3940,Animalia,Arthropoda,Insecta,Diptera,Limoniidae,Rhipidia,NA,560,7/27/2017,Egner,A,7/19/2017,2,Single
7272017EGA5,OTU16,GS,100,BOLD:AAA7067,Animalia,Arthropoda,Insecta,Diptera,Culicidae,Aedes,Aedes vexans,304,7/27/2017,Egner,A,7/19/2017,2,Single
7272017EGA5,OTU18,GS,100,BOLD:ABY8739,Animalia,Arthropoda,Insecta,Diptera,Tabanidae,NA,NA,361,7/27/2017,Egner,A,7/19/2017,2,Single
7272017EGA5,OTU25,GS,100,BOLD:ACF0083,Animalia,Arthropoda,Insecta,Diptera,Tabanidae,Tabanus,Tabanus similis,145,7/27/2017,Egner,A,7/19/2017,2,Single
7272017EGA5,OTU31,GS,100,BOLD:AAM6212,Animalia,Arthropoda,Insecta,Diptera,Chironomidae,Axarus,Axarus festivus,157,7/27/2017,Egner,A,7/19/2017,2,Single
7272017EGA5,OTU34,GS,100,BOLD:AAM6211,Animalia,Arthropoda,Insecta,Diptera,Chironomidae,Glyptotendipes,NA,337,7/27/2017,Egner,A,7/19/2017,2,Single
7272017EGA5,OTU35,GS,100,BOLD:ABW4215,Animalia,Arthropoda,Insecta,Diptera,Chironomidae,Glyptotendipes,Glyptotendipes meridionalis,815,7/27/2017,Egner,A,7/19/2017,2,Single
7272017EGA5,OTU42,US,1,None,Animalia,Arthropoda,Insecta,Diptera,NA,NA,NA,3698,7/27/2017,Egner,A,7/19/2017,2,Single
7272017EGA5,OTU57,GS,100,BOLD:AAI1618,Animalia,Arthropoda,Insecta,Diptera,Culicidae,Coquillettidia,Coquillettidia perturbans,259,7/27/2017,Egner,A,7/19/2017,2,Single
7272017EGA5,OTU59,SS,0.76,BOLD:ACY4680,Animalia,Arthropoda,Arachnida,Trombidiformes,NA,NA,NA,2256,7/27/2017,Egner,A,7/19/2017,2,Single
7272017EGA5,OTU60,US,0.9963,BOLD:ACL1864,Animalia,Arthropoda,Insecta,Diptera,NA,NA,NA,165,7/27/2017,Egner,A,7/19/2017,2,Single
7272017EGA5,OTU68,GS,100,BOLD:AAB7030,Animalia,Arthropoda,Insecta,Diptera,Chironomidae,Chironomus,Chironomus decorus,662,7/27/2017,Egner,A,7/19/2017,2,Single
7272017EGA5,OTU76,US,1,BOLD:ACY1454,Animalia,Arthropoda,Insecta,Hemiptera,NA,NA,NA,60,7/27/2017,Egner,A,7/19/2017,2,Single
7272017EGA5,OTU88,GS,100,BOLD:AAE0434,Animalia,Arthropoda,Insecta,Diptera,Culicidae,Uranotaenia,Uranotaenia sapphirina,66,7/27/2017,Egner,A,7/19/2017,2,Single
7272017EGA5,OTU97,GS,100,BOLD:AAB7935,Animalia,Arthropoda,Arachnida,Araneae,Araneidae,Eustala,Eustala cepina,437,7/27/2017,Egner,A,7/19/2017,2,Single
7272017EGA5,OTU111,GS,99.4,BOLD:AAG1794,Animalia,Arthropoda,Arachnida,Araneae,Theridiidae,Theridion,Theridion glaucescens,98,7/27/2017,Egner,A,7/19/2017,2,Single
7272017EGA5,OTU144,GS,100,BOLD:AAN6304,Animalia,Arthropoda,Arachnida,Araneae,Araneidae,Araneus,Araneus guttulatus,33,7/27/2017,Egner,A,7/19/2017,2,Single
7272017EGA5,OTU148,GS,100,BOLD:AAK7352,Animalia,Arthropoda,Arachnida,Araneae,Araneidae,Metepeira,Metepeira labyrinthea,29,7/27/2017,Egner,A,7/19/2017,2,Single
7272017EGA5,OTU149,GS,99.4,BOLD:AAH4942,Animalia,Arthropoda,Insecta,Lepidoptera,Gelechiidae,Dichomeris,NA,107,7/27/2017,Egner,A,7/19/2017,2,Single
7272017EGA5,OTU159,US,1,BOLD:ACG2017,Animalia,Arthropoda,Insecta,Coleoptera,NA,NA,NA,27,7/27/2017,Egner,A,7/19/2017,2,Single
7272017EGA5,OTU190,GS,100,BOLD:ABY7666,Animalia,Arthropoda,Insecta,Diptera,Culicidae,Culex,Culex territans,20,7/27/2017,Egner,A,7/19/2017,2,Single
7272017EGA5,OTU198,GS,99.4,BOLD:ABZ1242,Animalia,Arthropoda,Insecta,Diptera,Chironomidae,NA,NA,136,7/27/2017,Egner,A,7/19/2017,2,Single
7272017EGA5,OTU203,GS,100,BOLD:AAB0603,Animalia,Arthropoda,Insecta,Lepidoptera,Gelechiidae,Pseudotelphusa,Pseudotelphusa quercinigracella,56,7/27/2017,Egner,A,7/19/2017,2,Single
7272017EGA5,OTU238,GS,100,BOLD:AAC2281,Animalia,Arthropoda,Insecta,Diptera,Culicidae,Anopheles,Anopheles quadrimaculatus,23,7/27/2017,Egner,A,7/19/2017,2,Single
7272017EGA5,OTU258,GS,100,BOLD:ACA7555,Animalia,Arthropoda,Insecta,Diptera,Chironomidae,NA,NA,103,7/27/2017,Egner,A,7/19/2017,2,Single
7272017EGA5,OTU269,GS,97.2,BOLD:AAP9050,Animalia,Arthropoda,Insecta,Diptera,Ceratopogonidae,NA,NA,72,7/27/2017,Egner,A,7/19/2017,2,Single
7272017EGA5,OTU283,GS,100,BOLD:AAZ5968,Animalia,Arthropoda,Insecta,Diptera,Limoniidae,NA,NA,76,7/27/2017,Egner,A,7/19/2017,2,Single
7272017EGA5,OTU290,GS,100,BOLD:AAE4427,Animalia,Arthropoda,Insecta,Lepidoptera,Tineidae,Xylesthia,Xylesthia pruniramiella,14,7/27/2017,Egner,A,7/19/2017,2,Single
7272017EGA5,OTU319,US,0,None,Animalia,Arthropoda,Arachnida,Mesostigmata,NA,NA,NA,14,7/27/2017,Egner,A,7/19/2017,2,Single
7272017EGA5,OTU373,GS,98.9,BOLD:AAG8953,Animalia,Arthropoda,Insecta,Hemiptera,Cicadellidae,Gyponana,Gyponana amara,59,7/27/2017,Egner,A,7/19/2017,2,Single
7272017EGA5,OTU446,GS,100,BOLD:AAD1537,Animalia,Arthropoda,Insecta,Lepidoptera,Tortricidae,Gretchena,Gretchena bolliana,197,7/27/2017,Egner,A,7/19/2017,2,Single
7272017EGA5,OTU501,GS,100,BOLD:AAA8313,Animalia,Arthropoda,Insecta,Lepidoptera,Noctuidae,Athetis,Athetis tarda,9,7/27/2017,Egner,A,7/19/2017,2,Single
7272017EGA5,OTU517,US,0,None,Animalia,Arthropoda,Insecta,Diptera,NA,NA,NA,32,7/27/2017,Egner,A,7/19/2017,2,Single
7272017EGA5,OTU566,GS,98.9,BOLD:ACO2169,Animalia,Arthropoda,Insecta,Diptera,Mycetophilidae,Mycetophila,NA,6,7/27/2017,Egner,A,7/19/2017,2,Single
7272017EGA5,OTU635,GS,97.2,BOLD:AAN5882,Animalia,Arthropoda,Insecta,Diptera,Limoniidae,Erioptera,Erioptera caliptera,19,7/27/2017,Egner,A,7/19/2017,2,Single
7272017EGA5,OTU636,GS,99.4,BOLD:AAM6230,Animalia,Arthropoda,Insecta,Diptera,Chironomidae,Chironomus,NA,17,7/27/2017,Egner,A,7/19/2017,2,Single
7272017EGA5,OTU723,GS,100,BOLD:AAG5453,Animalia,Arthropoda,Insecta,Diptera,Chironomidae,Chironomus,Chironomus bifurcatus,3,7/27/2017,Egner,A,7/19/2017,2,Single
7272017EGA5,OTU728,GS,100,BOLD:ABA6114,Animalia,Arthropoda,Insecta,Hymenoptera,Diapriidae,NA,NA,14,7/27/2017,Egner,A,7/19/2017,2,Single
7272017EGA5,OTU762,US,0.1935,None,Animalia,Arthropoda,Insecta,Diptera,NA,NA,NA,8,7/27/2017,Egner,A,7/19/2017,2,Single
7272017EGA5,OTU1001,US,0.9916,BOLD:ACM2269,Animalia,Arthropoda,Arachnida,Trombidiformes,NA,NA,NA,25,7/27/2017,Egner,A,7/19/2017,2,Single
7272017EGA5,OTU1097,GS,97.2,BOLD:AAN5451,Animalia,Arthropoda,Arachnida,Araneae,Araneidae,Eustala,NA,72,7/27/2017,Egner,A,7/19/2017,2,Single
7272017EGA5,OTU1130,SS,0.64,BOLD:AAN4385,Animalia,Arthropoda,Insecta,Diptera,NA,NA,NA,4,7/27/2017,Egner,A,7/19/2017,2,Single
7272017EGA5,OTU1210,GS,97.2,BOLD:AAF4632,Animalia,Arthropoda,Insecta,Diptera,Limoniidae,Epiphragma,Epiphragma solatrix,16,7/27/2017,Egner,A,7/19/2017,2,Single
7272017EGA5,OTU1228,US,0,None,Animalia,Arthropoda,Arachnida,Araneae,NA,NA,NA,36,7/27/2017,Egner,A,7/19/2017,2,Single
7272017EGA5,OTU1242,GS,98.9,BOLD:AAW9539,Animalia,Arthropoda,Insecta,Diptera,Culicidae,Orthopodomyia,Orthopodomyia signifera,187,7/27/2017,Egner,A,7/19/2017,2,Single
7272017EGA5,OTU1265,SS,0.83,BOLD:AAF4632,Animalia,Arthropoda,Insecta,Diptera,Limoniidae,Epiphragma,Epiphragma solatrix,9,7/27/2017,Egner,A,7/19/2017,2,Single
7272017EGA5,OTU1268,GS,97.8,BOLD:AAM6211,Animalia,Arthropoda,Insecta,Diptera,Chironomidae,Glyptotendipes,NA,12,7/27/2017,Egner,A,7/19/2017,2,Single
7272017EGA5,OTU1292,GS,97.8,BOLD:AAN5882,Animalia,Arthropoda,Insecta,Diptera,Limoniidae,Erioptera,Erioptera caliptera,6,7/27/2017,Egner,A,7/19/2017,2,Single
7272017EGA5,OTU1296,GS,97.2,BOLD:AAD2334,Animalia,Arthropoda,Insecta,Lepidoptera,Tineidae,Acrolophus,Acrolophus hasbroucki,2,7/27/2017,Egner,A,7/19/2017,2,Single
7272017EGA5,OTU1317,SS,0.01,BOLD:AAN5451,Animalia,Arthropoda,Arachnida,Araneae,Araneidae,Eustala,NA,13,7/27/2017,Egner,A,7/19/2017,2,Single
7272017EGA5,OTU1350,GS,97.2,BOLD:AAA7067,Animalia,Arthropoda,Insecta,Diptera,Culicidae,Aedes,Aedes vexans,14,7/27/2017,Egner,A,7/19/2017,2,Single
7272017EGA5,OTU1351,SS,0.94,BOLD:AAB7030,Animalia,Arthropoda,Insecta,Diptera,Chironomidae,Chironomus,Chironomus decorus,107,7/27/2017,Egner,A,7/19/2017,2,Single
7272017EGA5,OTU1425,GS,98.9,BOLD:ABV0248,Animalia,Arthropoda,Insecta,Diptera,Ceratopogonidae,Stilobezzia,Stilobezzia antennalis,20,7/27/2017,Egner,A,7/19/2017,2,Single
7272017EGA5,OTU1436,GS,99.4,BOLD:AAD6762,Animalia,Arthropoda,Arachnida,Araneae,Lycosidae,Pirata,Pirata sedentarius,21,7/27/2017,Egner,A,7/19/2017,2,Single
7272017EGA5,OTU1644,US,1,None,Animalia,Arthropoda,Insecta,Diptera,NA,NA,NA,17,7/27/2017,Egner,A,7/19/2017,2,Single
7272017EGA5,OTU1737,GS,100,BOLD:AAC3682,Animalia,Arthropoda,Insecta,Lepidoptera,NA,NA,NA,26,7/27/2017,Egner,A,7/19/2017,2,Single
7272017EGA5,OTU1755,US,1,None,Animalia,Arthropoda,Insecta,Mantodea,NA,NA,NA,15,7/27/2017,Egner,A,7/19/2017,2,Single
7272017EGA5,OTU1756,SS,0.97,BOLD:AAG3848,Animalia,Arthropoda,Insecta,Diptera,Culicidae,Culex,Culex erraticus,1,7/27/2017,Egner,A,7/19/2017,2,Single
7272017EGA5,OTU1818,GS,97.9,BOLD:AAF4632,Animalia,Arthropoda,Insecta,Diptera,Limoniidae,Epiphragma,Epiphragma solatrix,1,7/27/2017,Egner,A,7/19/2017,2,Single
7272017EGA5,OTU1871,SS,0.85,BOLD:AAG3848,Animalia,Arthropoda,Insecta,Diptera,Culicidae,Culex,Culex erraticus,5,7/27/2017,Egner,A,7/19/2017,2,Single
7272017EGA5,OTU1878,SS,0.78,BOLD:ABW4215,Animalia,Arthropoda,Insecta,Diptera,NA,NA,NA,2,7/27/2017,Egner,A,7/19/2017,2,Single
7272017EGB1,OTU3,GS,100,BOLD:AAP2734,Animalia,Arthropoda,Insecta,Diptera,Limoniidae,Erioptera,Erioptera parva,795,7/27/2017,Egner,B,7/19/2017,117,Single
7272017EGB1,OTU4,GS,100,BOLD:AAN5882,Animalia,Arthropoda,Insecta,Diptera,Limoniidae,Erioptera,Erioptera caliptera,1076,7/27/2017,Egner,B,7/19/2017,117,Single
7272017EGB1,OTU5,GS,99.4,BOLD:AAN5451,Animalia,Arthropoda,Arachnida,Araneae,Araneidae,Eustala,NA,3671,7/27/2017,Egner,B,7/19/2017,117,Single
7272017EGB1,OTU7,GS,100,BOLD:AAF4632,Animalia,Arthropoda,Insecta,Diptera,Limoniidae,Epiphragma,Epiphragma solatrix,480,7/27/2017,Egner,B,7/19/2017,117,Single
7272017EGB1,OTU11,GS,99.4,BOLD:AAG3848,Animalia,Arthropoda,Insecta,Diptera,Culicidae,Culex,Culex erraticus,15794,7/27/2017,Egner,B,7/19/2017,117,Single
7272017EGB1,OTU14,GS,99.4,BOLD:AAO3940,Animalia,Arthropoda,Insecta,Diptera,Limoniidae,Rhipidia,NA,5124,7/27/2017,Egner,B,7/19/2017,117,Single
7272017EGB1,OTU16,GS,100,BOLD:AAA7067,Animalia,Arthropoda,Insecta,Diptera,Culicidae,Aedes,Aedes vexans,1506,7/27/2017,Egner,B,7/19/2017,117,Single
7272017EGB1,OTU21,GS,100,BOLD:ACR3763,Animalia,Arthropoda,Insecta,Coleoptera,Ptilodactylidae,Ptilodactyla,Ptilodactyla serricollis,70,7/27/2017,Egner,B,7/19/2017,117,Single
7272017EGB1,OTU34,GS,100,BOLD:AAM6211,Animalia,Arthropoda,Insecta,Diptera,Chironomidae,Glyptotendipes,NA,1392,7/27/2017,Egner,B,7/19/2017,117,Single
7272017EGB1,OTU78,US,1,BOLD:AAY8864,Animalia,Arthropoda,Insecta,Diptera,NA,NA,NA,330,7/27/2017,Egner,B,7/19/2017,117,Single
7272017EGB1,OTU87,US,0,BOLD:ABY2339,Animalia,Arthropoda,Insecta,Diptera,NA,NA,NA,42,7/27/2017,Egner,B,7/19/2017,117,Single
7272017EGB1,OTU105,GS,100,BOLD:AAB7936,Animalia,Arthropoda,Insecta,Lepidoptera,Oecophoridae,Inga,Inga sparsiciliella,385,7/27/2017,Egner,B,7/19/2017,117,Single
7272017EGB1,OTU106,US,1,None,Animalia,Arthropoda,Insecta,Coleoptera,NA,NA,NA,177,7/27/2017,Egner,B,7/19/2017,117,Single
7272017EGB1,OTU110,GS,99.4,BOLD:AAJ0542,Animalia,Arthropoda,Arachnida,Araneae,Theridiidae,Euryopis,Euryopis funebris,95,7/27/2017,Egner,B,7/19/2017,117,Single
7272017EGB1,OTU123,GS,99.4,BOLD:AAM8787,Animalia,Arthropoda,Insecta,Lepidoptera,Gelechiidae,Dichomeris,Dichomeris laetitia,58,7/27/2017,Egner,B,7/19/2017,117,Single
7272017EGB1,OTU146,GS,99.4,BOLD:ABV9238,Animalia,Arthropoda,Insecta,Diptera,Limoniidae,Gonomyia,NA,39,7/27/2017,Egner,B,7/19/2017,117,Single
7272017EGB1,OTU148,GS,100,BOLD:AAK7352,Animalia,Arthropoda,Arachnida,Araneae,Araneidae,Metepeira,Metepeira labyrinthea,246,7/27/2017,Egner,B,7/19/2017,117,Single
7272017EGB1,OTU149,GS,99.4,BOLD:AAH4942,Animalia,Arthropoda,Insecta,Lepidoptera,Gelechiidae,Dichomeris,NA,37,7/27/2017,Egner,B,7/19/2017,117,Single
7272017EGB1,OTU158,GS,100,BOLD:AAH3230,Animalia,Arthropoda,Insecta,Psocodea,Psocidae,NA,NA,25,7/27/2017,Egner,B,7/19/2017,117,Single
7272017EGB1,OTU175,GS,99.4,BOLD:AAC7367,Animalia,Arthropoda,Insecta,Lepidoptera,Tineidae,Isocorypha,Isocorypha mediostriatella,59,7/27/2017,Egner,B,7/19/2017,117,Single
7272017EGB1,OTU189,GS,100,BOLD:ABV2225,Animalia,Arthropoda,Insecta,Lepidoptera,Gracillariidae,Caloptilia,NA,8,7/27/2017,Egner,B,7/19/2017,117,Single
7272017EGB1,OTU203,GS,100,BOLD:AAB0603,Animalia,Arthropoda,Insecta,Lepidoptera,Gelechiidae,Pseudotelphusa,Pseudotelphusa quercinigracella,391,7/27/2017,Egner,B,7/19/2017,117,Single
7272017EGB1,OTU213,GS,100,BOLD:AAD4936,Animalia,Arthropoda,Insecta,Lepidoptera,Gracillariidae,Caloptilia,Caloptilia sassafrasella,47,7/27/2017,Egner,B,7/19/2017,117,Single
7272017EGB1,OTU238,GS,100,BOLD:AAC2281,Animalia,Arthropoda,Insecta,Diptera,Culicidae,Anopheles,Anopheles quadrimaculatus,11,7/27/2017,Egner,B,7/19/2017,117,Single
7272017EGB1,OTU257,GS,100,BOLD:AAA5803,Animalia,Arthropoda,Insecta,Hemiptera,Miridae,Lygus,Lygus lineolaris,31,7/27/2017,Egner,B,7/19/2017,117,Single
7272017EGB1,OTU258,GS,100,BOLD:ACA7555,Animalia,Arthropoda,Insecta,Diptera,Chironomidae,NA,NA,50,7/27/2017,Egner,B,7/19/2017,117,Single
7272017EGB1,OTU269,GS,97.2,BOLD:AAP9050,Animalia,Arthropoda,Insecta,Diptera,Ceratopogonidae,NA,NA,7,7/27/2017,Egner,B,7/19/2017,117,Single
7272017EGB1,OTU270,GS,100,BOLD:AAB6541,Animalia,Arthropoda,Insecta,Lepidoptera,Gelechiidae,Coleotechnites,Coleotechnites florae,23,7/27/2017,Egner,B,7/19/2017,117,Single
7272017EGB1,OTU287,GS,98.9,BOLD:AAG5457,Animalia,Arthropoda,Insecta,Diptera,Chironomidae,NA,NA,7,7/27/2017,Egner,B,7/19/2017,117,Single
7272017EGB1,OTU290,GS,100,BOLD:AAE4427,Animalia,Arthropoda,Insecta,Lepidoptera,Tineidae,Xylesthia,Xylesthia pruniramiella,515,7/27/2017,Egner,B,7/19/2017,117,Single
7272017EGB1,OTU295,GS,97.8,BOLD:AAG3848,Animalia,Arthropoda,Insecta,Diptera,Culicidae,Culex,Culex erraticus,32,7/27/2017,Egner,B,7/19/2017,117,Single
7272017EGB1,OTU314,GS,98.9,BOLD:AAB0603,Animalia,Arthropoda,Insecta,Lepidoptera,Gelechiidae,Pseudotelphusa,Pseudotelphusa quercinigracella,30,7/27/2017,Egner,B,7/19/2017,117,Single
7272017EGB1,OTU335,GS,99.4,BOLD:AAM6295,Animalia,Arthropoda,Insecta,Diptera,Chaoboridae,NA,NA,32,7/27/2017,Egner,B,7/19/2017,117,Single
7272017EGB1,OTU346,US,0,None,Animalia,Arthropoda,Insecta,Hymenoptera,NA,NA,NA,39,7/27/2017,Egner,B,7/19/2017,117,Single
7272017EGB1,OTU396,SS,0.98,BOLD:AAP2734,Animalia,Arthropoda,Insecta,Diptera,Limoniidae,Erioptera,Erioptera parva,36,7/27/2017,Egner,B,7/19/2017,117,Single
7272017EGB1,OTU410,SS,0.26,BOLD:ABZ3458,Animalia,Arthropoda,Insecta,Lepidoptera,NA,NA,NA,62,7/27/2017,Egner,B,7/19/2017,117,Single
7272017EGB1,OTU469,GS,100,BOLD:AAR7014,Animalia,Arthropoda,Insecta,Lepidoptera,Gracillariidae,Neurobathra,Neurobathra strigifinitella,4,7/27/2017,Egner,B,7/19/2017,117,Single
7272017EGB1,OTU566,GS,98.9,BOLD:ACO2169,Animalia,Arthropoda,Insecta,Diptera,Mycetophilidae,Mycetophila,NA,4,7/27/2017,Egner,B,7/19/2017,117,Single
7272017EGB1,OTU635,GS,97.2,BOLD:AAN5882,Animalia,Arthropoda,Insecta,Diptera,Limoniidae,Erioptera,Erioptera caliptera,18,7/27/2017,Egner,B,7/19/2017,117,Single
7272017EGB1,OTU660,GS,99.4,BOLD:AAF1659,Animalia,Arthropoda,Insecta,Lepidoptera,Tineidae,Nemapogon,Nemapogon angulifasciella,19,7/27/2017,Egner,B,7/19/2017,117,Single
7272017EGB1,OTU739,US,0.2259,BOLD:ACK9367,Animalia,Arthropoda,Insecta,Diptera,NA,NA,NA,6,7/27/2017,Egner,B,7/19/2017,117,Single
7272017EGB1,OTU778,GS,100,BOLD:AAB5798,Animalia,Arthropoda,Insecta,Lepidoptera,Erebidae,Isogona,Isogona tenuis,12,7/27/2017,Egner,B,7/19/2017,117,Single
7272017EGB1,OTU786,SS,0.09,BOLD:AAM5298,Animalia,Arthropoda,Insecta,Lepidoptera,NA,NA,NA,16,7/27/2017,Egner,B,7/19/2017,117,Single
7272017EGB1,OTU847,US,0,BOLD:ACL2923,Animalia,Arthropoda,Insecta,Diptera,NA,NA,NA,69,7/27/2017,Egner,B,7/19/2017,117,Single
7272017EGB1,OTU883,GS,100,BOLD:ACJ6858,Animalia,Arthropoda,Insecta,Hemiptera,Miridae,Deraeocoris,Deraeocoris nebulosus,27,7/27/2017,Egner,B,7/19/2017,117,Single
7272017EGB1,OTU884,US,0.9715,BOLD:ACG1878,Animalia,Arthropoda,Insecta,Diptera,NA,NA,NA,14,7/27/2017,Egner,B,7/19/2017,117,Single
7272017EGB1,OTU907,SS,0.01,BOLD:AAO3940,Animalia,Arthropoda,Insecta,Diptera,Limoniidae,Rhipidia,NA,20,7/27/2017,Egner,B,7/19/2017,117,Single
7272017EGB1,OTU935,SS,0.01,BOLD:AAO3940,Animalia,Arthropoda,Insecta,Diptera,Limoniidae,Rhipidia,NA,13,7/27/2017,Egner,B,7/19/2017,117,Single
7272017EGB1,OTU942,GS,100,BOLD:AAA4507,Animalia,Arthropoda,Insecta,Lepidoptera,Crambidae,Udea,Udea rubigalis,4,7/27/2017,Egner,B,7/19/2017,117,Single
7272017EGB1,OTU1035,GS,99.4,BOLD:AAI3772,Animalia,Arthropoda,Insecta,Diptera,NA,NA,NA,13,7/27/2017,Egner,B,7/19/2017,117,Single
7272017EGB1,OTU1072,SS,0.54,BOLD:ABV9238,Animalia,Arthropoda,Insecta,Diptera,NA,NA,NA,19,7/27/2017,Egner,B,7/19/2017,117,Single
7272017EGB1,OTU1086,US,0,BOLD:ABA8992,Animalia,Arthropoda,Arachnida,Mesostigmata,NA,NA,NA,92,7/27/2017,Egner,B,7/19/2017,117,Single
7272017EGB1,OTU1097,GS,97.2,BOLD:AAN5451,Animalia,Arthropoda,Arachnida,Araneae,Araneidae,Eustala,NA,228,7/27/2017,Egner,B,7/19/2017,117,Single
7272017EGB1,OTU1106,US,1,BOLD:ACG8386,Animalia,Arthropoda,Insecta,Coleoptera,NA,NA,NA,18,7/27/2017,Egner,B,7/19/2017,117,Single
7272017EGB1,OTU1108,GS,97.2,BOLD:AAB0603,Animalia,Arthropoda,Insecta,Lepidoptera,Gelechiidae,Pseudotelphusa,Pseudotelphusa quercinigracella,34,7/27/2017,Egner,B,7/19/2017,117,Single
7272017EGB1,OTU1127,GS,100,BOLD:AAU8651,Animalia,Arthropoda,Insecta,Hymenoptera,Ichneumonidae,NA,NA,3,7/27/2017,Egner,B,7/19/2017,117,Single
7272017EGB1,OTU1138,US,0,BOLD:ACF8271,Animalia,Arthropoda,Insecta,Hymenoptera,NA,NA,NA,7,7/27/2017,Egner,B,7/19/2017,117,Single
7272017EGB1,OTU1210,GS,97.2,BOLD:AAF4632,Animalia,Arthropoda,Insecta,Diptera,Limoniidae,Epiphragma,Epiphragma solatrix,41,7/27/2017,Egner,B,7/19/2017,117,Single
7272017EGB1,OTU1223,GS,97.8,BOLD:ABV9238,Animalia,Arthropoda,Insecta,Diptera,Limoniidae,Gonomyia,NA,10,7/27/2017,Egner,B,7/19/2017,117,Single
7272017EGB1,OTU1268,GS,97.8,BOLD:AAM6211,Animalia,Arthropoda,Insecta,Diptera,Chironomidae,Glyptotendipes,NA,12,7/27/2017,Egner,B,7/19/2017,117,Single
7272017EGB1,OTU1273,US,0.9803,BOLD:ACO2169,Animalia,Arthropoda,Insecta,Diptera,NA,NA,NA,1,7/27/2017,Egner,B,7/19/2017,117,Single
7272017EGB1,OTU1292,GS,97.8,BOLD:AAN5882,Animalia,Arthropoda,Insecta,Diptera,Limoniidae,Erioptera,Erioptera caliptera,16,7/27/2017,Egner,B,7/19/2017,117,Single
7272017EGB1,OTU1317,SS,0.01,BOLD:AAN5451,Animalia,Arthropoda,Arachnida,Araneae,Araneidae,Eustala,NA,46,7/27/2017,Egner,B,7/19/2017,117,Single
7272017EGB1,OTU1350,GS,97.2,BOLD:AAA7067,Animalia,Arthropoda,Insecta,Diptera,Culicidae,Aedes,Aedes vexans,24,7/27/2017,Egner,B,7/19/2017,117,Single
7272017EGB1,OTU1401,SS,0.78,BOLD:AAF9008,Animalia,Arthropoda,Insecta,Diptera,NA,NA,NA,1,7/27/2017,Egner,B,7/19/2017,117,Single
7272017EGB1,OTU1404,GS,99.4,BOLD:ADH9777,Animalia,Arthropoda,Insecta,Diptera,Cecidomyiidae,NA,NA,31,7/27/2017,Egner,B,7/19/2017,117,Single
7272017EGB1,OTU1434,GS,97.6,BOLD:AAA7067,Animalia,Arthropoda,Insecta,Diptera,Culicidae,Aedes,Aedes vexans,8,7/27/2017,Egner,B,7/19/2017,117,Single
7272017EGB1,OTU1439,US,0.3913,BOLD:ABA9333,Animalia,Arthropoda,Arachnida,Araneae,NA,NA,NA,15,7/27/2017,Egner,B,7/19/2017,117,Single
7272017EGB1,OTU1465,US,0.3081,None,Animalia,Arthropoda,Arachnida,Araneae,NA,NA,NA,21,7/27/2017,Egner,B,7/19/2017,117,Single
7272017EGB1,OTU1554,SS,0.92,BOLD:AAP2734,Animalia,Arthropoda,Insecta,Diptera,Limoniidae,Erioptera,Erioptera parva,16,7/27/2017,Egner,B,7/19/2017,117,Single
7272017EGB1,OTU1562,GS,99.4,BOLD:AAU4711,Animalia,Arthropoda,Insecta,Hymenoptera,NA,NA,NA,22,7/27/2017,Egner,B,7/19/2017,117,Single
7272017EGB1,OTU1683,SS,0.84,BOLD:AAF4632,Animalia,Arthropoda,Insecta,Diptera,Limoniidae,Epiphragma,Epiphragma solatrix,11,7/27/2017,Egner,B,7/19/2017,117,Single
7272017EGB1,OTU1748,SS,0.6,BOLD:ACF8409,Animalia,Arthropoda,Insecta,Diptera,NA,NA,NA,14,7/27/2017,Egner,B,7/19/2017,117,Single
7272017EGB1,OTU1756,SS,0.97,BOLD:AAG3848,Animalia,Arthropoda,Insecta,Diptera,Culicidae,Culex,Culex erraticus,21,7/27/2017,Egner,B,7/19/2017,117,Single
7272017EGB1,OTU1768,GS,100,BOLD:ABY6495,Animalia,Arthropoda,Insecta,Lepidoptera,Nymphalidae,Libytheana,Libytheana carinenta,25,7/27/2017,Egner,B,7/19/2017,117,Single
7272017EGB1,OTU1782,US,0.9249,BOLD:AAO3940,Animalia,Arthropoda,Insecta,Diptera,NA,NA,NA,2,7/27/2017,Egner,B,7/19/2017,117,Single
7272017EGB1,OTU1800,US,0.3913,None,Animalia,Arthropoda,Insecta,Diptera,NA,NA,NA,3,7/27/2017,Egner,B,7/19/2017,117,Single
7272017EGB1,OTU1821,US,1,BOLD:ACN7794,Animalia,Arthropoda,Insecta,Hemiptera,NA,NA,NA,14,7/27/2017,Egner,B,7/19/2017,117,Single
7272017EGB1,OTU1843,US,1,BOLD:ACM5459,Animalia,Arthropoda,Arachnida,Araneae,NA,NA,NA,9,7/27/2017,Egner,B,7/19/2017,117,Single
7272017EGB1,OTU1871,SS,0.85,BOLD:AAG3848,Animalia,Arthropoda,Insecta,Diptera,Culicidae,Culex,Culex erraticus,84,7/27/2017,Egner,B,7/19/2017,117,Single
7272017EGB10,OTU3,GS,100,BOLD:AAP2734,Animalia,Arthropoda,Insecta,Diptera,Limoniidae,Erioptera,Erioptera parva,713,7/27/2017,Egner,B,7/19/2017,117,Single
7272017EGB10,OTU5,GS,99.4,BOLD:AAN5451,Animalia,Arthropoda,Arachnida,Araneae,Araneidae,Eustala,NA,7603,7/27/2017,Egner,B,7/19/2017,117,Single
7272017EGB10,OTU7,GS,100,BOLD:AAF4632,Animalia,Arthropoda,Insecta,Diptera,Limoniidae,Epiphragma,Epiphragma solatrix,723,7/27/2017,Egner,B,7/19/2017,117,Single
7272017EGB10,OTU11,GS,99.4,BOLD:AAG3848,Animalia,Arthropoda,Insecta,Diptera,Culicidae,Culex,Culex erraticus,26334,7/27/2017,Egner,B,7/19/2017,117,Single
7272017EGB10,OTU13,GS,100,BOLD:ABV1771,Animalia,Arthropoda,Insecta,Diptera,Limoniidae,NA,NA,374,7/27/2017,Egner,B,7/19/2017,117,Single
7272017EGB10,OTU27,SS,0.18,BOLD:AAC6806,Animalia,Arthropoda,Insecta,Diptera,NA,NA,NA,491,7/27/2017,Egner,B,7/19/2017,117,Single
7272017EGB10,OTU33,GS,100,BOLD:AAB8714,Animalia,Arthropoda,Arachnida,Araneae,Tetragnathidae,Leucauge,Leucauge venusta,13986,7/27/2017,Egner,B,7/19/2017,117,Single
7272017EGB10,OTU34,GS,100,BOLD:AAM6211,Animalia,Arthropoda,Insecta,Diptera,Chironomidae,Glyptotendipes,NA,508,7/27/2017,Egner,B,7/19/2017,117,Single
7272017EGB10,OTU35,GS,100,BOLD:ABW4215,Animalia,Arthropoda,Insecta,Diptera,Chironomidae,Glyptotendipes,Glyptotendipes meridionalis,286,7/27/2017,Egner,B,7/19/2017,117,Single
7272017EGB10,OTU57,GS,100,BOLD:AAI1618,Animalia,Arthropoda,Insecta,Diptera,Culicidae,Coquillettidia,Coquillettidia perturbans,3238,7/27/2017,Egner,B,7/19/2017,117,Single
7272017EGB10,OTU68,GS,100,BOLD:AAB7030,Animalia,Arthropoda,Insecta,Diptera,Chironomidae,Chironomus,Chironomus decorus,231,7/27/2017,Egner,B,7/19/2017,117,Single
7272017EGB10,OTU88,GS,100,BOLD:AAE0434,Animalia,Arthropoda,Insecta,Diptera,Culicidae,Uranotaenia,Uranotaenia sapphirina,316,7/27/2017,Egner,B,7/19/2017,117,Single
7272017EGB10,OTU105,GS,100,BOLD:AAB7936,Animalia,Arthropoda,Insecta,Lepidoptera,Oecophoridae,Inga,Inga sparsiciliella,155,7/27/2017,Egner,B,7/19/2017,117,Single
7272017EGB10,OTU113,GS,99.4,BOLD:AAC5250,Animalia,Arthropoda,Insecta,Diptera,NA,NA,NA,966,7/27/2017,Egner,B,7/19/2017,117,Single
7272017EGB10,OTU129,GS,100,BOLD:AAG2647,Animalia,Arthropoda,Insecta,Diptera,Chaoboridae,Chaoborus,Chaoborus punctipennis,774,7/27/2017,Egner,B,7/19/2017,117,Single
7272017EGB10,OTU147,GS,100,BOLD:AAA4056,Animalia,Arthropoda,Insecta,Lepidoptera,Geometridae,Hypagyrtis,Hypagyrtis piniata,2647,7/27/2017,Egner,B,7/19/2017,117,Single
7272017EGB10,OTU148,GS,100,BOLD:AAK7352,Animalia,Arthropoda,Arachnida,Araneae,Araneidae,Metepeira,Metepeira labyrinthea,302,7/27/2017,Egner,B,7/19/2017,117,Single
7272017EGB10,OTU172,GS,99.4,BOLD:AAA8563,Animalia,Arthropoda,Insecta,Lepidoptera,Erebidae,Parallelia,Parallelia bistriaris,6452,7/27/2017,Egner,B,7/19/2017,117,Single
7272017EGB10,OTU198,GS,99.4,BOLD:ABZ1242,Animalia,Arthropoda,Insecta,Diptera,Chironomidae,NA,NA,69,7/27/2017,Egner,B,7/19/2017,117,Single
7272017EGB10,OTU203,GS,100,BOLD:AAB0603,Animalia,Arthropoda,Insecta,Lepidoptera,Gelechiidae,Pseudotelphusa,Pseudotelphusa quercinigracella,1073,7/27/2017,Egner,B,7/19/2017,117,Single
7272017EGB10,OTU238,GS,100,BOLD:AAC2281,Animalia,Arthropoda,Insecta,Diptera,Culicidae,Anopheles,Anopheles quadrimaculatus,1975,7/27/2017,Egner,B,7/19/2017,117,Single
7272017EGB10,OTU244,GS,100,BOLD:AAB1096,Animalia,Arthropoda,Insecta,Lepidoptera,Blastobasidae,Blastobasis,Blastobasis glandulella,115,7/27/2017,Egner,B,7/19/2017,117,Single
7272017EGB10,OTU248,SS,0.79,BOLD:ABX5321,Animalia,Arthropoda,Insecta,Diptera,Tipulidae,NA,NA,65,7/27/2017,Egner,B,7/19/2017,117,Single
7272017EGB10,OTU269,GS,97.2,BOLD:AAP9050,Animalia,Arthropoda,Insecta,Diptera,Ceratopogonidae,NA,NA,1023,7/27/2017,Egner,B,7/19/2017,117,Single
7272017EGB10,OTU297,GS,100,BOLD:ACT1102,Animalia,Arthropoda,Insecta,Lepidoptera,Carposinidae,Carposina,NA,1691,7/27/2017,Egner,B,7/19/2017,117,Single
7272017EGB10,OTU364,GS,100,BOLD:AAF8338,Animalia,Arthropoda,Insecta,Diptera,Tipulidae,Tipula,Tipula furca,180,7/27/2017,Egner,B,7/19/2017,117,Single
7272017EGB10,OTU396,SS,0.98,BOLD:AAP2734,Animalia,Arthropoda,Insecta,Diptera,Limoniidae,Erioptera,Erioptera parva,5942,7/27/2017,Egner,B,7/19/2017,117,Single
7272017EGB10,OTU418,US,0,None,Animalia,Arthropoda,Insecta,Lepidoptera,NA,NA,NA,7,7/27/2017,Egner,B,7/19/2017,117,Single
7272017EGB10,OTU598,GS,100,BOLD:AAN7492,Animalia,Arthropoda,Insecta,Neuroptera,Hemerobiidae,Hemerobius,Hemerobius humulinus,445,7/27/2017,Egner,B,7/19/2017,117,Single
7272017EGB10,OTU638,GS,99.4,BOLD:ABZ3332,Animalia,Arthropoda,Insecta,Lepidoptera,Depressariidae,Psilocorsis,Psilocorsis reflexella,330,7/27/2017,Egner,B,7/19/2017,117,Single
7272017EGB10,OTU642,GS,100,BOLD:AAM7778,Animalia,Arthropoda,Insecta,Coleoptera,Hydrophilidae,Enochrus,Enochrus ochraceus,307,7/27/2017,Egner,B,7/19/2017,117,Single
7272017EGB10,OTU674,US,0,BOLD:AAG4815,Animalia,Arthropoda,Arachnida,Mesostigmata,NA,NA,NA,71,7/27/2017,Egner,B,7/19/2017,117,Single
7272017EGB10,OTU982,GS,98.3,BOLD:AAP9050,Animalia,Arthropoda,Insecta,Diptera,Ceratopogonidae,NA,NA,270,7/27/2017,Egner,B,7/19/2017,117,Single
7272017EGB10,OTU1097,GS,97.2,BOLD:AAN5451,Animalia,Arthropoda,Arachnida,Araneae,Araneidae,Eustala,NA,370,7/27/2017,Egner,B,7/19/2017,117,Single
7272017EGB10,OTU1151,US,0,None,Animalia,Arthropoda,Insecta,Diptera,NA,NA,NA,29,7/27/2017,Egner,B,7/19/2017,117,Single
7272017EGB10,OTU1210,GS,97.2,BOLD:AAF4632,Animalia,Arthropoda,Insecta,Diptera,Limoniidae,Epiphragma,Epiphragma solatrix,62,7/27/2017,Egner,B,7/19/2017,117,Single
7272017EGB10,OTU1248,GS,100,BOLD:ABA2269,Animalia,Arthropoda,Insecta,Lepidoptera,Pyralidae,Arta,Arta olivalis,67,7/27/2017,Egner,B,7/19/2017,117,Single
7272017EGB10,OTU1265,SS,0.83,BOLD:AAF4632,Animalia,Arthropoda,Insecta,Diptera,Limoniidae,Epiphragma,Epiphragma solatrix,16,7/27/2017,Egner,B,7/19/2017,117,Single
7272017EGB10,OTU1268,GS,97.8,BOLD:AAM6211,Animalia,Arthropoda,Insecta,Diptera,Chironomidae,Glyptotendipes,NA,86,7/27/2017,Egner,B,7/19/2017,117,Single
7272017EGB10,OTU1317,SS,0.01,BOLD:AAN5451,Animalia,Arthropoda,Arachnida,Araneae,Araneidae,Eustala,NA,75,7/27/2017,Egner,B,7/19/2017,117,Single
7272017EGB10,OTU1351,SS,0.94,BOLD:AAB7030,Animalia,Arthropoda,Insecta,Diptera,Chironomidae,Chironomus,Chironomus decorus,7,7/27/2017,Egner,B,7/19/2017,117,Single
7272017EGB10,OTU1403,SS,0.36,BOLD:ACV0130,Animalia,Arthropoda,Insecta,Diptera,NA,NA,NA,7,7/27/2017,Egner,B,7/19/2017,117,Single
7272017EGB10,OTU1494,US,0.8732,BOLD:AAF4632,Animalia,Arthropoda,Insecta,Diptera,NA,NA,NA,1,7/27/2017,Egner,B,7/19/2017,117,Single
7272017EGB10,OTU1497,SS,0.97,BOLD:AAI1618,Animalia,Arthropoda,Insecta,Diptera,Culicidae,Coquillettidia,Coquillettidia perturbans,237,7/27/2017,Egner,B,7/19/2017,117,Single
7272017EGB10,OTU1514,SS,0.75,BOLD:ABX5321,Animalia,Arthropoda,Insecta,Diptera,NA,NA,NA,2,7/27/2017,Egner,B,7/19/2017,117,Single
7272017EGB10,OTU1554,SS,0.92,BOLD:AAP2734,Animalia,Arthropoda,Insecta,Diptera,Limoniidae,Erioptera,Erioptera parva,38,7/27/2017,Egner,B,7/19/2017,117,Single
7272017EGB10,OTU1646,GS,97.8,BOLD:ABZ0149,Animalia,Arthropoda,Insecta,Neuroptera,Hemerobiidae,Hemerobius,Hemerobius discretus,5,7/27/2017,Egner,B,7/19/2017,117,Single
7272017EGB10,OTU1683,SS,0.84,BOLD:AAF4632,Animalia,Arthropoda,Insecta,Diptera,Limoniidae,Epiphragma,Epiphragma solatrix,21,7/27/2017,Egner,B,7/19/2017,117,Single
7272017EGB10,OTU1740,SS,0.75,BOLD:ABV1771,Animalia,Arthropoda,Insecta,Diptera,NA,NA,NA,1,7/27/2017,Egner,B,7/19/2017,117,Single
7272017EGB10,OTU1741,GS,98.3,BOLD:AAP9050,Animalia,Arthropoda,Insecta,Diptera,Ceratopogonidae,NA,NA,29,7/27/2017,Egner,B,7/19/2017,117,Single
7272017EGB10,OTU1756,SS,0.97,BOLD:AAG3848,Animalia,Arthropoda,Insecta,Diptera,Culicidae,Culex,Culex erraticus,28,7/27/2017,Egner,B,7/19/2017,117,Single
7272017EGB10,OTU1818,GS,97.9,BOLD:AAF4632,Animalia,Arthropoda,Insecta,Diptera,Limoniidae,Epiphragma,Epiphragma solatrix,1,7/27/2017,Egner,B,7/19/2017,117,Single
7272017EGB10,OTU1834,SS,0.74,BOLD:AAF4632,Animalia,Arthropoda,Insecta,Diptera,NA,NA,NA,3,7/27/2017,Egner,B,7/19/2017,117,Single
7272017EGB10,OTU1871,SS,0.85,BOLD:AAG3848,Animalia,Arthropoda,Insecta,Diptera,Culicidae,Culex,Culex erraticus,2,7/27/2017,Egner,B,7/19/2017,117,Single
7272017EGB10,OTU1878,SS,0.78,BOLD:ABW4215,Animalia,Arthropoda,Insecta,Diptera,NA,NA,NA,3,7/27/2017,Egner,B,7/19/2017,117,Single
7272017EGB2,OTU1,US,0.0026,BOLD:AAD6798,Animalia,Arthropoda,Insecta,Diptera,NA,NA,NA,5293,7/27/2017,Egner,B,7/19/2017,117,Single
7272017EGB2,OTU5,GS,99.4,BOLD:AAN5451,Animalia,Arthropoda,Arachnida,Araneae,Araneidae,Eustala,NA,4445,7/27/2017,Egner,B,7/19/2017,117,Single
7272017EGB2,OTU11,GS,99.4,BOLD:AAG3848,Animalia,Arthropoda,Insecta,Diptera,Culicidae,Culex,Culex erraticus,365,7/27/2017,Egner,B,7/19/2017,117,Single
7272017EGB2,OTU15,GS,100,BOLD:ABZ0908,Animalia,Arthropoda,Insecta,Diptera,Tipulidae,Nephrotoma,Nephrotoma ferruginea,212,7/27/2017,Egner,B,7/19/2017,117,Single
7272017EGB2,OTU23,GS,100,BOLD:AAF9008,Animalia,Arthropoda,Insecta,Diptera,Limoniidae,Helius,Helius flavipes,278,7/27/2017,Egner,B,7/19/2017,117,Single
7272017EGB2,OTU34,GS,100,BOLD:AAM6211,Animalia,Arthropoda,Insecta,Diptera,Chironomidae,Glyptotendipes,NA,144,7/27/2017,Egner,B,7/19/2017,117,Single
7272017EGB2,OTU77,SS,0.4,BOLD:ABU7092,Animalia,Arthropoda,Insecta,Hymenoptera,NA,NA,NA,2611,7/27/2017,Egner,B,7/19/2017,117,Single
7272017EGB2,OTU88,GS,100,BOLD:AAE0434,Animalia,Arthropoda,Insecta,Diptera,Culicidae,Uranotaenia,Uranotaenia sapphirina,407,7/27/2017,Egner,B,7/19/2017,117,Single
7272017EGB2,OTU94,US,0,BOLD:ACO4929,Animalia,Arthropoda,Insecta,Hymenoptera,NA,NA,NA,149,7/27/2017,Egner,B,7/19/2017,117,Single
7272017EGB2,OTU105,GS,100,BOLD:AAB7936,Animalia,Arthropoda,Insecta,Lepidoptera,Oecophoridae,Inga,Inga sparsiciliella,77,7/27/2017,Egner,B,7/19/2017,117,Single
7272017EGB2,OTU141,GS,100,BOLD:ABX6186,Animalia,Arthropoda,Insecta,Diptera,Tipulidae,Nephrotoma,Nephrotoma ferruginea,57,7/27/2017,Egner,B,7/19/2017,117,Single
7272017EGB2,OTU159,US,1,BOLD:ACG2017,Animalia,Arthropoda,Insecta,Coleoptera,NA,NA,NA,28,7/27/2017,Egner,B,7/19/2017,117,Single
7272017EGB2,OTU183,GS,100,BOLD:AAB2305,Animalia,Arthropoda,Insecta,Lepidoptera,Geometridae,Digrammia,Digrammia gnophosaria,2793,7/27/2017,Egner,B,7/19/2017,117,Single
7272017EGB2,OTU310,GS,100,BOLD:ABX7479,Animalia,Arthropoda,Insecta,Diptera,Chironomidae,Parachironomus,NA,48,7/27/2017,Egner,B,7/19/2017,117,Single
7272017EGB2,OTU467,GS,100,BOLD:AAA8999,Animalia,Arthropoda,Arachnida,Araneae,Araneidae,Larinioides,Larinioides cornutus,603,7/27/2017,Egner,B,7/19/2017,117,Single
7272017EGB2,OTU741,GS,100,BOLD:AAA4123,Animalia,Arthropoda,Arachnida,Araneae,Araneidae,Neoscona,Neoscona arabesca,21,7/27/2017,Egner,B,7/19/2017,117,Single
7272017EGB2,OTU746,GS,100,BOLD:AAB7995,Animalia,Arthropoda,Arachnida,Araneae,Tetragnathidae,Tetragnatha,Tetragnatha shoshone,9,7/27/2017,Egner,B,7/19/2017,117,Single
7272017EGB2,OTU828,US,1,None,Animalia,Arthropoda,Insecta,Orthoptera,NA,NA,NA,8,7/27/2017,Egner,B,7/19/2017,117,Single
7272017EGB2,OTU889,US,0.2887,BOLD:ACX4809,Animalia,Arthropoda,Insecta,Lepidoptera,NA,NA,NA,91,7/27/2017,Egner,B,7/19/2017,117,Single
7272017EGB2,OTU1020,GS,100,BOLD:AAH7161,Animalia,Arthropoda,Insecta,Diptera,Sarcophagidae,Ravinia,Ravinia derelicta,119,7/27/2017,Egner,B,7/19/2017,117,Single
7272017EGB2,OTU1097,GS,97.2,BOLD:AAN5451,Animalia,Arthropoda,Arachnida,Araneae,Araneidae,Eustala,NA,152,7/27/2017,Egner,B,7/19/2017,117,Single
7272017EGB2,OTU1193,GS,99.4,BOLD:AAA9811,Animalia,Arthropoda,Insecta,Lepidoptera,Geometridae,Somatolophia,Somatolophia pallescens,34,7/27/2017,Egner,B,7/19/2017,117,Single
7272017EGB2,OTU1265,SS,0.83,BOLD:AAF4632,Animalia,Arthropoda,Insecta,Diptera,Limoniidae,Epiphragma,Epiphragma solatrix,4,7/27/2017,Egner,B,7/19/2017,117,Single
7272017EGB2,OTU1274,GS,98.9,BOLD:AAG6465,Animalia,Arthropoda,Insecta,Diptera,Ceratopogonidae,NA,NA,31,7/27/2017,Egner,B,7/19/2017,117,Single
7272017EGB2,OTU1284,GS,100,BOLD:ACZ2399,Animalia,Arthropoda,Insecta,Coleoptera,Scirtidae,Cyphon,NA,1,7/27/2017,Egner,B,7/19/2017,117,Single
7272017EGB2,OTU1317,SS,0.01,BOLD:AAN5451,Animalia,Arthropoda,Arachnida,Araneae,Araneidae,Eustala,NA,9,7/27/2017,Egner,B,7/19/2017,117,Single
7272017EGB2,OTU1756,SS,0.97,BOLD:AAG3848,Animalia,Arthropoda,Insecta,Diptera,Culicidae,Culex,Culex erraticus,1,7/27/2017,Egner,B,7/19/2017,117,Single
7272017EGB2,OTU1809,GS,100,BOLD:AAB7659,Animalia,Arthropoda,Insecta,Lepidoptera,Erebidae,Sigela,Sigela brauneata,16,7/27/2017,Egner,B,7/19/2017,117,Single
7272017EGB2,OTU1834,SS,0.74,BOLD:AAF4632,Animalia,Arthropoda,Insecta,Diptera,NA,NA,NA,6,7/27/2017,Egner,B,7/19/2017,117,Single
7272017EGB3,OTU3,GS,100,BOLD:AAP2734,Animalia,Arthropoda,Insecta,Diptera,Limoniidae,Erioptera,Erioptera parva,1279,7/27/2017,Egner,B,7/19/2017,117,Single
7272017EGB3,OTU5,GS,99.4,BOLD:AAN5451,Animalia,Arthropoda,Arachnida,Araneae,Araneidae,Eustala,NA,1049,7/27/2017,Egner,B,7/19/2017,117,Single
7272017EGB3,OTU7,GS,100,BOLD:AAF4632,Animalia,Arthropoda,Insecta,Diptera,Limoniidae,Epiphragma,Epiphragma solatrix,1103,7/27/2017,Egner,B,7/19/2017,117,Single
7272017EGB3,OTU11,GS,99.4,BOLD:AAG3848,Animalia,Arthropoda,Insecta,Diptera,Culicidae,Culex,Culex erraticus,5445,7/27/2017,Egner,B,7/19/2017,117,Single
7272017EGB3,OTU12,GS,100,BOLD:AAE5173,Animalia,Arthropoda,Insecta,Diptera,Psychodidae,PschodididGC,NA,1587,7/27/2017,Egner,B,7/19/2017,117,Single
7272017EGB3,OTU34,GS,100,BOLD:AAM6211,Animalia,Arthropoda,Insecta,Diptera,Chironomidae,Glyptotendipes,NA,7509,7/27/2017,Egner,B,7/19/2017,117,Single
7272017EGB3,OTU68,GS,100,BOLD:AAB7030,Animalia,Arthropoda,Insecta,Diptera,Chironomidae,Chironomus,Chironomus decorus,289,7/27/2017,Egner,B,7/19/2017,117,Single
7272017EGB3,OTU78,US,1,BOLD:AAY8864,Animalia,Arthropoda,Insecta,Diptera,NA,NA,NA,221,7/27/2017,Egner,B,7/19/2017,117,Single
7272017EGB3,OTU88,GS,100,BOLD:AAE0434,Animalia,Arthropoda,Insecta,Diptera,Culicidae,Uranotaenia,Uranotaenia sapphirina,788,7/27/2017,Egner,B,7/19/2017,117,Single
7272017EGB3,OTU92,GS,100,BOLD:AAG8582,Animalia,Arthropoda,Insecta,Lepidoptera,Blastobasidae,Asaphocrita,Asaphocrita aphidiella,170,7/27/2017,Egner,B,7/19/2017,117,Single
7272017EGB3,OTU99,US,1,BOLD:ACF7919,Animalia,Arthropoda,Collembola,Poduromorpha,NA,NA,NA,234,7/27/2017,Egner,B,7/19/2017,117,Single
7272017EGB3,OTU110,GS,99.4,BOLD:AAJ0542,Animalia,Arthropoda,Arachnida,Araneae,Theridiidae,Euryopis,Euryopis funebris,106,7/27/2017,Egner,B,7/19/2017,117,Single
7272017EGB3,OTU148,GS,100,BOLD:AAK7352,Animalia,Arthropoda,Arachnida,Araneae,Araneidae,Metepeira,Metepeira labyrinthea,36,7/27/2017,Egner,B,7/19/2017,117,Single
7272017EGB3,OTU149,GS,99.4,BOLD:AAH4942,Animalia,Arthropoda,Insecta,Lepidoptera,Gelechiidae,Dichomeris,NA,48,7/27/2017,Egner,B,7/19/2017,117,Single
7272017EGB3,OTU183,GS,100,BOLD:AAB2305,Animalia,Arthropoda,Insecta,Lepidoptera,Geometridae,Digrammia,Digrammia gnophosaria,28,7/27/2017,Egner,B,7/19/2017,117,Single
7272017EGB3,OTU198,GS,99.4,BOLD:ABZ1242,Animalia,Arthropoda,Insecta,Diptera,Chironomidae,NA,NA,20,7/27/2017,Egner,B,7/19/2017,117,Single
7272017EGB3,OTU214,GS,99.4,BOLD:AAW6795,Animalia,Arthropoda,Insecta,Diptera,NA,NA,NA,100,7/27/2017,Egner,B,7/19/2017,117,Single
7272017EGB3,OTU216,GS,100,BOLD:AAG5659,Animalia,Arthropoda,Arachnida,Araneae,Tetragnathidae,Tetragnatha,Tetragnatha viridis,422,7/27/2017,Egner,B,7/19/2017,117,Single
7272017EGB3,OTU258,GS,100,BOLD:ACA7555,Animalia,Arthropoda,Insecta,Diptera,Chironomidae,NA,NA,235,7/27/2017,Egner,B,7/19/2017,117,Single
7272017EGB3,OTU265,GS,100,BOLD:AAQ3192,Animalia,Arthropoda,Insecta,Lepidoptera,Dryadaulidae,Dryadaula,NA,25,7/27/2017,Egner,B,7/19/2017,117,Single
7272017EGB3,OTU269,GS,97.2,BOLD:AAP9050,Animalia,Arthropoda,Insecta,Diptera,Ceratopogonidae,NA,NA,60,7/27/2017,Egner,B,7/19/2017,117,Single
7272017EGB3,OTU279,US,0.9881,BOLD:AAL9881,Animalia,Arthropoda,Arachnida,Araneae,NA,NA,NA,14,7/27/2017,Egner,B,7/19/2017,117,Single
7272017EGB3,OTU314,GS,98.9,BOLD:AAB0603,Animalia,Arthropoda,Insecta,Lepidoptera,Gelechiidae,Pseudotelphusa,Pseudotelphusa quercinigracella,15,7/27/2017,Egner,B,7/19/2017,117,Single
7272017EGB3,OTU355,GS,99.4,BOLD:AAB3917,Animalia,Arthropoda,Insecta,Lepidoptera,Depressariidae,Psilocorsis,Psilocorsis quercicella,7,7/27/2017,Egner,B,7/19/2017,117,Single
7272017EGB3,OTU371,GS,100,BOLD:ABX9756,Animalia,Arthropoda,Insecta,Diptera,NA,NA,NA,20,7/27/2017,Egner,B,7/19/2017,117,Single
7272017EGB3,OTU372,GS,100,BOLD:AAC0182,Animalia,Arthropoda,Insecta,Lepidoptera,Tineidae,Niditinea,Niditinea orleansella,4,7/27/2017,Egner,B,7/19/2017,117,Single
7272017EGB3,OTU392,US,1,None,Animalia,Arthropoda,Insecta,Diptera,NA,NA,NA,9,7/27/2017,Egner,B,7/19/2017,117,Single
7272017EGB3,OTU396,SS,0.98,BOLD:AAP2734,Animalia,Arthropoda,Insecta,Diptera,Limoniidae,Erioptera,Erioptera parva,72,7/27/2017,Egner,B,7/19/2017,117,Single
7272017EGB3,OTU418,US,0,None,Animalia,Arthropoda,Insecta,Lepidoptera,NA,NA,NA,2,7/27/2017,Egner,B,7/19/2017,117,Single
7272017EGB3,OTU447,US,0.9916,BOLD:AAW5176,Animalia,Arthropoda,Arachnida,Araneae,NA,NA,NA,49,7/27/2017,Egner,B,7/19/2017,117,Single
7272017EGB3,OTU494,GS,99.4,BOLD:AAH3231,Animalia,Arthropoda,Insecta,Psocodea,Psocidae,NA,NA,30,7/27/2017,Egner,B,7/19/2017,117,Single
7272017EGB3,OTU624,GS,100,BOLD:AAP4712,Animalia,Arthropoda,Insecta,Diptera,Psychodidae,NA,NA,2,7/27/2017,Egner,B,7/19/2017,117,Single
7272017EGB3,OTU636,GS,99.4,BOLD:AAM6230,Animalia,Arthropoda,Insecta,Diptera,Chironomidae,Chironomus,NA,7,7/27/2017,Egner,B,7/19/2017,117,Single
7272017EGB3,OTU638,GS,99.4,BOLD:ABZ3332,Animalia,Arthropoda,Insecta,Lepidoptera,Depressariidae,Psilocorsis,Psilocorsis reflexella,27,7/27/2017,Egner,B,7/19/2017,117,Single
7272017EGB3,OTU674,US,0,BOLD:AAG4815,Animalia,Arthropoda,Arachnida,Mesostigmata,NA,NA,NA,1,7/27/2017,Egner,B,7/19/2017,117,Single
7272017EGB3,OTU686,US,0.9919,BOLD:ACT2785,Animalia,Arthropoda,Insecta,Hymenoptera,NA,NA,NA,4,7/27/2017,Egner,B,7/19/2017,117,Single
7272017EGB3,OTU739,US,0.2259,BOLD:ACK9367,Animalia,Arthropoda,Insecta,Diptera,NA,NA,NA,199,7/27/2017,Egner,B,7/19/2017,117,Single
7272017EGB3,OTU742,GS,99.4,BOLD:ABA9828,Animalia,Arthropoda,Insecta,Hemiptera,Derbidae,Otiocerus,Otiocerus wolfei,9,7/27/2017,Egner,B,7/19/2017,117,Single
7272017EGB3,OTU793,GS,98.9,BOLD:AAB8800,Animalia,Arthropoda,Insecta,Lepidoptera,Autostichidae,Gerdana,Gerdana caritella,8,7/27/2017,Egner,B,7/19/2017,117,Single
7272017EGB3,OTU861,SS,0.32,BOLD:AAG8269,Animalia,Arthropoda,Insecta,Diptera,NA,NA,NA,24,7/27/2017,Egner,B,7/19/2017,117,Single
7272017EGB3,OTU908,US,0.9925,BOLD:AAN8362,Animalia,Arthropoda,Insecta,Hemiptera,NA,NA,NA,9,7/27/2017,Egner,B,7/19/2017,117,Single
7272017EGB3,OTU940,US,0,BOLD:ACT8457,Animalia,Arthropoda,Insecta,Hymenoptera,NA,NA,NA,1,7/27/2017,Egner,B,7/19/2017,117,Single
7272017EGB3,OTU958,US,0.2887,BOLD:AAQ0247,Animalia,Arthropoda,Insecta,Hemiptera,NA,NA,NA,8,7/27/2017,Egner,B,7/19/2017,117,Single
7272017EGB3,OTU982,GS,98.3,BOLD:AAP9050,Animalia,Arthropoda,Insecta,Diptera,Ceratopogonidae,NA,NA,24,7/27/2017,Egner,B,7/19/2017,117,Single
7272017EGB3,OTU1015,GS,100,BOLD:ACX7075,Animalia,Arthropoda,Insecta,Lepidoptera,Blastobasidae,Pigritia,NA,10,7/27/2017,Egner,B,7/19/2017,117,Single
7272017EGB3,OTU1051,US,0.2887,BOLD:ACJ2256,Animalia,Arthropoda,Insecta,Trichoptera,NA,NA,NA,2,7/27/2017,Egner,B,7/19/2017,117,Single
7272017EGB3,OTU1072,SS,0.54,BOLD:ABV9238,Animalia,Arthropoda,Insecta,Diptera,NA,NA,NA,3,7/27/2017,Egner,B,7/19/2017,117,Single
7272017EGB3,OTU1097,GS,97.2,BOLD:AAN5451,Animalia,Arthropoda,Arachnida,Araneae,Araneidae,Eustala,NA,37,7/27/2017,Egner,B,7/19/2017,117,Single
7272017EGB3,OTU1210,GS,97.2,BOLD:AAF4632,Animalia,Arthropoda,Insecta,Diptera,Limoniidae,Epiphragma,Epiphragma solatrix,53,7/27/2017,Egner,B,7/19/2017,117,Single
7272017EGB3,OTU1265,SS,0.83,BOLD:AAF4632,Animalia,Arthropoda,Insecta,Diptera,Limoniidae,Epiphragma,Epiphragma solatrix,3,7/27/2017,Egner,B,7/19/2017,117,Single
7272017EGB3,OTU1268,GS,97.8,BOLD:AAM6211,Animalia,Arthropoda,Insecta,Diptera,Chironomidae,Glyptotendipes,NA,167,7/27/2017,Egner,B,7/19/2017,117,Single
7272017EGB3,OTU1317,SS,0.01,BOLD:AAN5451,Animalia,Arthropoda,Arachnida,Araneae,Araneidae,Eustala,NA,6,7/27/2017,Egner,B,7/19/2017,117,Single
7272017EGB3,OTU1351,SS,0.94,BOLD:AAB7030,Animalia,Arthropoda,Insecta,Diptera,Chironomidae,Chironomus,Chironomus decorus,18,7/27/2017,Egner,B,7/19/2017,117,Single
7272017EGB3,OTU1403,SS,0.36,BOLD:ACV0130,Animalia,Arthropoda,Insecta,Diptera,NA,NA,NA,3,7/27/2017,Egner,B,7/19/2017,117,Single
7272017EGB3,OTU1434,GS,97.6,BOLD:AAA7067,Animalia,Arthropoda,Insecta,Diptera,Culicidae,Aedes,Aedes vexans,2,7/27/2017,Egner,B,7/19/2017,117,Single
7272017EGB3,OTU1439,US,0.3913,BOLD:ABA9333,Animalia,Arthropoda,Arachnida,Araneae,NA,NA,NA,11,7/27/2017,Egner,B,7/19/2017,117,Single
7272017EGB3,OTU1444,US,0.2061,BOLD:ABA9828,Animalia,Arthropoda,Insecta,Lepidoptera,NA,NA,NA,19,7/27/2017,Egner,B,7/19/2017,117,Single
7272017EGB3,OTU1482,SS,0.87,BOLD:AAF9008,Animalia,Arthropoda,Insecta,Diptera,Limoniidae,Helius,Helius flavipes,5,7/27/2017,Egner,B,7/19/2017,117,Single
7272017EGB3,OTU1494,US,0.8732,BOLD:AAF4632,Animalia,Arthropoda,Insecta,Diptera,NA,NA,NA,4,7/27/2017,Egner,B,7/19/2017,117,Single
7272017EGB3,OTU1554,SS,0.92,BOLD:AAP2734,Animalia,Arthropoda,Insecta,Diptera,Limoniidae,Erioptera,Erioptera parva,20,7/27/2017,Egner,B,7/19/2017,117,Single
7272017EGB3,OTU1683,SS,0.84,BOLD:AAF4632,Animalia,Arthropoda,Insecta,Diptera,Limoniidae,Epiphragma,Epiphragma solatrix,7,7/27/2017,Egner,B,7/19/2017,117,Single
7272017EGB3,OTU1691,GS,97.2,BOLD:AAH2909,Animalia,Arthropoda,Insecta,Coleoptera,Hydrophilidae,Helocombus,Helocombus bifidus,18,7/27/2017,Egner,B,7/19/2017,117,Single
7272017EGB3,OTU1741,GS,98.3,BOLD:AAP9050,Animalia,Arthropoda,Insecta,Diptera,Ceratopogonidae,NA,NA,12,7/27/2017,Egner,B,7/19/2017,117,Single
7272017EGB3,OTU1834,SS,0.74,BOLD:AAF4632,Animalia,Arthropoda,Insecta,Diptera,NA,NA,NA,36,7/27/2017,Egner,B,7/19/2017,117,Single
7272017EGB3,OTU1836,US,0.9967,BOLD:ACF8858,Animalia,Arthropoda,Insecta,Diptera,NA,NA,NA,7,7/27/2017,Egner,B,7/19/2017,117,Single
7272017EGB3,OTU1871,SS,0.85,BOLD:AAG3848,Animalia,Arthropoda,Insecta,Diptera,Culicidae,Culex,Culex erraticus,5,7/27/2017,Egner,B,7/19/2017,117,Single
7272017EGB4,OTU2,GS,100,BOLD:AAH3225,Animalia,Arthropoda,Insecta,Psocodea,Psocidae,Metylophorus,Metylophorus novaescotiae,11407,7/27/2017,Egner,B,7/19/2017,117,Single
7272017EGB4,OTU3,GS,100,BOLD:AAP2734,Animalia,Arthropoda,Insecta,Diptera,Limoniidae,Erioptera,Erioptera parva,4570,7/27/2017,Egner,B,7/19/2017,117,Single
7272017EGB4,OTU4,GS,100,BOLD:AAN5882,Animalia,Arthropoda,Insecta,Diptera,Limoniidae,Erioptera,Erioptera caliptera,726,7/27/2017,Egner,B,7/19/2017,117,Single
7272017EGB4,OTU5,GS,99.4,BOLD:AAN5451,Animalia,Arthropoda,Arachnida,Araneae,Araneidae,Eustala,NA,3145,7/27/2017,Egner,B,7/19/2017,117,Single
7272017EGB4,OTU7,GS,100,BOLD:AAF4632,Animalia,Arthropoda,Insecta,Diptera,Limoniidae,Epiphragma,Epiphragma solatrix,2635,7/27/2017,Egner,B,7/19/2017,117,Single
7272017EGB4,OTU9,US,0.7924,BOLD:AAG8502,Animalia,Arthropoda,Insecta,NA,NA,NA,NA,339,7/27/2017,Egner,B,7/19/2017,117,Single
7272017EGB4,OTU11,GS,99.4,BOLD:AAG3848,Animalia,Arthropoda,Insecta,Diptera,Culicidae,Culex,Culex erraticus,5629,7/27/2017,Egner,B,7/19/2017,117,Single
7272017EGB4,OTU14,GS,99.4,BOLD:AAO3940,Animalia,Arthropoda,Insecta,Diptera,Limoniidae,Rhipidia,NA,384,7/27/2017,Egner,B,7/19/2017,117,Single
7272017EGB4,OTU21,GS,100,BOLD:ACR3763,Animalia,Arthropoda,Insecta,Coleoptera,Ptilodactylidae,Ptilodactyla,Ptilodactyla serricollis,452,7/27/2017,Egner,B,7/19/2017,117,Single
7272017EGB4,OTU34,GS,100,BOLD:AAM6211,Animalia,Arthropoda,Insecta,Diptera,Chironomidae,Glyptotendipes,NA,2022,7/27/2017,Egner,B,7/19/2017,117,Single
7272017EGB4,OTU59,SS,0.76,BOLD:ACY4680,Animalia,Arthropoda,Arachnida,Trombidiformes,NA,NA,NA,195,7/27/2017,Egner,B,7/19/2017,117,Single
7272017EGB4,OTU83,GS,100,BOLD:ABA5203,Animalia,Arthropoda,Insecta,Diptera,Limoniidae,Dicranomyia,Dicranomyia frontalis,75,7/27/2017,Egner,B,7/19/2017,117,Single
7272017EGB4,OTU88,GS,100,BOLD:AAE0434,Animalia,Arthropoda,Insecta,Diptera,Culicidae,Uranotaenia,Uranotaenia sapphirina,12,7/27/2017,Egner,B,7/19/2017,117,Single
7272017EGB4,OTU118,US,1,None,Animalia,Arthropoda,Arachnida,Mesostigmata,NA,NA,NA,516,7/27/2017,Egner,B,7/19/2017,117,Single
7272017EGB4,OTU146,GS,99.4,BOLD:ABV9238,Animalia,Arthropoda,Insecta,Diptera,Limoniidae,Gonomyia,NA,65,7/27/2017,Egner,B,7/19/2017,117,Single
7272017EGB4,OTU190,GS,100,BOLD:ABY7666,Animalia,Arthropoda,Insecta,Diptera,Culicidae,Culex,Culex territans,35,7/27/2017,Egner,B,7/19/2017,117,Single
7272017EGB4,OTU206,GS,99.4,BOLD:AAN8390,Animalia,Arthropoda,Insecta,Hemiptera,Miridae,Neurocolpus,Neurocolpus nubilus,21,7/27/2017,Egner,B,7/19/2017,117,Single
7272017EGB4,OTU258,GS,100,BOLD:ACA7555,Animalia,Arthropoda,Insecta,Diptera,Chironomidae,NA,NA,51,7/27/2017,Egner,B,7/19/2017,117,Single
7272017EGB4,OTU295,GS,97.8,BOLD:AAG3848,Animalia,Arthropoda,Insecta,Diptera,Culicidae,Culex,Culex erraticus,83,7/27/2017,Egner,B,7/19/2017,117,Single
7272017EGB4,OTU296,GS,98.9,BOLD:AAB5837,Animalia,Arthropoda,Insecta,Orthoptera,NA,NA,NA,122,7/27/2017,Egner,B,7/19/2017,117,Single
7272017EGB4,OTU396,SS,0.98,BOLD:AAP2734,Animalia,Arthropoda,Insecta,Diptera,Limoniidae,Erioptera,Erioptera parva,197,7/27/2017,Egner,B,7/19/2017,117,Single
7272017EGB4,OTU418,US,0,None,Animalia,Arthropoda,Insecta,Lepidoptera,NA,NA,NA,7,7/27/2017,Egner,B,7/19/2017,117,Single
7272017EGB4,OTU447,US,0.9916,BOLD:AAW5176,Animalia,Arthropoda,Arachnida,Araneae,NA,NA,NA,7,7/27/2017,Egner,B,7/19/2017,117,Single
7272017EGB4,OTU486,GS,100,BOLD:ACL3824,Animalia,Arthropoda,Insecta,Diptera,Chironomidae,NA,NA,7,7/27/2017,Egner,B,7/19/2017,117,Single
7272017EGB4,OTU489,GS,100,BOLD:ABX9225,Animalia,Arthropoda,Insecta,Diptera,Limoniidae,Rhipidia,NA,11,7/27/2017,Egner,B,7/19/2017,117,Single
7272017EGB4,OTU517,US,0,None,Animalia,Arthropoda,Insecta,Diptera,NA,NA,NA,51,7/27/2017,Egner,B,7/19/2017,117,Single
7272017EGB4,OTU543,GS,100,BOLD:AAA7928,Animalia,Arthropoda,Insecta,Lepidoptera,Blastobasidae,Blastobasis,Blastobasis taurusella,2,7/27/2017,Egner,B,7/19/2017,117,Single
7272017EGB4,OTU624,GS,100,BOLD:AAP4712,Animalia,Arthropoda,Insecta,Diptera,Psychodidae,NA,NA,18,7/27/2017,Egner,B,7/19/2017,117,Single
7272017EGB4,OTU635,GS,97.2,BOLD:AAN5882,Animalia,Arthropoda,Insecta,Diptera,Limoniidae,Erioptera,Erioptera caliptera,19,7/27/2017,Egner,B,7/19/2017,117,Single
7272017EGB4,OTU707,GS,100,BOLD:ACA3244,Animalia,Arthropoda,Insecta,Diptera,Chironomidae,Polypedilum,Polypedilum convictum,17,7/27/2017,Egner,B,7/19/2017,117,Single
7272017EGB4,OTU720,GS,99.4,BOLD:AAB5347,Animalia,Arthropoda,Insecta,Lepidoptera,Tortricidae,Paralobesia,Paralobesia liriodendrana,3,7/27/2017,Egner,B,7/19/2017,117,Single
7272017EGB4,OTU736,GS,100,BOLD:AAD7279,Animalia,Arthropoda,Insecta,Lepidoptera,Geometridae,Mellilla,Mellilla xanthometata,188,7/27/2017,Egner,B,7/19/2017,117,Single
7272017EGB4,OTU863,US,1,BOLD:ACF7687,Animalia,Arthropoda,Arachnida,Araneae,NA,NA,NA,3,7/27/2017,Egner,B,7/19/2017,117,Single
7272017EGB4,OTU915,GS,100,BOLD:AAC5648,Animalia,Arthropoda,Insecta,Lepidoptera,Crambidae,Anania,Anania helvalis,106,7/27/2017,Egner,B,7/19/2017,117,Single
7272017EGB4,OTU942,GS,100,BOLD:AAA4507,Animalia,Arthropoda,Insecta,Lepidoptera,Crambidae,Udea,Udea rubigalis,85,7/27/2017,Egner,B,7/19/2017,117,Single
7272017EGB4,OTU1009,US,1,BOLD:ABY9858,Animalia,Arthropoda,Insecta,Diptera,NA,NA,NA,91,7/27/2017,Egner,B,7/19/2017,117,Single
7272017EGB4,OTU1015,GS,100,BOLD:ACX7075,Animalia,Arthropoda,Insecta,Lepidoptera,Blastobasidae,Pigritia,NA,25,7/27/2017,Egner,B,7/19/2017,117,Single
7272017EGB4,OTU1021,US,0.0017,BOLD:AAG0758,Animalia,Arthropoda,Insecta,Lepidoptera,NA,NA,NA,1,7/27/2017,Egner,B,7/19/2017,117,Single
7272017EGB4,OTU1028,US,0.9881,BOLD:ACI4589,Animalia,Arthropoda,Insecta,Coleoptera,NA,NA,NA,13,7/27/2017,Egner,B,7/19/2017,117,Single
7272017EGB4,OTU1030,US,0,BOLD:AAZ9634,Animalia,Arthropoda,Insecta,Hymenoptera,NA,NA,NA,5,7/27/2017,Egner,B,7/19/2017,117,Single
7272017EGB4,OTU1072,SS,0.54,BOLD:ABV9238,Animalia,Arthropoda,Insecta,Diptera,NA,NA,NA,9,7/27/2017,Egner,B,7/19/2017,117,Single
7272017EGB4,OTU1097,GS,97.2,BOLD:AAN5451,Animalia,Arthropoda,Arachnida,Araneae,Araneidae,Eustala,NA,147,7/27/2017,Egner,B,7/19/2017,117,Single
7272017EGB4,OTU1127,GS,100,BOLD:AAU8651,Animalia,Arthropoda,Insecta,Hymenoptera,Ichneumonidae,NA,NA,15,7/27/2017,Egner,B,7/19/2017,117,Single
7272017EGB4,OTU1152,GS,100,BOLD:AAV0590,Animalia,Arthropoda,Arachnida,Mesostigmata,Blattisociidae,Cheiroseius,NA,13,7/27/2017,Egner,B,7/19/2017,117,Single
7272017EGB4,OTU1176,US,0.9249,BOLD:AAF4632,Animalia,Arthropoda,Insecta,Diptera,NA,NA,NA,2,7/27/2017,Egner,B,7/19/2017,117,Single
7272017EGB4,OTU1197,GS,100,BOLD:ACG8198,Animalia,Arthropoda,Insecta,Hymenoptera,NA,NA,NA,19,7/27/2017,Egner,B,7/19/2017,117,Single
7272017EGB4,OTU1210,GS,97.2,BOLD:AAF4632,Animalia,Arthropoda,Insecta,Diptera,Limoniidae,Epiphragma,Epiphragma solatrix,171,7/27/2017,Egner,B,7/19/2017,117,Single
7272017EGB4,OTU1263,GS,98.3,BOLD:ACY7461,Animalia,Arthropoda,Insecta,Coleoptera,NA,NA,NA,3,7/27/2017,Egner,B,7/19/2017,117,Single
7272017EGB4,OTU1265,SS,0.83,BOLD:AAF4632,Animalia,Arthropoda,Insecta,Diptera,Limoniidae,Epiphragma,Epiphragma solatrix,13,7/27/2017,Egner,B,7/19/2017,117,Single
7272017EGB4,OTU1267,GS,97.2,BOLD:AAP2550,Animalia,Arthropoda,Insecta,Neuroptera,Sisyridae,Sisyra,NA,23,7/27/2017,Egner,B,7/19/2017,117,Single
7272017EGB4,OTU1268,GS,97.8,BOLD:AAM6211,Animalia,Arthropoda,Insecta,Diptera,Chironomidae,Glyptotendipes,NA,63,7/27/2017,Egner,B,7/19/2017,117,Single
7272017EGB4,OTU1279,GS,99.4,BOLD:ABU5822,Animalia,Arthropoda,Insecta,Diptera,NA,NA,NA,18,7/27/2017,Egner,B,7/19/2017,117,Single
7272017EGB4,OTU1282,GS,99.4,BOLD:ACU7477,Animalia,Arthropoda,Insecta,Diptera,Tachinidae,NA,NA,6,7/27/2017,Egner,B,7/19/2017,117,Single
7272017EGB4,OTU1292,GS,97.8,BOLD:AAN5882,Animalia,Arthropoda,Insecta,Diptera,Limoniidae,Erioptera,Erioptera caliptera,18,7/27/2017,Egner,B,7/19/2017,117,Single
7272017EGB4,OTU1308,GS,100,BOLD:ACF1754,Animalia,Arthropoda,Insecta,Lepidoptera,Pyralidae,Salebriaria,Salebriaria engeli,55,7/27/2017,Egner,B,7/19/2017,117,Single
7272017EGB4,OTU1317,SS,0.01,BOLD:AAN5451,Animalia,Arthropoda,Arachnida,Araneae,Araneidae,Eustala,NA,14,7/27/2017,Egner,B,7/19/2017,117,Single
7272017EGB4,OTU1350,GS,97.2,BOLD:AAA7067,Animalia,Arthropoda,Insecta,Diptera,Culicidae,Aedes,Aedes vexans,21,7/27/2017,Egner,B,7/19/2017,117,Single
7272017EGB4,OTU1351,SS,0.94,BOLD:AAB7030,Animalia,Arthropoda,Insecta,Diptera,Chironomidae,Chironomus,Chironomus decorus,3,7/27/2017,Egner,B,7/19/2017,117,Single
7272017EGB4,OTU1403,SS,0.36,BOLD:ACV0130,Animalia,Arthropoda,Insecta,Diptera,NA,NA,NA,14,7/27/2017,Egner,B,7/19/2017,117,Single
7272017EGB4,OTU1405,US,0.1136,BOLD:ACB3509,Animalia,Arthropoda,Arachnida,Araneae,NA,NA,NA,51,7/27/2017,Egner,B,7/19/2017,117,Single
7272017EGB4,OTU1480,US,0.9249,BOLD:AAN5882,Animalia,Arthropoda,Insecta,Diptera,NA,NA,NA,8,7/27/2017,Egner,B,7/19/2017,117,Single
7272017EGB4,OTU1494,US,0.8732,BOLD:AAF4632,Animalia,Arthropoda,Insecta,Diptera,NA,NA,NA,9,7/27/2017,Egner,B,7/19/2017,117,Single
7272017EGB4,OTU1497,SS,0.97,BOLD:AAI1618,Animalia,Arthropoda,Insecta,Diptera,Culicidae,Coquillettidia,Coquillettidia perturbans,2,7/27/2017,Egner,B,7/19/2017,117,Single
7272017EGB4,OTU1522,SS,0.57,BOLD:AAF9008,Animalia,Arthropoda,Insecta,Diptera,NA,NA,NA,3,7/27/2017,Egner,B,7/19/2017,117,Single
7272017EGB4,OTU1554,SS,0.92,BOLD:AAP2734,Animalia,Arthropoda,Insecta,Diptera,Limoniidae,Erioptera,Erioptera parva,85,7/27/2017,Egner,B,7/19/2017,117,Single
7272017EGB4,OTU1683,SS,0.84,BOLD:AAF4632,Animalia,Arthropoda,Insecta,Diptera,Limoniidae,Epiphragma,Epiphragma solatrix,23,7/27/2017,Egner,B,7/19/2017,117,Single
7272017EGB4,OTU1719,GS,97.2,BOLD:AAG0149,Animalia,Arthropoda,Insecta,Lepidoptera,NA,NA,NA,2,7/27/2017,Egner,B,7/19/2017,117,Single
7272017EGB4,OTU1748,SS,0.6,BOLD:ACF8409,Animalia,Arthropoda,Insecta,Diptera,NA,NA,NA,1,7/27/2017,Egner,B,7/19/2017,117,Single
7272017EGB4,OTU1756,SS,0.97,BOLD:AAG3848,Animalia,Arthropoda,Insecta,Diptera,Culicidae,Culex,Culex erraticus,7,7/27/2017,Egner,B,7/19/2017,117,Single
7272017EGB4,OTU1834,SS,0.74,BOLD:AAF4632,Animalia,Arthropoda,Insecta,Diptera,NA,NA,NA,28,7/27/2017,Egner,B,7/19/2017,117,Single
7272017EGB4,OTU1846,US,1,BOLD:AAF5224,Animalia,Arthropoda,Arachnida,Araneae,NA,NA,NA,18,7/27/2017,Egner,B,7/19/2017,117,Single
7272017EGB4,OTU1859,US,0,BOLD:ACU5036,Animalia,Arthropoda,Insecta,Diptera,NA,NA,NA,14,7/27/2017,Egner,B,7/19/2017,117,Single
7272017EGB4,OTU1871,SS,0.85,BOLD:AAG3848,Animalia,Arthropoda,Insecta,Diptera,Culicidae,Culex,Culex erraticus,9,7/27/2017,Egner,B,7/19/2017,117,Single
7272017EGB4,OTU1896,US,0.9201,BOLD:AAA0693,Animalia,Arthropoda,Insecta,Lepidoptera,NA,NA,NA,12,7/27/2017,Egner,B,7/19/2017,117,Single
7272017EGB5,OTU3,GS,100,BOLD:AAP2734,Animalia,Arthropoda,Insecta,Diptera,Limoniidae,Erioptera,Erioptera parva,1701,7/27/2017,Egner,B,7/19/2017,117,Single
7272017EGB5,OTU4,GS,100,BOLD:AAN5882,Animalia,Arthropoda,Insecta,Diptera,Limoniidae,Erioptera,Erioptera caliptera,643,7/27/2017,Egner,B,7/19/2017,117,Single
7272017EGB5,OTU5,GS,99.4,BOLD:AAN5451,Animalia,Arthropoda,Arachnida,Araneae,Araneidae,Eustala,NA,484,7/27/2017,Egner,B,7/19/2017,117,Single
7272017EGB5,OTU7,GS,100,BOLD:AAF4632,Animalia,Arthropoda,Insecta,Diptera,Limoniidae,Epiphragma,Epiphragma solatrix,2161,7/27/2017,Egner,B,7/19/2017,117,Single
7272017EGB5,OTU11,GS,99.4,BOLD:AAG3848,Animalia,Arthropoda,Insecta,Diptera,Culicidae,Culex,Culex erraticus,10102,7/27/2017,Egner,B,7/19/2017,117,Single
7272017EGB5,OTU13,GS,100,BOLD:ABV1771,Animalia,Arthropoda,Insecta,Diptera,Limoniidae,NA,NA,1700,7/27/2017,Egner,B,7/19/2017,117,Single
7272017EGB5,OTU14,GS,99.4,BOLD:AAO3940,Animalia,Arthropoda,Insecta,Diptera,Limoniidae,Rhipidia,NA,2500,7/27/2017,Egner,B,7/19/2017,117,Single
7272017EGB5,OTU23,GS,100,BOLD:AAF9008,Animalia,Arthropoda,Insecta,Diptera,Limoniidae,Helius,Helius flavipes,1188,7/27/2017,Egner,B,7/19/2017,117,Single
7272017EGB5,OTU37,GS,100,BOLD:AAB0484,Animalia,Arthropoda,Insecta,Lepidoptera,Tortricidae,Gypsonoma,Gypsonoma salicicolana,1883,7/27/2017,Egner,B,7/19/2017,117,Single
7272017EGB5,OTU57,GS,100,BOLD:AAI1618,Animalia,Arthropoda,Insecta,Diptera,Culicidae,Coquillettidia,Coquillettidia perturbans,72,7/27/2017,Egner,B,7/19/2017,117,Single
7272017EGB5,OTU68,GS,100,BOLD:AAB7030,Animalia,Arthropoda,Insecta,Diptera,Chironomidae,Chironomus,Chironomus decorus,44,7/27/2017,Egner,B,7/19/2017,117,Single
7272017EGB5,OTU78,US,1,BOLD:AAY8864,Animalia,Arthropoda,Insecta,Diptera,NA,NA,NA,34,7/27/2017,Egner,B,7/19/2017,117,Single
7272017EGB5,OTU88,GS,100,BOLD:AAE0434,Animalia,Arthropoda,Insecta,Diptera,Culicidae,Uranotaenia,Uranotaenia sapphirina,91,7/27/2017,Egner,B,7/19/2017,117,Single
7272017EGB5,OTU105,GS,100,BOLD:AAB7936,Animalia,Arthropoda,Insecta,Lepidoptera,Oecophoridae,Inga,Inga sparsiciliella,25,7/27/2017,Egner,B,7/19/2017,117,Single
7272017EGB5,OTU132,US,1,None,Animalia,Arthropoda,Hexanauplia,Harpacticoida,NA,NA,NA,4978,7/27/2017,Egner,B,7/19/2017,117,Single
7272017EGB5,OTU146,GS,99.4,BOLD:ABV9238,Animalia,Arthropoda,Insecta,Diptera,Limoniidae,Gonomyia,NA,119,7/27/2017,Egner,B,7/19/2017,117,Single
7272017EGB5,OTU148,GS,100,BOLD:AAK7352,Animalia,Arthropoda,Arachnida,Araneae,Araneidae,Metepeira,Metepeira labyrinthea,12,7/27/2017,Egner,B,7/19/2017,117,Single
7272017EGB5,OTU149,GS,99.4,BOLD:AAH4942,Animalia,Arthropoda,Insecta,Lepidoptera,Gelechiidae,Dichomeris,NA,603,7/27/2017,Egner,B,7/19/2017,117,Single
7272017EGB5,OTU183,GS,100,BOLD:AAB2305,Animalia,Arthropoda,Insecta,Lepidoptera,Geometridae,Digrammia,Digrammia gnophosaria,473,7/27/2017,Egner,B,7/19/2017,117,Single
7272017EGB5,OTU189,GS,100,BOLD:ABV2225,Animalia,Arthropoda,Insecta,Lepidoptera,Gracillariidae,Caloptilia,NA,646,7/27/2017,Egner,B,7/19/2017,117,Single
7272017EGB5,OTU193,GS,98.9,BOLD:AAI4436,Animalia,Arthropoda,Insecta,Lepidoptera,Gelechiidae,Aristotelia,NA,1375,7/27/2017,Egner,B,7/19/2017,117,Single
7272017EGB5,OTU213,GS,100,BOLD:AAD4936,Animalia,Arthropoda,Insecta,Lepidoptera,Gracillariidae,Caloptilia,Caloptilia sassafrasella,125,7/27/2017,Egner,B,7/19/2017,117,Single
7272017EGB5,OTU231,GS,100,BOLD:AAD2590,Animalia,Arthropoda,Insecta,Lepidoptera,Gracillariidae,Caloptilia,Caloptilia packardella,17,7/27/2017,Egner,B,7/19/2017,117,Single
7272017EGB5,OTU260,US,1,None,Animalia,Arthropoda,Insecta,Diptera,NA,NA,NA,68,7/27/2017,Egner,B,7/19/2017,117,Single
7272017EGB5,OTU279,US,0.9881,BOLD:AAL9881,Animalia,Arthropoda,Arachnida,Araneae,NA,NA,NA,5,7/27/2017,Egner,B,7/19/2017,117,Single
7272017EGB5,OTU295,GS,97.8,BOLD:AAG3848,Animalia,Arthropoda,Insecta,Diptera,Culicidae,Culex,Culex erraticus,3528,7/27/2017,Egner,B,7/19/2017,117,Single
7272017EGB5,OTU365,GS,99.4,BOLD:AAU8554,Animalia,Arthropoda,Insecta,Hymenoptera,Ichneumonidae,NA,NA,87,7/27/2017,Egner,B,7/19/2017,117,Single
7272017EGB5,OTU392,US,1,None,Animalia,Arthropoda,Insecta,Diptera,NA,NA,NA,188,7/27/2017,Egner,B,7/19/2017,117,Single
7272017EGB5,OTU396,SS,0.98,BOLD:AAP2734,Animalia,Arthropoda,Insecta,Diptera,Limoniidae,Erioptera,Erioptera parva,39,7/27/2017,Egner,B,7/19/2017,117,Single
7272017EGB5,OTU506,GS,98.3,BOLD:AAC5871,Animalia,Arthropoda,Arachnida,Araneae,Salticidae,Hentzia,Hentzia palmarum,6,7/27/2017,Egner,B,7/19/2017,117,Single
7272017EGB5,OTU530,GS,100,BOLD:ABX6784,Animalia,Arthropoda,Insecta,Lepidoptera,NA,NA,NA,27,7/27/2017,Egner,B,7/19/2017,117,Single
7272017EGB5,OTU534,GS,98.3,BOLD:ACB1583,Animalia,Arthropoda,Insecta,Hymenoptera,Ichneumonidae,Trathala,NA,208,7/27/2017,Egner,B,7/19/2017,117,Single
7272017EGB5,OTU559,GS,100,BOLD:AAG5254,Animalia,Arthropoda,Insecta,Lepidoptera,Dryadaulidae,Dryadaula,NA,247,7/27/2017,Egner,B,7/19/2017,117,Single
7272017EGB5,OTU603,GS,99.4,BOLD:AAO3944,Animalia,Arthropoda,Insecta,Diptera,Limoniidae,Geranomyia,NA,21,7/27/2017,Egner,B,7/19/2017,117,Single
7272017EGB5,OTU635,GS,97.2,BOLD:AAN5882,Animalia,Arthropoda,Insecta,Diptera,Limoniidae,Erioptera,Erioptera caliptera,24,7/27/2017,Egner,B,7/19/2017,117,Single
7272017EGB5,OTU636,GS,99.4,BOLD:AAM6230,Animalia,Arthropoda,Insecta,Diptera,Chironomidae,Chironomus,NA,2,7/27/2017,Egner,B,7/19/2017,117,Single
7272017EGB5,OTU742,GS,99.4,BOLD:ABA9828,Animalia,Arthropoda,Insecta,Hemiptera,Derbidae,Otiocerus,Otiocerus wolfei,68,7/27/2017,Egner,B,7/19/2017,117,Single
7272017EGB5,OTU796,GS,100,BOLD:AAH4950,Animalia,Arthropoda,Insecta,Lepidoptera,NA,NA,NA,71,7/27/2017,Egner,B,7/19/2017,117,Single
7272017EGB5,OTU813,GS,98.9,BOLD:AAK0049,Animalia,Arthropoda,Insecta,Lepidoptera,Gelechiidae,Aroga,Aroga aristotelis,232,7/27/2017,Egner,B,7/19/2017,117,Single
7272017EGB5,OTU847,US,0,BOLD:ACL2923,Animalia,Arthropoda,Insecta,Diptera,NA,NA,NA,520,7/27/2017,Egner,B,7/19/2017,117,Single
7272017EGB5,OTU896,GS,100,BOLD:AAG1741,Animalia,Arthropoda,Insecta,Diptera,Muscidae,Coenosia,NA,147,7/27/2017,Egner,B,7/19/2017,117,Single
7272017EGB5,OTU906,US,0,BOLD:ACO4200,Animalia,Arthropoda,Insecta,Coleoptera,NA,NA,NA,101,7/27/2017,Egner,B,7/19/2017,117,Single
7272017EGB5,OTU907,SS,0.01,BOLD:AAO3940,Animalia,Arthropoda,Insecta,Diptera,Limoniidae,Rhipidia,NA,23,7/27/2017,Egner,B,7/19/2017,117,Single
7272017EGB5,OTU1058,SS,0.31,BOLD:AAB6284,Animalia,Arthropoda,Insecta,Lepidoptera,NA,NA,NA,13,7/27/2017,Egner,B,7/19/2017,117,Single
7272017EGB5,OTU1072,SS,0.54,BOLD:ABV9238,Animalia,Arthropoda,Insecta,Diptera,NA,NA,NA,20,7/27/2017,Egner,B,7/19/2017,117,Single
7272017EGB5,OTU1081,GS,99.4,BOLD:AAA9982,Animalia,Arthropoda,Insecta,Lepidoptera,Gracillariidae,Caloptilia,Caloptilia stigmatella,8,7/27/2017,Egner,B,7/19/2017,117,Single
7272017EGB5,OTU1097,GS,97.2,BOLD:AAN5451,Animalia,Arthropoda,Arachnida,Araneae,Araneidae,Eustala,NA,21,7/27/2017,Egner,B,7/19/2017,117,Single
7272017EGB5,OTU1122,US,1,None,Animalia,Arthropoda,Arachnida,Mesostigmata,NA,NA,NA,17,7/27/2017,Egner,B,7/19/2017,117,Single
7272017EGB5,OTU1176,US,0.9249,BOLD:AAF4632,Animalia,Arthropoda,Insecta,Diptera,NA,NA,NA,3,7/27/2017,Egner,B,7/19/2017,117,Single
7272017EGB5,OTU1210,GS,97.2,BOLD:AAF4632,Animalia,Arthropoda,Insecta,Diptera,Limoniidae,Epiphragma,Epiphragma solatrix,178,7/27/2017,Egner,B,7/19/2017,117,Single
7272017EGB5,OTU1223,GS,97.8,BOLD:ABV9238,Animalia,Arthropoda,Insecta,Diptera,Limoniidae,Gonomyia,NA,4,7/27/2017,Egner,B,7/19/2017,117,Single
7272017EGB5,OTU1236,GS,99.4,BOLD:AAN5354,Animalia,Arthropoda,Insecta,Diptera,Chironomidae,NA,NA,15,7/27/2017,Egner,B,7/19/2017,117,Single
7272017EGB5,OTU1265,SS,0.83,BOLD:AAF4632,Animalia,Arthropoda,Insecta,Diptera,Limoniidae,Epiphragma,Epiphragma solatrix,31,7/27/2017,Egner,B,7/19/2017,117,Single
7272017EGB5,OTU1292,GS,97.8,BOLD:AAN5882,Animalia,Arthropoda,Insecta,Diptera,Limoniidae,Erioptera,Erioptera caliptera,8,7/27/2017,Egner,B,7/19/2017,117,Single
7272017EGB5,OTU1293,GS,100,BOLD:AAG8605,Animalia,Arthropoda,Insecta,Lepidoptera,Gelechiidae,Monochroa,NA,1,7/27/2017,Egner,B,7/19/2017,117,Single
7272017EGB5,OTU1302,GS,100,BOLD:AAI3871,Animalia,Arthropoda,Insecta,Lepidoptera,Gracillariidae,Cameraria,Cameraria ulmella,35,7/27/2017,Egner,B,7/19/2017,117,Single
7272017EGB5,OTU1317,SS,0.01,BOLD:AAN5451,Animalia,Arthropoda,Arachnida,Araneae,Araneidae,Eustala,NA,7,7/27/2017,Egner,B,7/19/2017,117,Single
7272017EGB5,OTU1325,GS,97.2,BOLD:AAD6784,Animalia,Arthropoda,Insecta,Lepidoptera,Gelechiidae,Metzneria,Metzneria metzneriella,16,7/27/2017,Egner,B,7/19/2017,117,Single
7272017EGB5,OTU1351,SS,0.94,BOLD:AAB7030,Animalia,Arthropoda,Insecta,Diptera,Chironomidae,Chironomus,Chironomus decorus,15,7/27/2017,Egner,B,7/19/2017,117,Single
7272017EGB5,OTU1366,GS,97.8,BOLD:AAG1128,Animalia,Arthropoda,Insecta,Lepidoptera,Gracillariidae,Phyllonorycter,Phyllonorycter trinotella,7,7/27/2017,Egner,B,7/19/2017,117,Single
7272017EGB5,OTU1401,SS,0.78,BOLD:AAF9008,Animalia,Arthropoda,Insecta,Diptera,NA,NA,NA,1,7/27/2017,Egner,B,7/19/2017,117,Single
7272017EGB5,OTU1403,SS,0.36,BOLD:ACV0130,Animalia,Arthropoda,Insecta,Diptera,NA,NA,NA,18,7/27/2017,Egner,B,7/19/2017,117,Single
7272017EGB5,OTU1454,GS,100,BOLD:AAB5726,Animalia,Arthropoda,Arachnida,Araneae,Agelenidae,Agelenopsis,Agelenopsis potteri,49,7/27/2017,Egner,B,7/19/2017,117,Single
7272017EGB5,OTU1482,SS,0.87,BOLD:AAF9008,Animalia,Arthropoda,Insecta,Diptera,Limoniidae,Helius,Helius flavipes,10,7/27/2017,Egner,B,7/19/2017,117,Single
7272017EGB5,OTU1494,US,0.8732,BOLD:AAF4632,Animalia,Arthropoda,Insecta,Diptera,NA,NA,NA,2,7/27/2017,Egner,B,7/19/2017,117,Single
7272017EGB5,OTU1522,SS,0.57,BOLD:AAF9008,Animalia,Arthropoda,Insecta,Diptera,NA,NA,NA,8,7/27/2017,Egner,B,7/19/2017,117,Single
7272017EGB5,OTU1539,US,0,None,Animalia,Arthropoda,Insecta,Diptera,NA,NA,NA,26,7/27/2017,Egner,B,7/19/2017,117,Single
7272017EGB5,OTU1554,SS,0.92,BOLD:AAP2734,Animalia,Arthropoda,Insecta,Diptera,Limoniidae,Erioptera,Erioptera parva,57,7/27/2017,Egner,B,7/19/2017,117,Single
7272017EGB5,OTU1636,SS,0.74,BOLD:AAF4632,Animalia,Arthropoda,Insecta,NA,NA,NA,NA,2,7/27/2017,Egner,B,7/19/2017,117,Single
7272017EGB5,OTU1664,SS,0.26,BOLD:AAF9008,Animalia,Arthropoda,Insecta,Diptera,NA,NA,NA,5,7/27/2017,Egner,B,7/19/2017,117,Single
7272017EGB5,OTU1683,SS,0.84,BOLD:AAF4632,Animalia,Arthropoda,Insecta,Diptera,Limoniidae,Epiphragma,Epiphragma solatrix,29,7/27/2017,Egner,B,7/19/2017,117,Single
7272017EGB5,OTU1740,SS,0.75,BOLD:ABV1771,Animalia,Arthropoda,Insecta,Diptera,NA,NA,NA,1,7/27/2017,Egner,B,7/19/2017,117,Single
7272017EGB5,OTU1748,SS,0.6,BOLD:ACF8409,Animalia,Arthropoda,Insecta,Diptera,NA,NA,NA,4,7/27/2017,Egner,B,7/19/2017,117,Single
7272017EGB5,OTU1814,GS,99.4,BOLD:AAA2247,Animalia,Arthropoda,Insecta,Lepidoptera,Notodontidae,Gluphisia,Gluphisia septentrionis,35,7/27/2017,Egner,B,7/19/2017,117,Single
7272017EGB5,OTU1833,US,0.9859,BOLD:ACG8047,Animalia,Arthropoda,Insecta,Diptera,NA,NA,NA,28,7/27/2017,Egner,B,7/19/2017,117,Single
7272017EGB5,OTU1834,SS,0.74,BOLD:AAF4632,Animalia,Arthropoda,Insecta,Diptera,NA,NA,NA,6,7/27/2017,Egner,B,7/19/2017,117,Single
7272017EGB5,OTU1871,SS,0.85,BOLD:AAG3848,Animalia,Arthropoda,Insecta,Diptera,Culicidae,Culex,Culex erraticus,26,7/27/2017,Egner,B,7/19/2017,117,Single
7272017EGB5,OTU1921,US,0,BOLD:ACL2923,Animalia,Arthropoda,Insecta,Diptera,NA,NA,NA,39,7/27/2017,Egner,B,7/19/2017,117,Single
7272017EGB6,OTU4,GS,100,BOLD:AAN5882,Animalia,Arthropoda,Insecta,Diptera,Limoniidae,Erioptera,Erioptera caliptera,5535,7/27/2017,Egner,B,7/19/2017,117,Single
7272017EGB6,OTU5,GS,99.4,BOLD:AAN5451,Animalia,Arthropoda,Arachnida,Araneae,Araneidae,Eustala,NA,5025,7/27/2017,Egner,B,7/19/2017,117,Single
7272017EGB6,OTU11,GS,99.4,BOLD:AAG3848,Animalia,Arthropoda,Insecta,Diptera,Culicidae,Culex,Culex erraticus,4586,7/27/2017,Egner,B,7/19/2017,117,Single
7272017EGB6,OTU13,GS,100,BOLD:ABV1771,Animalia,Arthropoda,Insecta,Diptera,Limoniidae,NA,NA,246,7/27/2017,Egner,B,7/19/2017,117,Single
7272017EGB6,OTU14,GS,99.4,BOLD:AAO3940,Animalia,Arthropoda,Insecta,Diptera,Limoniidae,Rhipidia,NA,480,7/27/2017,Egner,B,7/19/2017,117,Single
7272017EGB6,OTU21,GS,100,BOLD:ACR3763,Animalia,Arthropoda,Insecta,Coleoptera,Ptilodactylidae,Ptilodactyla,Ptilodactyla serricollis,178,7/27/2017,Egner,B,7/19/2017,117,Single
7272017EGB6,OTU23,GS,100,BOLD:AAF9008,Animalia,Arthropoda,Insecta,Diptera,Limoniidae,Helius,Helius flavipes,952,7/27/2017,Egner,B,7/19/2017,117,Single
7272017EGB6,OTU59,SS,0.76,BOLD:ACY4680,Animalia,Arthropoda,Arachnida,Trombidiformes,NA,NA,NA,169,7/27/2017,Egner,B,7/19/2017,117,Single
7272017EGB6,OTU69,GS,98.3,BOLD:ACH3633,Animalia,Arthropoda,Arachnida,Trombidiformes,Pionidae,NA,NA,135,7/27/2017,Egner,B,7/19/2017,117,Single
7272017EGB6,OTU76,US,1,BOLD:ACY1454,Animalia,Arthropoda,Insecta,Hemiptera,NA,NA,NA,312,7/27/2017,Egner,B,7/19/2017,117,Single
7272017EGB6,OTU77,SS,0.4,BOLD:ABU7092,Animalia,Arthropoda,Insecta,Hymenoptera,NA,NA,NA,20913,7/27/2017,Egner,B,7/19/2017,117,Single
7272017EGB6,OTU87,US,0,BOLD:ABY2339,Animalia,Arthropoda,Insecta,Diptera,NA,NA,NA,415,7/27/2017,Egner,B,7/19/2017,117,Single
7272017EGB6,OTU99,US,1,BOLD:ACF7919,Animalia,Arthropoda,Collembola,Poduromorpha,NA,NA,NA,543,7/27/2017,Egner,B,7/19/2017,117,Single
7272017EGB6,OTU105,GS,100,BOLD:AAB7936,Animalia,Arthropoda,Insecta,Lepidoptera,Oecophoridae,Inga,Inga sparsiciliella,39,7/27/2017,Egner,B,7/19/2017,117,Single
7272017EGB6,OTU106,US,1,None,Animalia,Arthropoda,Insecta,Coleoptera,NA,NA,NA,453,7/27/2017,Egner,B,7/19/2017,117,Single
7272017EGB6,OTU108,GS,99.4,BOLD:AAC4525,Animalia,Arthropoda,Insecta,Diptera,Chironomidae,Tanytarsus,Tanytarsus guerlus,70,7/27/2017,Egner,B,7/19/2017,117,Single
7272017EGB6,OTU118,US,1,None,Animalia,Arthropoda,Arachnida,Mesostigmata,NA,NA,NA,259,7/27/2017,Egner,B,7/19/2017,117,Single
7272017EGB6,OTU120,GS,100,BOLD:AAV3042,Animalia,Arthropoda,Arachnida,Araneae,Theridiidae,Theridion,Theridion albidum,90,7/27/2017,Egner,B,7/19/2017,117,Single
7272017EGB6,OTU132,US,1,None,Animalia,Arthropoda,Hexanauplia,Harpacticoida,NA,NA,NA,48,7/27/2017,Egner,B,7/19/2017,117,Single
7272017EGB6,OTU155,US,0.3081,BOLD:ACI7789,Animalia,Arthropoda,Insecta,Coleoptera,NA,NA,NA,231,7/27/2017,Egner,B,7/19/2017,117,Single
7272017EGB6,OTU159,US,1,BOLD:ACG2017,Animalia,Arthropoda,Insecta,Coleoptera,NA,NA,NA,2647,7/27/2017,Egner,B,7/19/2017,117,Single
7272017EGB6,OTU168,GS,100,BOLD:AAC3609,Animalia,Arthropoda,Insecta,Lepidoptera,Euteliidae,Paectes,Paectes abrostoloides,53,7/27/2017,Egner,B,7/19/2017,117,Single
7272017EGB6,OTU189,GS,100,BOLD:ABV2225,Animalia,Arthropoda,Insecta,Lepidoptera,Gracillariidae,Caloptilia,NA,50,7/27/2017,Egner,B,7/19/2017,117,Single
7272017EGB6,OTU205,GS,99.4,BOLD:ACX9537,Animalia,Arthropoda,Arachnida,Araneae,Araneidae,Araneus,Araneus pegnia,36,7/27/2017,Egner,B,7/19/2017,117,Single
7272017EGB6,OTU212,US,1,BOLD:ACE7661,Animalia,Arthropoda,Arachnida,Araneae,NA,NA,NA,139,7/27/2017,Egner,B,7/19/2017,117,Single
7272017EGB6,OTU227,GS,99.4,BOLD:AAO3939,Animalia,Arthropoda,Insecta,Diptera,Limoniidae,Dicranomyia,NA,21,7/27/2017,Egner,B,7/19/2017,117,Single
7272017EGB6,OTU279,US,0.9881,BOLD:AAL9881,Animalia,Arthropoda,Arachnida,Araneae,NA,NA,NA,80,7/27/2017,Egner,B,7/19/2017,117,Single
7272017EGB6,OTU287,GS,98.9,BOLD:AAG5457,Animalia,Arthropoda,Insecta,Diptera,Chironomidae,NA,NA,46,7/27/2017,Egner,B,7/19/2017,117,Single
7272017EGB6,OTU295,GS,97.8,BOLD:AAG3848,Animalia,Arthropoda,Insecta,Diptera,Culicidae,Culex,Culex erraticus,64,7/27/2017,Egner,B,7/19/2017,117,Single
7272017EGB6,OTU317,GS,99.4,BOLD:ACA8818,Animalia,Arthropoda,Insecta,Hemiptera,Derbidae,Patara,Patara vanduzeei,20,7/27/2017,Egner,B,7/19/2017,117,Single
7272017EGB6,OTU341,GS,98.3,BOLD:AAB4915,Animalia,Arthropoda,Insecta,Lepidoptera,Tortricidae,Episimus,Episimus argutana,19575,7/27/2017,Egner,B,7/19/2017,117,Single
7272017EGB6,OTU361,US,1,None,Animalia,Arthropoda,Arachnida,Araneae,NA,NA,NA,1025,7/27/2017,Egner,B,7/19/2017,117,Single
7272017EGB6,OTU527,GS,100,BOLD:ABX0334,Animalia,Arthropoda,Insecta,Hemiptera,Miridae,Tropidosteptes,Tropidosteptes amoenus,37,7/27/2017,Egner,B,7/19/2017,117,Single
7272017EGB6,OTU617,GS,100,BOLD:AAB4916,Animalia,Arthropoda,Insecta,Lepidoptera,Tortricidae,Episimus,Episimus argutana,459,7/27/2017,Egner,B,7/19/2017,117,Single
7272017EGB6,OTU628,US,0.2061,BOLD:AAZ4432,Animalia,Arthropoda,Collembola,Entomobryomorpha,NA,NA,NA,15,7/27/2017,Egner,B,7/19/2017,117,Single
7272017EGB6,OTU635,GS,97.2,BOLD:AAN5882,Animalia,Arthropoda,Insecta,Diptera,Limoniidae,Erioptera,Erioptera caliptera,108,7/27/2017,Egner,B,7/19/2017,117,Single
7272017EGB6,OTU686,US,0.9919,BOLD:ACT2785,Animalia,Arthropoda,Insecta,Hymenoptera,NA,NA,NA,27,7/27/2017,Egner,B,7/19/2017,117,Single
7272017EGB6,OTU811,US,1,BOLD:ACZ0840,Animalia,Arthropoda,Insecta,Lepidoptera,NA,NA,NA,159,7/27/2017,Egner,B,7/19/2017,117,Single
7272017EGB6,OTU900,GS,100,BOLD:AAN6333,Animalia,Arthropoda,Arachnida,Araneae,Theridiidae,Theridion,Theridion albidum,1,7/27/2017,Egner,B,7/19/2017,117,Single
7272017EGB6,OTU930,US,0.2887,BOLD:ACQ4419,Animalia,Arthropoda,Malacostraca,Stomatopoda,NA,NA,NA,33,7/27/2017,Egner,B,7/19/2017,117,Single
7272017EGB6,OTU947,US,0.9546,BOLD:AAG0758,Animalia,Arthropoda,Insecta,Lepidoptera,NA,NA,NA,57,7/27/2017,Egner,B,7/19/2017,117,Single
7272017EGB6,OTU1033,GS,100,BOLD:AAD7682,Animalia,Arthropoda,Insecta,Lepidoptera,Coleophoridae,Coleophora,NA,34,7/27/2017,Egner,B,7/19/2017,117,Single
7272017EGB6,OTU1078,SS,0.86,BOLD:AAG0758,Animalia,Arthropoda,Insecta,Coleoptera,Pyrochroidae,Dendroides,Dendroides canadensis,45,7/27/2017,Egner,B,7/19/2017,117,Single
7272017EGB6,OTU1085,GS,98.9,BOLD:ACZ3313,Animalia,Arthropoda,Insecta,Coleoptera,Ptilodactylidae,Ptilodactyla,Ptilodactyla carinata,1,7/27/2017,Egner,B,7/19/2017,117,Single
7272017EGB6,OTU1097,GS,97.2,BOLD:AAN5451,Animalia,Arthropoda,Arachnida,Araneae,Araneidae,Eustala,NA,248,7/27/2017,Egner,B,7/19/2017,117,Single
7272017EGB6,OTU1112,US,1,BOLD:ACA1403,Animalia,Arthropoda,Collembola,Entomobryomorpha,NA,NA,NA,11,7/27/2017,Egner,B,7/19/2017,117,Single
7272017EGB6,OTU1134,GS,99.4,BOLD:AAB3667,Animalia,Arthropoda,Insecta,Lepidoptera,Crambidae,Conchylodes,Conchylodes ovulalis,7,7/27/2017,Egner,B,7/19/2017,117,Single
7272017EGB6,OTU1169,US,0.1136,BOLD:AAA3997,Animalia,Arthropoda,Arachnida,Araneae,NA,NA,NA,61,7/27/2017,Egner,B,7/19/2017,117,Single
7272017EGB6,OTU1170,US,0,BOLD:ACT8457,Animalia,Arthropoda,Insecta,Hymenoptera,NA,NA,NA,28,7/27/2017,Egner,B,7/19/2017,117,Single
7272017EGB6,OTU1188,US,1,None,Animalia,Arthropoda,Insecta,Diptera,NA,NA,NA,4,7/27/2017,Egner,B,7/19/2017,117,Single
7272017EGB6,OTU1244,SS,0.81,BOLD:AAN5882,Animalia,Arthropoda,Insecta,Diptera,Limoniidae,Erioptera,Erioptera caliptera,123,7/27/2017,Egner,B,7/19/2017,117,Single
7272017EGB6,OTU1292,GS,97.8,BOLD:AAN5882,Animalia,Arthropoda,Insecta,Diptera,Limoniidae,Erioptera,Erioptera caliptera,5,7/27/2017,Egner,B,7/19/2017,117,Single
7272017EGB6,OTU1302,GS,100,BOLD:AAI3871,Animalia,Arthropoda,Insecta,Lepidoptera,Gracillariidae,Cameraria,Cameraria ulmella,13,7/27/2017,Egner,B,7/19/2017,117,Single
7272017EGB6,OTU1317,SS,0.01,BOLD:AAN5451,Animalia,Arthropoda,Arachnida,Araneae,Araneidae,Eustala,NA,25,7/27/2017,Egner,B,7/19/2017,117,Single
7272017EGB6,OTU1351,SS,0.94,BOLD:AAB7030,Animalia,Arthropoda,Insecta,Diptera,Chironomidae,Chironomus,Chironomus decorus,7,7/27/2017,Egner,B,7/19/2017,117,Single
7272017EGB6,OTU1442,US,0.9919,BOLD:ACG5690,Animalia,Arthropoda,Insecta,Diptera,NA,NA,NA,12,7/27/2017,Egner,B,7/19/2017,117,Single
7272017EGB6,OTU1465,US,0.3081,None,Animalia,Arthropoda,Arachnida,Araneae,NA,NA,NA,7,7/27/2017,Egner,B,7/19/2017,117,Single
7272017EGB6,OTU1499,US,1,None,Animalia,Arthropoda,Collembola,Entomobryomorpha,NA,NA,NA,41,7/27/2017,Egner,B,7/19/2017,117,Single
7272017EGB6,OTU1664,SS,0.26,BOLD:AAF9008,Animalia,Arthropoda,Insecta,Diptera,NA,NA,NA,5,7/27/2017,Egner,B,7/19/2017,117,Single
7272017EGB6,OTU1748,SS,0.6,BOLD:ACF8409,Animalia,Arthropoda,Insecta,Diptera,NA,NA,NA,1,7/27/2017,Egner,B,7/19/2017,117,Single
7272017EGB6,OTU1756,SS,0.97,BOLD:AAG3848,Animalia,Arthropoda,Insecta,Diptera,Culicidae,Culex,Culex erraticus,2,7/27/2017,Egner,B,7/19/2017,117,Single
7272017EGB6,OTU1796,GS,97.2,BOLD:AAB4915,Animalia,Arthropoda,Insecta,Lepidoptera,Tortricidae,Episimus,Episimus argutana,96,7/27/2017,Egner,B,7/19/2017,117,Single
7272017EGB6,OTU1800,US,0.3913,None,Animalia,Arthropoda,Insecta,Diptera,NA,NA,NA,16,7/27/2017,Egner,B,7/19/2017,117,Single
7272017EGB6,OTU1871,SS,0.85,BOLD:AAG3848,Animalia,Arthropoda,Insecta,Diptera,Culicidae,Culex,Culex erraticus,1,7/27/2017,Egner,B,7/19/2017,117,Single
7272017EGB7,OTU3,GS,100,BOLD:AAP2734,Animalia,Arthropoda,Insecta,Diptera,Limoniidae,Erioptera,Erioptera parva,431,7/27/2017,Egner,B,7/19/2017,117,Single
7272017EGB7,OTU4,GS,100,BOLD:AAN5882,Animalia,Arthropoda,Insecta,Diptera,Limoniidae,Erioptera,Erioptera caliptera,949,7/27/2017,Egner,B,7/19/2017,117,Single
7272017EGB7,OTU5,GS,99.4,BOLD:AAN5451,Animalia,Arthropoda,Arachnida,Araneae,Araneidae,Eustala,NA,1730,7/27/2017,Egner,B,7/19/2017,117,Single
7272017EGB7,OTU11,GS,99.4,BOLD:AAG3848,Animalia,Arthropoda,Insecta,Diptera,Culicidae,Culex,Culex erraticus,9007,7/27/2017,Egner,B,7/19/2017,117,Single
7272017EGB7,OTU28,GS,100,BOLD:AAM6784,Animalia,Arthropoda,Insecta,Diptera,Dolichopodidae,NA,NA,380,7/27/2017,Egner,B,7/19/2017,117,Single
7272017EGB7,OTU34,GS,100,BOLD:AAM6211,Animalia,Arthropoda,Insecta,Diptera,Chironomidae,Glyptotendipes,NA,643,7/27/2017,Egner,B,7/19/2017,117,Single
7272017EGB7,OTU68,GS,100,BOLD:AAB7030,Animalia,Arthropoda,Insecta,Diptera,Chironomidae,Chironomus,Chironomus decorus,224,7/27/2017,Egner,B,7/19/2017,117,Single
7272017EGB7,OTU78,US,1,BOLD:AAY8864,Animalia,Arthropoda,Insecta,Diptera,NA,NA,NA,241,7/27/2017,Egner,B,7/19/2017,117,Single
7272017EGB7,OTU88,GS,100,BOLD:AAE0434,Animalia,Arthropoda,Insecta,Diptera,Culicidae,Uranotaenia,Uranotaenia sapphirina,208,7/27/2017,Egner,B,7/19/2017,117,Single
7272017EGB7,OTU97,GS,100,BOLD:AAB7935,Animalia,Arthropoda,Arachnida,Araneae,Araneidae,Eustala,Eustala cepina,40,7/27/2017,Egner,B,7/19/2017,117,Single
7272017EGB7,OTU116,GS,100,BOLD:AAG0758,Animalia,Arthropoda,Insecta,Coleoptera,Pyrochroidae,Dendroides,Dendroides canadensis,763,7/27/2017,Egner,B,7/19/2017,117,Single
7272017EGB7,OTU144,GS,100,BOLD:AAN6304,Animalia,Arthropoda,Arachnida,Araneae,Araneidae,Araneus,Araneus guttulatus,168,7/27/2017,Egner,B,7/19/2017,117,Single
7272017EGB7,OTU146,GS,99.4,BOLD:ABV9238,Animalia,Arthropoda,Insecta,Diptera,Limoniidae,Gonomyia,NA,45,7/27/2017,Egner,B,7/19/2017,117,Single
7272017EGB7,OTU149,GS,99.4,BOLD:AAH4942,Animalia,Arthropoda,Insecta,Lepidoptera,Gelechiidae,Dichomeris,NA,61,7/27/2017,Egner,B,7/19/2017,117,Single
7272017EGB7,OTU155,US,0.3081,BOLD:ACI7789,Animalia,Arthropoda,Insecta,Coleoptera,NA,NA,NA,3819,7/27/2017,Egner,B,7/19/2017,117,Single
7272017EGB7,OTU165,US,0.9936,BOLD:ACF8271,Animalia,Arthropoda,Insecta,Diptera,NA,NA,NA,623,7/27/2017,Egner,B,7/19/2017,117,Single
7272017EGB7,OTU175,GS,99.4,BOLD:AAC7367,Animalia,Arthropoda,Insecta,Lepidoptera,Tineidae,Isocorypha,Isocorypha mediostriatella,18,7/27/2017,Egner,B,7/19/2017,117,Single
7272017EGB7,OTU190,GS,100,BOLD:ABY7666,Animalia,Arthropoda,Insecta,Diptera,Culicidae,Culex,Culex territans,124,7/27/2017,Egner,B,7/19/2017,117,Single
7272017EGB7,OTU196,GS,99.4,BOLD:ACE4102,Animalia,Arthropoda,Arachnida,Araneae,Araneidae,Mangora,Mangora placida,450,7/27/2017,Egner,B,7/19/2017,117,Single
7272017EGB7,OTU198,GS,99.4,BOLD:ABZ1242,Animalia,Arthropoda,Insecta,Diptera,Chironomidae,NA,NA,45,7/27/2017,Egner,B,7/19/2017,117,Single
7272017EGB7,OTU205,GS,99.4,BOLD:ACX9537,Animalia,Arthropoda,Arachnida,Araneae,Araneidae,Araneus,Araneus pegnia,936,7/27/2017,Egner,B,7/19/2017,117,Single
7272017EGB7,OTU211,GS,99.4,BOLD:ACA5630,Animalia,Arthropoda,Insecta,Coleoptera,Ptinidae,NA,NA,25,7/27/2017,Egner,B,7/19/2017,117,Single
7272017EGB7,OTU214,GS,99.4,BOLD:AAW6795,Animalia,Arthropoda,Insecta,Diptera,NA,NA,NA,18,7/27/2017,Egner,B,7/19/2017,117,Single
7272017EGB7,OTU257,GS,100,BOLD:AAA5803,Animalia,Arthropoda,Insecta,Hemiptera,Miridae,Lygus,Lygus lineolaris,27,7/27/2017,Egner,B,7/19/2017,117,Single
7272017EGB7,OTU258,GS,100,BOLD:ACA7555,Animalia,Arthropoda,Insecta,Diptera,Chironomidae,NA,NA,74,7/27/2017,Egner,B,7/19/2017,117,Single
7272017EGB7,OTU269,GS,97.2,BOLD:AAP9050,Animalia,Arthropoda,Insecta,Diptera,Ceratopogonidae,NA,NA,27,7/27/2017,Egner,B,7/19/2017,117,Single
7272017EGB7,OTU279,US,0.9881,BOLD:AAL9881,Animalia,Arthropoda,Arachnida,Araneae,NA,NA,NA,11,7/27/2017,Egner,B,7/19/2017,117,Single
7272017EGB7,OTU287,GS,98.9,BOLD:AAG5457,Animalia,Arthropoda,Insecta,Diptera,Chironomidae,NA,NA,23,7/27/2017,Egner,B,7/19/2017,117,Single
7272017EGB7,OTU314,GS,98.9,BOLD:AAB0603,Animalia,Arthropoda,Insecta,Lepidoptera,Gelechiidae,Pseudotelphusa,Pseudotelphusa quercinigracella,22,7/27/2017,Egner,B,7/19/2017,117,Single
7272017EGB7,OTU317,GS,99.4,BOLD:ACA8818,Animalia,Arthropoda,Insecta,Hemiptera,Derbidae,Patara,Patara vanduzeei,19,7/27/2017,Egner,B,7/19/2017,117,Single
7272017EGB7,OTU323,GS,98.9,BOLD:AAA5103,Animalia,Arthropoda,Insecta,Diptera,Culicidae,Anopheles,Anopheles crucians,12,7/27/2017,Egner,B,7/19/2017,117,Single
7272017EGB7,OTU355,GS,99.4,BOLD:AAB3917,Animalia,Arthropoda,Insecta,Lepidoptera,Depressariidae,Psilocorsis,Psilocorsis quercicella,73,7/27/2017,Egner,B,7/19/2017,117,Single
7272017EGB7,OTU371,GS,100,BOLD:ABX9756,Animalia,Arthropoda,Insecta,Diptera,NA,NA,NA,51,7/27/2017,Egner,B,7/19/2017,117,Single
7272017EGB7,OTU378,GS,100,BOLD:AAG8597,Animalia,Arthropoda,Insecta,Lepidoptera,NA,NA,NA,14,7/27/2017,Egner,B,7/19/2017,117,Single
7272017EGB7,OTU396,SS,0.98,BOLD:AAP2734,Animalia,Arthropoda,Insecta,Diptera,Limoniidae,Erioptera,Erioptera parva,37,7/27/2017,Egner,B,7/19/2017,117,Single
7272017EGB7,OTU409,US,0.9916,BOLD:ACS0084,Animalia,Arthropoda,Insecta,Hemiptera,NA,NA,NA,162,7/27/2017,Egner,B,7/19/2017,117,Single
7272017EGB7,OTU424,GS,100,BOLD:ABZ3656,Animalia,Arthropoda,Insecta,Lepidoptera,Depressariidae,Psilocorsis,Psilocorsis reflexella,232,7/27/2017,Egner,B,7/19/2017,117,Single
7272017EGB7,OTU444,GS,100,BOLD:AAC3075,Animalia,Arthropoda,Insecta,Lepidoptera,Gelechiidae,Theisoa,Theisoa constrictella,86,7/27/2017,Egner,B,7/19/2017,117,Single
7272017EGB7,OTU459,SS,0.93,BOLD:AAG0758,Animalia,Arthropoda,Insecta,Coleoptera,Pyrochroidae,Dendroides,Dendroides canadensis,32,7/27/2017,Egner,B,7/19/2017,117,Single
7272017EGB7,OTU465,SS,0.66,BOLD:AAG0758,Animalia,Arthropoda,Insecta,Coleoptera,NA,NA,NA,462,7/27/2017,Egner,B,7/19/2017,117,Single
7272017EGB7,OTU470,SS,0.8,BOLD:AAG0758,Animalia,Arthropoda,Insecta,Coleoptera,Pyrochroidae,Dendroides,Dendroides canadensis,65,7/27/2017,Egner,B,7/19/2017,117,Single
7272017EGB7,OTU471,SS,0.77,BOLD:AAG0758,Animalia,Arthropoda,Insecta,Coleoptera,NA,NA,NA,61,7/27/2017,Egner,B,7/19/2017,117,Single
7272017EGB7,OTU486,GS,100,BOLD:ACL3824,Animalia,Arthropoda,Insecta,Diptera,Chironomidae,NA,NA,44,7/27/2017,Egner,B,7/19/2017,117,Single
7272017EGB7,OTU495,SS,0.83,BOLD:AAG0758,Animalia,Arthropoda,Insecta,Coleoptera,Pyrochroidae,Dendroides,Dendroides canadensis,32,7/27/2017,Egner,B,7/19/2017,117,Single
7272017EGB7,OTU502,SS,0.79,BOLD:AAG0758,Animalia,Arthropoda,Insecta,Coleoptera,NA,NA,NA,106,7/27/2017,Egner,B,7/19/2017,117,Single
7272017EGB7,OTU504,SS,0.79,BOLD:AAG0758,Animalia,Arthropoda,Insecta,Coleoptera,Pyrochroidae,Dendroides,NA,7,7/27/2017,Egner,B,7/19/2017,117,Single
7272017EGB7,OTU514,US,0,BOLD:AAG0758,Animalia,Arthropoda,Insecta,Lepidoptera,NA,NA,NA,87,7/27/2017,Egner,B,7/19/2017,117,Single
7272017EGB7,OTU515,US,0.0093,BOLD:AAA3447,Animalia,Arthropoda,Insecta,Lepidoptera,NA,NA,NA,88,7/27/2017,Egner,B,7/19/2017,117,Single
7272017EGB7,OTU520,US,0.3081,BOLD:ACA6588,Animalia,Arthropoda,Arachnida,Araneae,NA,NA,NA,44,7/27/2017,Egner,B,7/19/2017,117,Single
7272017EGB7,OTU525,US,0.9803,BOLD:AAG0758,Animalia,Arthropoda,Insecta,Lepidoptera,NA,NA,NA,10,7/27/2017,Egner,B,7/19/2017,117,Single
7272017EGB7,OTU526,SS,0.7,BOLD:ACI6375,Animalia,Arthropoda,Insecta,Coleoptera,NA,NA,NA,12,7/27/2017,Egner,B,7/19/2017,117,Single
7272017EGB7,OTU536,GS,99.4,BOLD:AAG0118,Animalia,Arthropoda,Insecta,Lepidoptera,Lyonetiidae,NA,NA,110,7/27/2017,Egner,B,7/19/2017,117,Single
7272017EGB7,OTU543,GS,100,BOLD:AAA7928,Animalia,Arthropoda,Insecta,Lepidoptera,Blastobasidae,Blastobasis,Blastobasis taurusella,59,7/27/2017,Egner,B,7/19/2017,117,Single
7272017EGB7,OTU576,GS,100,BOLD:AAA5192,Animalia,Arthropoda,Insecta,Lepidoptera,Tortricidae,Platynota,Platynota idaeusalis,8,7/27/2017,Egner,B,7/19/2017,117,Single
7272017EGB7,OTU585,US,0.7924,BOLD:AAG0758,Animalia,Arthropoda,Insecta,NA,NA,NA,NA,68,7/27/2017,Egner,B,7/19/2017,117,Single
7272017EGB7,OTU635,GS,97.2,BOLD:AAN5882,Animalia,Arthropoda,Insecta,Diptera,Limoniidae,Erioptera,Erioptera caliptera,27,7/27/2017,Egner,B,7/19/2017,117,Single
7272017EGB7,OTU636,GS,99.4,BOLD:AAM6230,Animalia,Arthropoda,Insecta,Diptera,Chironomidae,Chironomus,NA,2,7/27/2017,Egner,B,7/19/2017,117,Single
7272017EGB7,OTU640,SS,0.26,BOLD:ABX3122,Animalia,Arthropoda,Insecta,Hemiptera,NA,NA,NA,66,7/27/2017,Egner,B,7/19/2017,117,Single
7272017EGB7,OTU656,GS,99.4,BOLD:AAZ0144,Animalia,Arthropoda,Insecta,Diptera,Chironomidae,Chironomus,NA,5,7/27/2017,Egner,B,7/19/2017,117,Single
7272017EGB7,OTU670,US,0.9546,BOLD:AAG0758,Animalia,Arthropoda,Insecta,Diptera,NA,NA,NA,415,7/27/2017,Egner,B,7/19/2017,117,Single
7272017EGB7,OTU674,US,0,BOLD:AAG4815,Animalia,Arthropoda,Arachnida,Mesostigmata,NA,NA,NA,8,7/27/2017,Egner,B,7/19/2017,117,Single
7272017EGB7,OTU678,GS,98.6,BOLD:AAB0602,Animalia,Arthropoda,Insecta,Lepidoptera,Gelechiidae,Pseudotelphusa,Pseudotelphusa quercinigracella,12,7/27/2017,Egner,B,7/19/2017,117,Single
7272017EGB7,OTU700,GS,100,BOLD:AAN5337,Animalia,Arthropoda,Insecta,Diptera,Chironomidae,NA,NA,51,7/27/2017,Egner,B,7/19/2017,117,Single
7272017EGB7,OTU718,US,0.7924,BOLD:AAG0758,Animalia,Arthropoda,Insecta,NA,NA,NA,NA,379,7/27/2017,Egner,B,7/19/2017,117,Single
7272017EGB7,OTU865,US,7e-04,BOLD:AAG0758,Animalia,Arthropoda,Insecta,Lepidoptera,NA,NA,NA,194,7/27/2017,Egner,B,7/19/2017,117,Single
7272017EGB7,OTU870,US,9e-04,BOLD:AAG0758,Animalia,Arthropoda,Insecta,Lepidoptera,NA,NA,NA,75,7/27/2017,Egner,B,7/19/2017,117,Single
7272017EGB7,OTU934,GS,100,BOLD:AAK0004,Animalia,Arthropoda,Arachnida,Araneae,Araneidae,Verrucosa,Verrucosa arenata,1,7/27/2017,Egner,B,7/19/2017,117,Single
7272017EGB7,OTU947,US,0.9546,BOLD:AAG0758,Animalia,Arthropoda,Insecta,Lepidoptera,NA,NA,NA,181,7/27/2017,Egner,B,7/19/2017,117,Single
7272017EGB7,OTU959,US,9e-04,BOLD:AAG0758,Animalia,Arthropoda,Insecta,Lepidoptera,NA,NA,NA,175,7/27/2017,Egner,B,7/19/2017,117,Single
7272017EGB7,OTU995,GS,100,BOLD:AAN6208,Animalia,Arthropoda,Insecta,Coleoptera,Aderidae,NA,NA,3,7/27/2017,Egner,B,7/19/2017,117,Single
7272017EGB7,OTU1002,SS,0.89,BOLD:AAG0758,Animalia,Arthropoda,Insecta,Coleoptera,Pyrochroidae,Dendroides,Dendroides canadensis,13,7/27/2017,Egner,B,7/19/2017,117,Single
7272017EGB7,OTU1015,GS,100,BOLD:ACX7075,Animalia,Arthropoda,Insecta,Lepidoptera,Blastobasidae,Pigritia,NA,11,7/27/2017,Egner,B,7/19/2017,117,Single
7272017EGB7,OTU1021,US,0.0017,BOLD:AAG0758,Animalia,Arthropoda,Insecta,Lepidoptera,NA,NA,NA,20,7/27/2017,Egner,B,7/19/2017,117,Single
7272017EGB7,OTU1033,GS,100,BOLD:AAD7682,Animalia,Arthropoda,Insecta,Lepidoptera,Coleophoridae,Coleophora,NA,77,7/27/2017,Egner,B,7/19/2017,117,Single
7272017EGB7,OTU1056,US,0.9972,BOLD:AAN2749,Animalia,Arthropoda,Insecta,Lepidoptera,NA,NA,NA,28,7/27/2017,Egner,B,7/19/2017,117,Single
7272017EGB7,OTU1059,US,3e-04,BOLD:AAG0758,Animalia,Arthropoda,Insecta,Coleoptera,NA,NA,NA,110,7/27/2017,Egner,B,7/19/2017,117,Single
7272017EGB7,OTU1072,SS,0.54,BOLD:ABV9238,Animalia,Arthropoda,Insecta,Diptera,NA,NA,NA,16,7/27/2017,Egner,B,7/19/2017,117,Single
7272017EGB7,OTU1078,SS,0.86,BOLD:AAG0758,Animalia,Arthropoda,Insecta,Coleoptera,Pyrochroidae,Dendroides,Dendroides canadensis,105,7/27/2017,Egner,B,7/19/2017,117,Single
7272017EGB7,OTU1097,GS,97.2,BOLD:AAN5451,Animalia,Arthropoda,Arachnida,Araneae,Araneidae,Eustala,NA,140,7/27/2017,Egner,B,7/19/2017,117,Single
7272017EGB7,OTU1113,US,0.9715,BOLD:AAG0758,Animalia,Arthropoda,Insecta,Lepidoptera,NA,NA,NA,112,7/27/2017,Egner,B,7/19/2017,117,Single
7272017EGB7,OTU1164,SS,0.84,BOLD:AAG0758,Animalia,Arthropoda,Insecta,Coleoptera,Pyrochroidae,Dendroides,Dendroides canadensis,49,7/27/2017,Egner,B,7/19/2017,117,Single
7272017EGB7,OTU1210,GS,97.2,BOLD:AAF4632,Animalia,Arthropoda,Insecta,Diptera,Limoniidae,Epiphragma,Epiphragma solatrix,8,7/27/2017,Egner,B,7/19/2017,117,Single
7272017EGB7,OTU1214,US,0.986,BOLD:AAG0758,Animalia,Arthropoda,Insecta,Lepidoptera,NA,NA,NA,8,7/27/2017,Egner,B,7/19/2017,117,Single
7272017EGB7,OTU1220,US,0.7924,BOLD:AAG0758,Animalia,Arthropoda,Insecta,NA,NA,NA,NA,71,7/27/2017,Egner,B,7/19/2017,117,Single
7272017EGB7,OTU1223,GS,97.8,BOLD:ABV9238,Animalia,Arthropoda,Insecta,Diptera,Limoniidae,Gonomyia,NA,8,7/27/2017,Egner,B,7/19/2017,117,Single
7272017EGB7,OTU1229,US,3e-04,BOLD:AAG0758,Animalia,Arthropoda,Insecta,Lepidoptera,NA,NA,NA,5,7/27/2017,Egner,B,7/19/2017,117,Single
7272017EGB7,OTU1233,US,0.0026,BOLD:AAG0758,Animalia,Arthropoda,Insecta,Diptera,NA,NA,NA,49,7/27/2017,Egner,B,7/19/2017,117,Single
7272017EGB7,OTU1257,US,0.9546,BOLD:AAG0758,Animalia,Arthropoda,Insecta,Lepidoptera,NA,NA,NA,131,7/27/2017,Egner,B,7/19/2017,117,Single
7272017EGB7,OTU1260,US,0,BOLD:AAG0758,Animalia,Arthropoda,Insecta,Lepidoptera,NA,NA,NA,66,7/27/2017,Egner,B,7/19/2017,117,Single
7272017EGB7,OTU1262,US,9e-04,BOLD:AAG0758,Animalia,Arthropoda,Insecta,Coleoptera,NA,NA,NA,79,7/27/2017,Egner,B,7/19/2017,117,Single
7272017EGB7,OTU1274,GS,98.9,BOLD:AAG6465,Animalia,Arthropoda,Insecta,Diptera,Ceratopogonidae,NA,NA,5,7/27/2017,Egner,B,7/19/2017,117,Single
7272017EGB7,OTU1277,US,2e-04,BOLD:AAG0758,Animalia,Arthropoda,Insecta,Lepidoptera,NA,NA,NA,8,7/27/2017,Egner,B,7/19/2017,117,Single
7272017EGB7,OTU1278,US,1,BOLD:AAG0758,Animalia,Arthropoda,Insecta,Coleoptera,NA,NA,NA,31,7/27/2017,Egner,B,7/19/2017,117,Single
7272017EGB7,OTU1292,GS,97.8,BOLD:AAN5882,Animalia,Arthropoda,Insecta,Diptera,Limoniidae,Erioptera,Erioptera caliptera,5,7/27/2017,Egner,B,7/19/2017,117,Single
7272017EGB7,OTU1293,GS,100,BOLD:AAG8605,Animalia,Arthropoda,Insecta,Lepidoptera,Gelechiidae,Monochroa,NA,7,7/27/2017,Egner,B,7/19/2017,117,Single
7272017EGB7,OTU1298,GS,97.2,BOLD:ACG9897,Animalia,Arthropoda,Insecta,Diptera,Ceratopogonidae,NA,NA,4,7/27/2017,Egner,B,7/19/2017,117,Single
7272017EGB7,OTU1312,US,0.0093,BOLD:AAG0758,Animalia,Arthropoda,Insecta,Lepidoptera,NA,NA,NA,107,7/27/2017,Egner,B,7/19/2017,117,Single
7272017EGB7,OTU1317,SS,0.01,BOLD:AAN5451,Animalia,Arthropoda,Arachnida,Araneae,Araneidae,Eustala,NA,16,7/27/2017,Egner,B,7/19/2017,117,Single
7272017EGB7,OTU1345,GS,100,BOLD:AAL7329,Animalia,Arthropoda,Insecta,Diptera,Chironomidae,Dicrotendipes,Dicrotendipes modestus,4,7/27/2017,Egner,B,7/19/2017,117,Single
7272017EGB7,OTU1350,GS,97.2,BOLD:AAA7067,Animalia,Arthropoda,Insecta,Diptera,Culicidae,Aedes,Aedes vexans,10,7/27/2017,Egner,B,7/19/2017,117,Single
7272017EGB7,OTU1351,SS,0.94,BOLD:AAB7030,Animalia,Arthropoda,Insecta,Diptera,Chironomidae,Chironomus,Chironomus decorus,11,7/27/2017,Egner,B,7/19/2017,117,Single
7272017EGB7,OTU1358,SS,0.75,BOLD:AAG0758,Animalia,Arthropoda,Insecta,Coleoptera,NA,NA,NA,70,7/27/2017,Egner,B,7/19/2017,117,Single
7272017EGB7,OTU1364,US,3e-04,BOLD:ACN9704,Animalia,Arthropoda,Insecta,Lepidoptera,NA,NA,NA,10,7/27/2017,Egner,B,7/19/2017,117,Single
7272017EGB7,OTU1383,US,0.9249,BOLD:AAG0758,Animalia,Arthropoda,Insecta,Lepidoptera,NA,NA,NA,45,7/27/2017,Egner,B,7/19/2017,117,Single
7272017EGB7,OTU1420,SS,0.89,BOLD:AAG0758,Animalia,Arthropoda,Insecta,Coleoptera,Pyrochroidae,Dendroides,Dendroides canadensis,73,7/27/2017,Egner,B,7/19/2017,117,Single
7272017EGB7,OTU1425,GS,98.9,BOLD:ABV0248,Animalia,Arthropoda,Insecta,Diptera,Ceratopogonidae,Stilobezzia,Stilobezzia antennalis,4,7/27/2017,Egner,B,7/19/2017,117,Single
7272017EGB7,OTU1443,SS,0.87,BOLD:AAG0758,Animalia,Arthropoda,Insecta,Coleoptera,Pyrochroidae,Dendroides,Dendroides canadensis,74,7/27/2017,Egner,B,7/19/2017,117,Single
7272017EGB7,OTU1458,US,0.3913,None,Animalia,Arthropoda,Maxillopoda,Calanoida,NA,NA,NA,7,7/27/2017,Egner,B,7/19/2017,117,Single
7272017EGB7,OTU1476,US,0.9934,BOLD:AAG0758,Animalia,Arthropoda,Insecta,Coleoptera,NA,NA,NA,44,7/27/2017,Egner,B,7/19/2017,117,Single
7272017EGB7,OTU1523,US,2e-04,BOLD:AAG0758,Animalia,Arthropoda,Insecta,Coleoptera,NA,NA,NA,106,7/27/2017,Egner,B,7/19/2017,117,Single
7272017EGB7,OTU1552,SS,0.74,BOLD:AAG0758,Animalia,Arthropoda,Insecta,Coleoptera,Pyrochroidae,Dendroides,NA,13,7/27/2017,Egner,B,7/19/2017,117,Single
7272017EGB7,OTU1554,SS,0.92,BOLD:AAP2734,Animalia,Arthropoda,Insecta,Diptera,Limoniidae,Erioptera,Erioptera parva,14,7/27/2017,Egner,B,7/19/2017,117,Single
7272017EGB7,OTU1558,GS,97.3,BOLD:AAN4851,Animalia,Arthropoda,Insecta,Lepidoptera,NA,NA,NA,8,7/27/2017,Egner,B,7/19/2017,117,Single
7272017EGB7,OTU1583,US,0,BOLD:AAG0758,Animalia,Arthropoda,Insecta,Lepidoptera,NA,NA,NA,56,7/27/2017,Egner,B,7/19/2017,117,Single
7272017EGB7,OTU1607,SS,0.89,BOLD:AAG0758,Animalia,Arthropoda,Insecta,Coleoptera,Pyrochroidae,Dendroides,Dendroides canadensis,93,7/27/2017,Egner,B,7/19/2017,117,Single
7272017EGB7,OTU1648,US,0.8732,BOLD:AAG0758,Animalia,Arthropoda,Insecta,Lepidoptera,NA,NA,NA,86,7/27/2017,Egner,B,7/19/2017,117,Single
7272017EGB7,OTU1719,GS,97.2,BOLD:AAG0149,Animalia,Arthropoda,Insecta,Lepidoptera,NA,NA,NA,3,7/27/2017,Egner,B,7/19/2017,117,Single
7272017EGB7,OTU1738,SS,0.89,BOLD:AAG0758,Animalia,Arthropoda,Insecta,Coleoptera,Pyrochroidae,Dendroides,Dendroides canadensis,31,7/27/2017,Egner,B,7/19/2017,117,Single
7272017EGB7,OTU1754,US,9e-04,BOLD:AAG0758,Animalia,Arthropoda,Insecta,Lepidoptera,NA,NA,NA,14,7/27/2017,Egner,B,7/19/2017,117,Single
7272017EGB7,OTU1756,SS,0.97,BOLD:AAG3848,Animalia,Arthropoda,Insecta,Diptera,Culicidae,Culex,Culex erraticus,6,7/27/2017,Egner,B,7/19/2017,117,Single
7272017EGB7,OTU1784,US,0.986,BOLD:AAB2304,Animalia,Arthropoda,Insecta,Lepidoptera,NA,NA,NA,48,7/27/2017,Egner,B,7/19/2017,117,Single
7272017EGB7,OTU1790,GS,98.3,BOLD:AAZ0144,Animalia,Arthropoda,Insecta,Diptera,Chironomidae,Chironomus,NA,1,7/27/2017,Egner,B,7/19/2017,117,Single
7272017EGB7,OTU1791,GS,97.8,BOLD:ACM6296,Animalia,Arthropoda,Insecta,Lepidoptera,Tineidae,Homosetia,NA,18,7/27/2017,Egner,B,7/19/2017,117,Single
7272017EGB7,OTU1900,SS,0.91,BOLD:AAG0758,Animalia,Arthropoda,Insecta,Coleoptera,Pyrochroidae,Dendroides,Dendroides canadensis,10,7/27/2017,Egner,B,7/19/2017,117,Single
7272017EGB8,OTU3,GS,100,BOLD:AAP2734,Animalia,Arthropoda,Insecta,Diptera,Limoniidae,Erioptera,Erioptera parva,1092,7/27/2017,Egner,B,7/19/2017,117,Single
7272017EGB8,OTU4,GS,100,BOLD:AAN5882,Animalia,Arthropoda,Insecta,Diptera,Limoniidae,Erioptera,Erioptera caliptera,1668,7/27/2017,Egner,B,7/19/2017,117,Single
7272017EGB8,OTU5,GS,99.4,BOLD:AAN5451,Animalia,Arthropoda,Arachnida,Araneae,Araneidae,Eustala,NA,283,7/27/2017,Egner,B,7/19/2017,117,Single
7272017EGB8,OTU11,GS,99.4,BOLD:AAG3848,Animalia,Arthropoda,Insecta,Diptera,Culicidae,Culex,Culex erraticus,3163,7/27/2017,Egner,B,7/19/2017,117,Single
7272017EGB8,OTU34,GS,100,BOLD:AAM6211,Animalia,Arthropoda,Insecta,Diptera,Chironomidae,Glyptotendipes,NA,363,7/27/2017,Egner,B,7/19/2017,117,Single
7272017EGB8,OTU88,GS,100,BOLD:AAE0434,Animalia,Arthropoda,Insecta,Diptera,Culicidae,Uranotaenia,Uranotaenia sapphirina,211,7/27/2017,Egner,B,7/19/2017,117,Single
7272017EGB8,OTU116,GS,100,BOLD:AAG0758,Animalia,Arthropoda,Insecta,Coleoptera,Pyrochroidae,Dendroides,Dendroides canadensis,91,7/27/2017,Egner,B,7/19/2017,117,Single
7272017EGB8,OTU118,US,1,None,Animalia,Arthropoda,Arachnida,Mesostigmata,NA,NA,NA,38,7/27/2017,Egner,B,7/19/2017,117,Single
7272017EGB8,OTU124,SS,0.3,BOLD:ABZ5204,Animalia,Arthropoda,Insecta,Hemiptera,Miridae,NA,NA,124,7/27/2017,Egner,B,7/19/2017,117,Single
7272017EGB8,OTU144,GS,100,BOLD:AAN6304,Animalia,Arthropoda,Arachnida,Araneae,Araneidae,Araneus,Araneus guttulatus,61,7/27/2017,Egner,B,7/19/2017,117,Single
7272017EGB8,OTU149,GS,99.4,BOLD:AAH4942,Animalia,Arthropoda,Insecta,Lepidoptera,Gelechiidae,Dichomeris,NA,10,7/27/2017,Egner,B,7/19/2017,117,Single
7272017EGB8,OTU155,US,0.3081,BOLD:ACI7789,Animalia,Arthropoda,Insecta,Coleoptera,NA,NA,NA,801,7/27/2017,Egner,B,7/19/2017,117,Single
7272017EGB8,OTU175,GS,99.4,BOLD:AAC7367,Animalia,Arthropoda,Insecta,Lepidoptera,Tineidae,Isocorypha,Isocorypha mediostriatella,35,7/27/2017,Egner,B,7/19/2017,117,Single
7272017EGB8,OTU196,GS,99.4,BOLD:ACE4102,Animalia,Arthropoda,Arachnida,Araneae,Araneidae,Mangora,Mangora placida,38,7/27/2017,Egner,B,7/19/2017,117,Single
7272017EGB8,OTU198,GS,99.4,BOLD:ABZ1242,Animalia,Arthropoda,Insecta,Diptera,Chironomidae,NA,NA,18,7/27/2017,Egner,B,7/19/2017,117,Single
7272017EGB8,OTU205,GS,99.4,BOLD:ACX9537,Animalia,Arthropoda,Arachnida,Araneae,Araneidae,Araneus,Araneus pegnia,93,7/27/2017,Egner,B,7/19/2017,117,Single
7272017EGB8,OTU214,GS,99.4,BOLD:AAW6795,Animalia,Arthropoda,Insecta,Diptera,NA,NA,NA,7,7/27/2017,Egner,B,7/19/2017,117,Single
7272017EGB8,OTU244,GS,100,BOLD:AAB1096,Animalia,Arthropoda,Insecta,Lepidoptera,Blastobasidae,Blastobasis,Blastobasis glandulella,98,7/27/2017,Egner,B,7/19/2017,117,Single
7272017EGB8,OTU258,GS,100,BOLD:ACA7555,Animalia,Arthropoda,Insecta,Diptera,Chironomidae,NA,NA,55,7/27/2017,Egner,B,7/19/2017,117,Single
7272017EGB8,OTU269,GS,97.2,BOLD:AAP9050,Animalia,Arthropoda,Insecta,Diptera,Ceratopogonidae,NA,NA,9,7/27/2017,Egner,B,7/19/2017,117,Single
7272017EGB8,OTU290,GS,100,BOLD:AAE4427,Animalia,Arthropoda,Insecta,Lepidoptera,Tineidae,Xylesthia,Xylesthia pruniramiella,6,7/27/2017,Egner,B,7/19/2017,117,Single
7272017EGB8,OTU309,GS,100,BOLD:AAH5582,Animalia,Arthropoda,Insecta,Lepidoptera,Gelechiidae,Battaristis,NA,13,7/27/2017,Egner,B,7/19/2017,117,Single
7272017EGB8,OTU314,GS,98.9,BOLD:AAB0603,Animalia,Arthropoda,Insecta,Lepidoptera,Gelechiidae,Pseudotelphusa,Pseudotelphusa quercinigracella,52,7/27/2017,Egner,B,7/19/2017,117,Single
7272017EGB8,OTU355,GS,99.4,BOLD:AAB3917,Animalia,Arthropoda,Insecta,Lepidoptera,Depressariidae,Psilocorsis,Psilocorsis quercicella,64,7/27/2017,Egner,B,7/19/2017,117,Single
7272017EGB8,OTU378,GS,100,BOLD:AAG8597,Animalia,Arthropoda,Insecta,Lepidoptera,NA,NA,NA,18,7/27/2017,Egner,B,7/19/2017,117,Single
7272017EGB8,OTU396,SS,0.98,BOLD:AAP2734,Animalia,Arthropoda,Insecta,Diptera,Limoniidae,Erioptera,Erioptera parva,52,7/27/2017,Egner,B,7/19/2017,117,Single
7272017EGB8,OTU424,GS,100,BOLD:ABZ3656,Animalia,Arthropoda,Insecta,Lepidoptera,Depressariidae,Psilocorsis,Psilocorsis reflexella,153,7/27/2017,Egner,B,7/19/2017,117,Single
7272017EGB8,OTU444,GS,100,BOLD:AAC3075,Animalia,Arthropoda,Insecta,Lepidoptera,Gelechiidae,Theisoa,Theisoa constrictella,18,7/27/2017,Egner,B,7/19/2017,117,Single
7272017EGB8,OTU465,SS,0.66,BOLD:AAG0758,Animalia,Arthropoda,Insecta,Coleoptera,NA,NA,NA,38,7/27/2017,Egner,B,7/19/2017,117,Single
7272017EGB8,OTU471,SS,0.77,BOLD:AAG0758,Animalia,Arthropoda,Insecta,Coleoptera,NA,NA,NA,6,7/27/2017,Egner,B,7/19/2017,117,Single
7272017EGB8,OTU483,US,0.1429,BOLD:ACK7325,Animalia,Arthropoda,Chilopoda,Scolopendromorpha,NA,NA,NA,19,7/27/2017,Egner,B,7/19/2017,117,Single
7272017EGB8,OTU486,GS,100,BOLD:ACL3824,Animalia,Arthropoda,Insecta,Diptera,Chironomidae,NA,NA,45,7/27/2017,Egner,B,7/19/2017,117,Single
7272017EGB8,OTU495,SS,0.83,BOLD:AAG0758,Animalia,Arthropoda,Insecta,Coleoptera,Pyrochroidae,Dendroides,Dendroides canadensis,3,7/27/2017,Egner,B,7/19/2017,117,Single
7272017EGB8,OTU502,SS,0.79,BOLD:AAG0758,Animalia,Arthropoda,Insecta,Coleoptera,NA,NA,NA,11,7/27/2017,Egner,B,7/19/2017,117,Single
7272017EGB8,OTU514,US,0,BOLD:AAG0758,Animalia,Arthropoda,Insecta,Lepidoptera,NA,NA,NA,7,7/27/2017,Egner,B,7/19/2017,117,Single
7272017EGB8,OTU515,US,0.0093,BOLD:AAA3447,Animalia,Arthropoda,Insecta,Lepidoptera,NA,NA,NA,28,7/27/2017,Egner,B,7/19/2017,117,Single
7272017EGB8,OTU526,SS,0.7,BOLD:ACI6375,Animalia,Arthropoda,Insecta,Coleoptera,NA,NA,NA,10,7/27/2017,Egner,B,7/19/2017,117,Single
7272017EGB8,OTU532,GS,100,BOLD:AAF9306,Animalia,Arthropoda,Insecta,Diptera,Psychodidae,Psychoda,Psychoda alternata,10,7/27/2017,Egner,B,7/19/2017,117,Single
7272017EGB8,OTU543,GS,100,BOLD:AAA7928,Animalia,Arthropoda,Insecta,Lepidoptera,Blastobasidae,Blastobasis,Blastobasis taurusella,11,7/27/2017,Egner,B,7/19/2017,117,Single
7272017EGB8,OTU585,US,0.7924,BOLD:AAG0758,Animalia,Arthropoda,Insecta,NA,NA,NA,NA,6,7/27/2017,Egner,B,7/19/2017,117,Single
7272017EGB8,OTU609,GS,100,BOLD:AAG1032,Animalia,Arthropoda,Insecta,Lepidoptera,NA,NA,NA,9,7/27/2017,Egner,B,7/19/2017,117,Single
7272017EGB8,OTU624,GS,100,BOLD:AAP4712,Animalia,Arthropoda,Insecta,Diptera,Psychodidae,NA,NA,2,7/27/2017,Egner,B,7/19/2017,117,Single
7272017EGB8,OTU635,GS,97.2,BOLD:AAN5882,Animalia,Arthropoda,Insecta,Diptera,Limoniidae,Erioptera,Erioptera caliptera,22,7/27/2017,Egner,B,7/19/2017,117,Single
7272017EGB8,OTU662,GS,98.6,BOLD:AAU1776,Animalia,Arthropoda,Insecta,Hymenoptera,Formicidae,NA,NA,3,7/27/2017,Egner,B,7/19/2017,117,Single
7272017EGB8,OTU670,US,0.9546,BOLD:AAG0758,Animalia,Arthropoda,Insecta,Diptera,NA,NA,NA,12,7/27/2017,Egner,B,7/19/2017,117,Single
7272017EGB8,OTU678,GS,98.6,BOLD:AAB0602,Animalia,Arthropoda,Insecta,Lepidoptera,Gelechiidae,Pseudotelphusa,Pseudotelphusa quercinigracella,106,7/27/2017,Egner,B,7/19/2017,117,Single
7272017EGB8,OTU700,GS,100,BOLD:AAN5337,Animalia,Arthropoda,Insecta,Diptera,Chironomidae,NA,NA,11,7/27/2017,Egner,B,7/19/2017,117,Single
7272017EGB8,OTU718,US,0.7924,BOLD:AAG0758,Animalia,Arthropoda,Insecta,NA,NA,NA,NA,38,7/27/2017,Egner,B,7/19/2017,117,Single
7272017EGB8,OTU754,US,1,BOLD:AAV1202,Animalia,Arthropoda,Insecta,Coleoptera,NA,NA,NA,3,7/27/2017,Egner,B,7/19/2017,117,Single
7272017EGB8,OTU782,US,0.2833,BOLD:ACW7520,Animalia,Arthropoda,Insecta,Diptera,NA,NA,NA,3,7/27/2017,Egner,B,7/19/2017,117,Single
7272017EGB8,OTU862,GS,100,BOLD:AAD4931,Animalia,Arthropoda,Insecta,Lepidoptera,Gracillariidae,Caloptilia,Caloptilia violacella,5,7/27/2017,Egner,B,7/19/2017,117,Single
7272017EGB8,OTU865,US,7e-04,BOLD:AAG0758,Animalia,Arthropoda,Insecta,Lepidoptera,NA,NA,NA,21,7/27/2017,Egner,B,7/19/2017,117,Single
7272017EGB8,OTU887,SS,0.74,BOLD:ABX5321,Animalia,Arthropoda,Insecta,Diptera,NA,NA,NA,2,7/27/2017,Egner,B,7/19/2017,117,Single
7272017EGB8,OTU918,GS,100,BOLD:AAF9310,Animalia,Arthropoda,Insecta,Diptera,Psychodidae,NA,NA,32,7/27/2017,Egner,B,7/19/2017,117,Single
7272017EGB8,OTU947,US,0.9546,BOLD:AAG0758,Animalia,Arthropoda,Insecta,Lepidoptera,NA,NA,NA,3,7/27/2017,Egner,B,7/19/2017,117,Single
7272017EGB8,OTU959,US,9e-04,BOLD:AAG0758,Animalia,Arthropoda,Insecta,Lepidoptera,NA,NA,NA,11,7/27/2017,Egner,B,7/19/2017,117,Single
7272017EGB8,OTU978,SS,0.71,BOLD:AAG5479,Animalia,Arthropoda,Insecta,Diptera,Chironomidae,NA,NA,3,7/27/2017,Egner,B,7/19/2017,117,Single
7272017EGB8,OTU1015,GS,100,BOLD:ACX7075,Animalia,Arthropoda,Insecta,Lepidoptera,Blastobasidae,Pigritia,NA,30,7/27/2017,Egner,B,7/19/2017,117,Single
7272017EGB8,OTU1021,US,0.0017,BOLD:AAG0758,Animalia,Arthropoda,Insecta,Lepidoptera,NA,NA,NA,1,7/27/2017,Egner,B,7/19/2017,117,Single
7272017EGB8,OTU1033,GS,100,BOLD:AAD7682,Animalia,Arthropoda,Insecta,Lepidoptera,Coleophoridae,Coleophora,NA,1,7/27/2017,Egner,B,7/19/2017,117,Single
7272017EGB8,OTU1036,GS,100,BOLD:ACI3242,Animalia,Arthropoda,Insecta,Hymenoptera,Braconidae,Macrocentrus,NA,17,7/27/2017,Egner,B,7/19/2017,117,Single
7272017EGB8,OTU1053,US,1,BOLD:ACI5356,Animalia,Arthropoda,Insecta,Diptera,NA,NA,NA,1,7/27/2017,Egner,B,7/19/2017,117,Single
7272017EGB8,OTU1056,US,0.9972,BOLD:AAN2749,Animalia,Arthropoda,Insecta,Lepidoptera,NA,NA,NA,3,7/27/2017,Egner,B,7/19/2017,117,Single
7272017EGB8,OTU1057,GS,100,BOLD:AAG8581,Animalia,Arthropoda,Insecta,Lepidoptera,Blastobasidae,Hypatopa,Hypatopa vestaliella,4,7/27/2017,Egner,B,7/19/2017,117,Single
7272017EGB8,OTU1059,US,3e-04,BOLD:AAG0758,Animalia,Arthropoda,Insecta,Coleoptera,NA,NA,NA,1,7/27/2017,Egner,B,7/19/2017,117,Single
7272017EGB8,OTU1072,SS,0.54,BOLD:ABV9238,Animalia,Arthropoda,Insecta,Diptera,NA,NA,NA,15,7/27/2017,Egner,B,7/19/2017,117,Single
7272017EGB8,OTU1078,SS,0.86,BOLD:AAG0758,Animalia,Arthropoda,Insecta,Coleoptera,Pyrochroidae,Dendroides,Dendroides canadensis,15,7/27/2017,Egner,B,7/19/2017,117,Single
7272017EGB8,OTU1108,GS,97.2,BOLD:AAB0603,Animalia,Arthropoda,Insecta,Lepidoptera,Gelechiidae,Pseudotelphusa,Pseudotelphusa quercinigracella,4,7/27/2017,Egner,B,7/19/2017,117,Single
7272017EGB8,OTU1114,GS,100,BOLD:AAH2440,Animalia,Arthropoda,Insecta,Lepidoptera,Gracillariidae,Marmara,NA,8,7/27/2017,Egner,B,7/19/2017,117,Single
7272017EGB8,OTU1164,SS,0.84,BOLD:AAG0758,Animalia,Arthropoda,Insecta,Coleoptera,Pyrochroidae,Dendroides,Dendroides canadensis,16,7/27/2017,Egner,B,7/19/2017,117,Single
7272017EGB8,OTU1220,US,0.7924,BOLD:AAG0758,Animalia,Arthropoda,Insecta,NA,NA,NA,NA,1,7/27/2017,Egner,B,7/19/2017,117,Single
7272017EGB8,OTU1223,GS,97.8,BOLD:ABV9238,Animalia,Arthropoda,Insecta,Diptera,Limoniidae,Gonomyia,NA,9,7/27/2017,Egner,B,7/19/2017,117,Single
7272017EGB8,OTU1229,US,3e-04,BOLD:AAG0758,Animalia,Arthropoda,Insecta,Lepidoptera,NA,NA,NA,2,7/27/2017,Egner,B,7/19/2017,117,Single
7272017EGB8,OTU1233,US,0.0026,BOLD:AAG0758,Animalia,Arthropoda,Insecta,Diptera,NA,NA,NA,6,7/27/2017,Egner,B,7/19/2017,117,Single
7272017EGB8,OTU1236,GS,99.4,BOLD:AAN5354,Animalia,Arthropoda,Insecta,Diptera,Chironomidae,NA,NA,9,7/27/2017,Egner,B,7/19/2017,117,Single
7272017EGB8,OTU1244,SS,0.81,BOLD:AAN5882,Animalia,Arthropoda,Insecta,Diptera,Limoniidae,Erioptera,Erioptera caliptera,151,7/27/2017,Egner,B,7/19/2017,117,Single
7272017EGB8,OTU1257,US,0.9546,BOLD:AAG0758,Animalia,Arthropoda,Insecta,Lepidoptera,NA,NA,NA,5,7/27/2017,Egner,B,7/19/2017,117,Single
7272017EGB8,OTU1260,US,0,BOLD:AAG0758,Animalia,Arthropoda,Insecta,Lepidoptera,NA,NA,NA,3,7/27/2017,Egner,B,7/19/2017,117,Single
7272017EGB8,OTU1262,US,9e-04,BOLD:AAG0758,Animalia,Arthropoda,Insecta,Coleoptera,NA,NA,NA,2,7/27/2017,Egner,B,7/19/2017,117,Single
7272017EGB8,OTU1268,GS,97.8,BOLD:AAM6211,Animalia,Arthropoda,Insecta,Diptera,Chironomidae,Glyptotendipes,NA,79,7/27/2017,Egner,B,7/19/2017,117,Single
7272017EGB8,OTU1274,GS,98.9,BOLD:AAG6465,Animalia,Arthropoda,Insecta,Diptera,Ceratopogonidae,NA,NA,3,7/27/2017,Egner,B,7/19/2017,117,Single
7272017EGB8,OTU1278,US,1,BOLD:AAG0758,Animalia,Arthropoda,Insecta,Coleoptera,NA,NA,NA,1,7/27/2017,Egner,B,7/19/2017,117,Single
7272017EGB8,OTU1292,GS,97.8,BOLD:AAN5882,Animalia,Arthropoda,Insecta,Diptera,Limoniidae,Erioptera,Erioptera caliptera,11,7/27/2017,Egner,B,7/19/2017,117,Single
7272017EGB8,OTU1298,GS,97.2,BOLD:ACG9897,Animalia,Arthropoda,Insecta,Diptera,Ceratopogonidae,NA,NA,3,7/27/2017,Egner,B,7/19/2017,117,Single
7272017EGB8,OTU1312,US,0.0093,BOLD:AAG0758,Animalia,Arthropoda,Insecta,Lepidoptera,NA,NA,NA,9,7/27/2017,Egner,B,7/19/2017,117,Single
7272017EGB8,OTU1317,SS,0.01,BOLD:AAN5451,Animalia,Arthropoda,Arachnida,Araneae,Araneidae,Eustala,NA,3,7/27/2017,Egner,B,7/19/2017,117,Single
7272017EGB8,OTU1351,SS,0.94,BOLD:AAB7030,Animalia,Arthropoda,Insecta,Diptera,Chironomidae,Chironomus,Chironomus decorus,7,7/27/2017,Egner,B,7/19/2017,117,Single
7272017EGB8,OTU1358,SS,0.75,BOLD:AAG0758,Animalia,Arthropoda,Insecta,Coleoptera,NA,NA,NA,4,7/27/2017,Egner,B,7/19/2017,117,Single
7272017EGB8,OTU1364,US,3e-04,BOLD:ACN9704,Animalia,Arthropoda,Insecta,Lepidoptera,NA,NA,NA,7,7/27/2017,Egner,B,7/19/2017,117,Single
7272017EGB8,OTU1420,SS,0.89,BOLD:AAG0758,Animalia,Arthropoda,Insecta,Coleoptera,Pyrochroidae,Dendroides,Dendroides canadensis,9,7/27/2017,Egner,B,7/19/2017,117,Single
7272017EGB8,OTU1425,GS,98.9,BOLD:ABV0248,Animalia,Arthropoda,Insecta,Diptera,Ceratopogonidae,Stilobezzia,Stilobezzia antennalis,1,7/27/2017,Egner,B,7/19/2017,117,Single
7272017EGB8,OTU1476,US,0.9934,BOLD:AAG0758,Animalia,Arthropoda,Insecta,Coleoptera,NA,NA,NA,13,7/27/2017,Egner,B,7/19/2017,117,Single
7272017EGB8,OTU1480,US,0.9249,BOLD:AAN5882,Animalia,Arthropoda,Insecta,Diptera,NA,NA,NA,9,7/27/2017,Egner,B,7/19/2017,117,Single
7272017EGB8,OTU1523,US,2e-04,BOLD:AAG0758,Animalia,Arthropoda,Insecta,Coleoptera,NA,NA,NA,55,7/27/2017,Egner,B,7/19/2017,117,Single
7272017EGB8,OTU1551,GS,97.8,BOLD:ABV0248,Animalia,Arthropoda,Insecta,Diptera,Ceratopogonidae,Stilobezzia,Stilobezzia antennalis,6,7/27/2017,Egner,B,7/19/2017,117,Single
7272017EGB8,OTU1554,SS,0.92,BOLD:AAP2734,Animalia,Arthropoda,Insecta,Diptera,Limoniidae,Erioptera,Erioptera parva,100,7/27/2017,Egner,B,7/19/2017,117,Single
7272017EGB8,OTU1583,US,0,BOLD:AAG0758,Animalia,Arthropoda,Insecta,Lepidoptera,NA,NA,NA,6,7/27/2017,Egner,B,7/19/2017,117,Single
7272017EGB8,OTU1607,SS,0.89,BOLD:AAG0758,Animalia,Arthropoda,Insecta,Coleoptera,Pyrochroidae,Dendroides,Dendroides canadensis,2,7/27/2017,Egner,B,7/19/2017,117,Single
7272017EGB8,OTU1648,US,0.8732,BOLD:AAG0758,Animalia,Arthropoda,Insecta,Lepidoptera,NA,NA,NA,6,7/27/2017,Egner,B,7/19/2017,117,Single
7272017EGB8,OTU1669,GS,97.8,BOLD:AAE6553,Animalia,Arthropoda,Insecta,Lepidoptera,Gracillariidae,Phyllonorycter,Phyllonorycter acerifoliella,7,7/27/2017,Egner,B,7/19/2017,117,Single
7272017EGB8,OTU1719,GS,97.2,BOLD:AAG0149,Animalia,Arthropoda,Insecta,Lepidoptera,NA,NA,NA,2,7/27/2017,Egner,B,7/19/2017,117,Single
7272017EGB8,OTU1738,SS,0.89,BOLD:AAG0758,Animalia,Arthropoda,Insecta,Coleoptera,Pyrochroidae,Dendroides,Dendroides canadensis,2,7/27/2017,Egner,B,7/19/2017,117,Single
7272017EGB8,OTU1742,GS,98.3,BOLD:AAB0602,Animalia,Arthropoda,Insecta,Lepidoptera,Gelechiidae,Pseudotelphusa,Pseudotelphusa quercinigracella,26,7/27/2017,Egner,B,7/19/2017,117,Single
7272017EGB8,OTU1748,SS,0.6,BOLD:ACF8409,Animalia,Arthropoda,Insecta,Diptera,NA,NA,NA,2,7/27/2017,Egner,B,7/19/2017,117,Single
7272017EGB8,OTU1756,SS,0.97,BOLD:AAG3848,Animalia,Arthropoda,Insecta,Diptera,Culicidae,Culex,Culex erraticus,2,7/27/2017,Egner,B,7/19/2017,117,Single
7272017EGB8,OTU1784,US,0.986,BOLD:AAB2304,Animalia,Arthropoda,Insecta,Lepidoptera,NA,NA,NA,6,7/27/2017,Egner,B,7/19/2017,117,Single
7272017EGB8,OTU1791,GS,97.8,BOLD:ACM6296,Animalia,Arthropoda,Insecta,Lepidoptera,Tineidae,Homosetia,NA,11,7/27/2017,Egner,B,7/19/2017,117,Single
7272017EGB8,OTU1871,SS,0.85,BOLD:AAG3848,Animalia,Arthropoda,Insecta,Diptera,Culicidae,Culex,Culex erraticus,1,7/27/2017,Egner,B,7/19/2017,117,Single
7272017EGB8,OTU1900,SS,0.91,BOLD:AAG0758,Animalia,Arthropoda,Insecta,Coleoptera,Pyrochroidae,Dendroides,Dendroides canadensis,4,7/27/2017,Egner,B,7/19/2017,117,Single
7272017EGB9,OTU1,US,0.0026,BOLD:AAD6798,Animalia,Arthropoda,Insecta,Diptera,NA,NA,NA,11087,7/27/2017,Egner,B,7/19/2017,117,Single
7272017EGB9,OTU5,GS,99.4,BOLD:AAN5451,Animalia,Arthropoda,Arachnida,Araneae,Araneidae,Eustala,NA,2238,7/27/2017,Egner,B,7/19/2017,117,Single
7272017EGB9,OTU7,GS,100,BOLD:AAF4632,Animalia,Arthropoda,Insecta,Diptera,Limoniidae,Epiphragma,Epiphragma solatrix,1185,7/27/2017,Egner,B,7/19/2017,117,Single
7272017EGB9,OTU77,SS,0.4,BOLD:ABU7092,Animalia,Arthropoda,Insecta,Hymenoptera,NA,NA,NA,12488,7/27/2017,Egner,B,7/19/2017,117,Single
7272017EGB9,OTU78,US,1,BOLD:AAY8864,Animalia,Arthropoda,Insecta,Diptera,NA,NA,NA,956,7/27/2017,Egner,B,7/19/2017,117,Single
7272017EGB9,OTU131,US,0.9919,BOLD:AAL9946,Animalia,Arthropoda,Insecta,Diptera,NA,NA,NA,30,7/27/2017,Egner,B,7/19/2017,117,Single
7272017EGB9,OTU159,US,1,BOLD:ACG2017,Animalia,Arthropoda,Insecta,Coleoptera,NA,NA,NA,747,7/27/2017,Egner,B,7/19/2017,117,Single
7272017EGB9,OTU306,US,0.9916,BOLD:AAL7718,Animalia,Arthropoda,Collembola,Poduromorpha,NA,NA,NA,1926,7/27/2017,Egner,B,7/19/2017,117,Single
7272017EGB9,OTU346,US,0,None,Animalia,Arthropoda,Insecta,Hymenoptera,NA,NA,NA,73,7/27/2017,Egner,B,7/19/2017,117,Single
7272017EGB9,OTU476,US,0,BOLD:AAU6512,Animalia,Arthropoda,Insecta,Neuroptera,NA,NA,NA,187,7/27/2017,Egner,B,7/19/2017,117,Single
7272017EGB9,OTU618,US,1,BOLD:ACW2077,Animalia,Arthropoda,Insecta,Diptera,NA,NA,NA,282,7/27/2017,Egner,B,7/19/2017,117,Single
7272017EGB9,OTU628,US,0.2061,BOLD:AAZ4432,Animalia,Arthropoda,Collembola,Entomobryomorpha,NA,NA,NA,29,7/27/2017,Egner,B,7/19/2017,117,Single
7272017EGB9,OTU744,US,1,BOLD:ACU1806,Animalia,Arthropoda,Insecta,Coleoptera,NA,NA,NA,190,7/27/2017,Egner,B,7/19/2017,117,Single
7272017EGB9,OTU761,US,0,None,Animalia,Arthropoda,Arachnida,Mesostigmata,NA,NA,NA,199,7/27/2017,Egner,B,7/19/2017,117,Single
7272017EGB9,OTU764,GS,100,BOLD:AAI2732,Animalia,Arthropoda,Arachnida,Araneae,Lycosidae,Pirata,Pirata alachuus,161,7/27/2017,Egner,B,7/19/2017,117,Single
7272017EGB9,OTU828,US,1,None,Animalia,Arthropoda,Insecta,Orthoptera,NA,NA,NA,259,7/27/2017,Egner,B,7/19/2017,117,Single
7272017EGB9,OTU836,GS,99.4,BOLD:AAC7993,Animalia,Arthropoda,Insecta,Hemiptera,Alydidae,Alydus,Alydus calcaratus,33,7/27/2017,Egner,B,7/19/2017,117,Single
7272017EGB9,OTU1041,GS,99.4,BOLD:ABA9888,Animalia,Arthropoda,Insecta,Hymenoptera,Braconidae,Microplitis,NA,92,7/27/2017,Egner,B,7/19/2017,117,Single
7272017EGB9,OTU1078,SS,0.86,BOLD:AAG0758,Animalia,Arthropoda,Insecta,Coleoptera,Pyrochroidae,Dendroides,Dendroides canadensis,1,7/27/2017,Egner,B,7/19/2017,117,Single
7272017EGB9,OTU1097,GS,97.2,BOLD:AAN5451,Animalia,Arthropoda,Arachnida,Araneae,Araneidae,Eustala,NA,45,7/27/2017,Egner,B,7/19/2017,117,Single
7272017EGB9,OTU1112,US,1,BOLD:ACA1403,Animalia,Arthropoda,Collembola,Entomobryomorpha,NA,NA,NA,77,7/27/2017,Egner,B,7/19/2017,117,Single
7272017EGB9,OTU1154,US,1,BOLD:ACK9858,Animalia,Arthropoda,Insecta,Diptera,NA,NA,NA,81,7/27/2017,Egner,B,7/19/2017,117,Single
7272017EGB9,OTU1193,GS,99.4,BOLD:AAA9811,Animalia,Arthropoda,Insecta,Lepidoptera,Geometridae,Somatolophia,Somatolophia pallescens,38,7/27/2017,Egner,B,7/19/2017,117,Single
7272017EGB9,OTU1197,GS,100,BOLD:ACG8198,Animalia,Arthropoda,Insecta,Hymenoptera,NA,NA,NA,53,7/27/2017,Egner,B,7/19/2017,117,Single
7272017EGB9,OTU1683,SS,0.84,BOLD:AAF4632,Animalia,Arthropoda,Insecta,Diptera,Limoniidae,Epiphragma,Epiphragma solatrix,6,7/27/2017,Egner,B,7/19/2017,117,Single
7272017EGB9,OTU1711,GS,100,BOLD:AAB4175,Animalia,Arthropoda,Insecta,Lepidoptera,Nymphalidae,Megisto,Megisto cymela,31,7/27/2017,Egner,B,7/19/2017,117,Single
7272017EGB9,OTU1834,SS,0.74,BOLD:AAF4632,Animalia,Arthropoda,Insecta,Diptera,NA,NA,NA,37,7/27/2017,Egner,B,7/19/2017,117,Single
7272017EGC1,OTU30,SS,1,BOLD:AAA2377,Animalia,Arthropoda,Insecta,Coleoptera,NA,NA,NA,50597,7/27/2017,Egner,C,7/19/2017,14,Single
7272017EGC10,OTU5,GS,99.4,BOLD:AAN5451,Animalia,Arthropoda,Arachnida,Araneae,Araneidae,Eustala,NA,571,7/27/2017,Egner,C,7/19/2017,14,Single
7272017EGC10,OTU14,GS,99.4,BOLD:AAO3940,Animalia,Arthropoda,Insecta,Diptera,Limoniidae,Rhipidia,NA,339,7/27/2017,Egner,C,7/19/2017,14,Single
7272017EGC10,OTU34,GS,100,BOLD:AAM6211,Animalia,Arthropoda,Insecta,Diptera,Chironomidae,Glyptotendipes,NA,1377,7/27/2017,Egner,C,7/19/2017,14,Single
7272017EGC10,OTU35,GS,100,BOLD:ABW4215,Animalia,Arthropoda,Insecta,Diptera,Chironomidae,Glyptotendipes,Glyptotendipes meridionalis,17633,7/27/2017,Egner,C,7/19/2017,14,Single
7272017EGC10,OTU115,GS,100,BOLD:AAA4942,Animalia,Arthropoda,Arachnida,Araneae,Tetragnathidae,Tetragnatha,Tetragnatha elongata,146,7/27/2017,Egner,C,7/19/2017,14,Single
7272017EGC10,OTU172,GS,99.4,BOLD:AAA8563,Animalia,Arthropoda,Insecta,Lepidoptera,Erebidae,Parallelia,Parallelia bistriaris,260,7/27/2017,Egner,C,7/19/2017,14,Single
7272017EGC10,OTU183,GS,100,BOLD:AAB2305,Animalia,Arthropoda,Insecta,Lepidoptera,Geometridae,Digrammia,Digrammia gnophosaria,1771,7/27/2017,Egner,C,7/19/2017,14,Single
7272017EGC10,OTU193,GS,98.9,BOLD:AAI4436,Animalia,Arthropoda,Insecta,Lepidoptera,Gelechiidae,Aristotelia,NA,20,7/27/2017,Egner,C,7/19/2017,14,Single
7272017EGC10,OTU203,GS,100,BOLD:AAB0603,Animalia,Arthropoda,Insecta,Lepidoptera,Gelechiidae,Pseudotelphusa,Pseudotelphusa quercinigracella,21,7/27/2017,Egner,C,7/19/2017,14,Single
7272017EGC10,OTU206,GS,99.4,BOLD:AAN8390,Animalia,Arthropoda,Insecta,Hemiptera,Miridae,Neurocolpus,Neurocolpus nubilus,22,7/27/2017,Egner,C,7/19/2017,14,Single
7272017EGC10,OTU254,GS,100,BOLD:AAG8977,Animalia,Arthropoda,Insecta,Hemiptera,Derbidae,Apache,Apache degeerii,12,7/27/2017,Egner,C,7/19/2017,14,Single
7272017EGC10,OTU270,GS,100,BOLD:AAB6541,Animalia,Arthropoda,Insecta,Lepidoptera,Gelechiidae,Coleotechnites,Coleotechnites florae,110,7/27/2017,Egner,C,7/19/2017,14,Single
7272017EGC10,OTU277,GS,99.4,BOLD:ABX3358,Animalia,Arthropoda,Insecta,Diptera,Chironomidae,NA,NA,11,7/27/2017,Egner,C,7/19/2017,14,Single
7272017EGC10,OTU364,GS,100,BOLD:AAF8338,Animalia,Arthropoda,Insecta,Diptera,Tipulidae,Tipula,Tipula furca,323,7/27/2017,Egner,C,7/19/2017,14,Single
7272017EGC10,OTU430,US,0,BOLD:AAV2846,Animalia,Arthropoda,Insecta,Hymenoptera,NA,NA,NA,852,7/27/2017,Egner,C,7/19/2017,14,Single
7272017EGC10,OTU447,US,0.9916,BOLD:AAW5176,Animalia,Arthropoda,Arachnida,Araneae,NA,NA,NA,15,7/27/2017,Egner,C,7/19/2017,14,Single
7272017EGC10,OTU677,SS,0.16,BOLD:ACI9577,Animalia,Arthropoda,Insecta,Lepidoptera,NA,NA,NA,300,7/27/2017,Egner,C,7/19/2017,14,Single
7272017EGC10,OTU767,GS,100,BOLD:AAC7129,Animalia,Arthropoda,Insecta,Lepidoptera,Tischeriidae,Coptotriche,Coptotriche citrinipennella,11,7/27/2017,Egner,C,7/19/2017,14,Single
7272017EGC10,OTU1097,GS,97.2,BOLD:AAN5451,Animalia,Arthropoda,Arachnida,Araneae,Araneidae,Eustala,NA,111,7/27/2017,Egner,C,7/19/2017,14,Single
7272017EGC10,OTU1451,GS,98.9,BOLD:AAH4718,Animalia,Arthropoda,Insecta,Lepidoptera,NA,NA,NA,57,7/27/2017,Egner,C,7/19/2017,14,Single
7272017EGC10,OTU1756,SS,0.97,BOLD:AAG3848,Animalia,Arthropoda,Insecta,Diptera,Culicidae,Culex,Culex erraticus,1,7/27/2017,Egner,C,7/19/2017,14,Single
7272017EGC10,OTU1871,SS,0.85,BOLD:AAG3848,Animalia,Arthropoda,Insecta,Diptera,Culicidae,Culex,Culex erraticus,4,7/27/2017,Egner,C,7/19/2017,14,Single
7272017EGC10,OTU1878,SS,0.78,BOLD:ABW4215,Animalia,Arthropoda,Insecta,Diptera,NA,NA,NA,4,7/27/2017,Egner,C,7/19/2017,14,Single
7272017EGC10,OTU1896,US,0.9201,BOLD:AAA0693,Animalia,Arthropoda,Insecta,Lepidoptera,NA,NA,NA,3,7/27/2017,Egner,C,7/19/2017,14,Single
7272017EGC2,OTU7,GS,100,BOLD:AAF4632,Animalia,Arthropoda,Insecta,Diptera,Limoniidae,Epiphragma,Epiphragma solatrix,1322,7/27/2017,Egner,C,7/19/2017,14,Single
7272017EGC2,OTU12,GS,100,BOLD:AAE5173,Animalia,Arthropoda,Insecta,Diptera,Psychodidae,PschodididGC,NA,38613,7/27/2017,Egner,C,7/19/2017,14,Single
7272017EGC2,OTU30,SS,1,BOLD:AAA2377,Animalia,Arthropoda,Insecta,Coleoptera,NA,NA,NA,2042,7/27/2017,Egner,C,7/19/2017,14,Single
7272017EGC2,OTU37,GS,100,BOLD:AAB0484,Animalia,Arthropoda,Insecta,Lepidoptera,Tortricidae,Gypsonoma,Gypsonoma salicicolana,1070,7/27/2017,Egner,C,7/19/2017,14,Single
7272017EGC2,OTU1210,GS,97.2,BOLD:AAF4632,Animalia,Arthropoda,Insecta,Diptera,Limoniidae,Epiphragma,Epiphragma solatrix,82,7/27/2017,Egner,C,7/19/2017,14,Single
7272017EGC3,OTU1,US,0.0026,BOLD:AAD6798,Animalia,Arthropoda,Insecta,Diptera,NA,NA,NA,2618,7/27/2017,Egner,C,7/19/2017,14,Single
7272017EGC3,OTU5,GS,99.4,BOLD:AAN5451,Animalia,Arthropoda,Arachnida,Araneae,Araneidae,Eustala,NA,995,7/27/2017,Egner,C,7/19/2017,14,Single
7272017EGC3,OTU11,GS,99.4,BOLD:AAG3848,Animalia,Arthropoda,Insecta,Diptera,Culicidae,Culex,Culex erraticus,11022,7/27/2017,Egner,C,7/19/2017,14,Single
7272017EGC3,OTU13,GS,100,BOLD:ABV1771,Animalia,Arthropoda,Insecta,Diptera,Limoniidae,NA,NA,1242,7/27/2017,Egner,C,7/19/2017,14,Single
7272017EGC3,OTU23,GS,100,BOLD:AAF9008,Animalia,Arthropoda,Insecta,Diptera,Limoniidae,Helius,Helius flavipes,2953,7/27/2017,Egner,C,7/19/2017,14,Single
7272017EGC3,OTU34,GS,100,BOLD:AAM6211,Animalia,Arthropoda,Insecta,Diptera,Chironomidae,Glyptotendipes,NA,2499,7/27/2017,Egner,C,7/19/2017,14,Single
7272017EGC3,OTU35,GS,100,BOLD:ABW4215,Animalia,Arthropoda,Insecta,Diptera,Chironomidae,Glyptotendipes,Glyptotendipes meridionalis,841,7/27/2017,Egner,C,7/19/2017,14,Single
7272017EGC3,OTU54,GS,99.4,BOLD:ABA5202,Animalia,Arthropoda,Insecta,Diptera,Limoniidae,Pseudolimnophila,Pseudolimnophila luteipennis,214,7/27/2017,Egner,C,7/19/2017,14,Single
7272017EGC3,OTU68,GS,100,BOLD:AAB7030,Animalia,Arthropoda,Insecta,Diptera,Chironomidae,Chironomus,Chironomus decorus,47,7/27/2017,Egner,C,7/19/2017,14,Single
7272017EGC3,OTU88,GS,100,BOLD:AAE0434,Animalia,Arthropoda,Insecta,Diptera,Culicidae,Uranotaenia,Uranotaenia sapphirina,108,7/27/2017,Egner,C,7/19/2017,14,Single
7272017EGC3,OTU99,US,1,BOLD:ACF7919,Animalia,Arthropoda,Collembola,Poduromorpha,NA,NA,NA,633,7/27/2017,Egner,C,7/19/2017,14,Single
7272017EGC3,OTU118,US,1,None,Animalia,Arthropoda,Arachnida,Mesostigmata,NA,NA,NA,66,7/27/2017,Egner,C,7/19/2017,14,Single
7272017EGC3,OTU146,GS,99.4,BOLD:ABV9238,Animalia,Arthropoda,Insecta,Diptera,Limoniidae,Gonomyia,NA,153,7/27/2017,Egner,C,7/19/2017,14,Single
7272017EGC3,OTU149,GS,99.4,BOLD:AAH4942,Animalia,Arthropoda,Insecta,Lepidoptera,Gelechiidae,Dichomeris,NA,249,7/27/2017,Egner,C,7/19/2017,14,Single
7272017EGC3,OTU175,GS,99.4,BOLD:AAC7367,Animalia,Arthropoda,Insecta,Lepidoptera,Tineidae,Isocorypha,Isocorypha mediostriatella,119,7/27/2017,Egner,C,7/19/2017,14,Single
7272017EGC3,OTU198,GS,99.4,BOLD:ABZ1242,Animalia,Arthropoda,Insecta,Diptera,Chironomidae,NA,NA,85,7/27/2017,Egner,C,7/19/2017,14,Single
7272017EGC3,OTU238,GS,100,BOLD:AAC2281,Animalia,Arthropoda,Insecta,Diptera,Culicidae,Anopheles,Anopheles quadrimaculatus,248,7/27/2017,Egner,C,7/19/2017,14,Single
7272017EGC3,OTU258,GS,100,BOLD:ACA7555,Animalia,Arthropoda,Insecta,Diptera,Chironomidae,NA,NA,6,7/27/2017,Egner,C,7/19/2017,14,Single
7272017EGC3,OTU263,GS,98.9,BOLD:AAC4322,Animalia,Arthropoda,Insecta,Lepidoptera,Tortricidae,Platynota,Platynota flavedana,185,7/27/2017,Egner,C,7/19/2017,14,Single
7272017EGC3,OTU279,US,0.9881,BOLD:AAL9881,Animalia,Arthropoda,Arachnida,Araneae,NA,NA,NA,109,7/27/2017,Egner,C,7/19/2017,14,Single
7272017EGC3,OTU309,GS,100,BOLD:AAH5582,Animalia,Arthropoda,Insecta,Lepidoptera,Gelechiidae,Battaristis,NA,6,7/27/2017,Egner,C,7/19/2017,14,Single
7272017EGC3,OTU314,GS,98.9,BOLD:AAB0603,Animalia,Arthropoda,Insecta,Lepidoptera,Gelechiidae,Pseudotelphusa,Pseudotelphusa quercinigracella,93,7/27/2017,Egner,C,7/19/2017,14,Single
7272017EGC3,OTU364,GS,100,BOLD:AAF8338,Animalia,Arthropoda,Insecta,Diptera,Tipulidae,Tipula,Tipula furca,53,7/27/2017,Egner,C,7/19/2017,14,Single
7272017EGC3,OTU382,US,0.9803,BOLD:ACU8254,Animalia,Arthropoda,Insecta,Diptera,NA,NA,NA,8,7/27/2017,Egner,C,7/19/2017,14,Single
7272017EGC3,OTU418,US,0,None,Animalia,Arthropoda,Insecta,Lepidoptera,NA,NA,NA,17,7/27/2017,Egner,C,7/19/2017,14,Single
7272017EGC3,OTU486,GS,100,BOLD:ACL3824,Animalia,Arthropoda,Insecta,Diptera,Chironomidae,NA,NA,10,7/27/2017,Egner,C,7/19/2017,14,Single
7272017EGC3,OTU609,GS,100,BOLD:AAG1032,Animalia,Arthropoda,Insecta,Lepidoptera,NA,NA,NA,11,7/27/2017,Egner,C,7/19/2017,14,Single
7272017EGC3,OTU680,GS,97.2,BOLD:AAF9008,Animalia,Arthropoda,Insecta,Diptera,Limoniidae,Helius,Helius flavipes,23,7/27/2017,Egner,C,7/19/2017,14,Single
7272017EGC3,OTU731,US,0.9803,BOLD:ACL2176,Animalia,Arthropoda,Arachnida,Trombidiformes,NA,NA,NA,13,7/27/2017,Egner,C,7/19/2017,14,Single
7272017EGC3,OTU782,US,0.2833,BOLD:ACW7520,Animalia,Arthropoda,Insecta,Diptera,NA,NA,NA,1,7/27/2017,Egner,C,7/19/2017,14,Single
7272017EGC3,OTU1029,GS,100,BOLD:ACE4783,Animalia,Arthropoda,Insecta,Lepidoptera,Noctuidae,Spodoptera,Spodoptera frugiperda,3,7/27/2017,Egner,C,7/19/2017,14,Single
7272017EGC3,OTU1051,US,0.2887,BOLD:ACJ2256,Animalia,Arthropoda,Insecta,Trichoptera,NA,NA,NA,2,7/27/2017,Egner,C,7/19/2017,14,Single
7272017EGC3,OTU1058,SS,0.31,BOLD:AAB6284,Animalia,Arthropoda,Insecta,Lepidoptera,NA,NA,NA,5,7/27/2017,Egner,C,7/19/2017,14,Single
7272017EGC3,OTU1072,SS,0.54,BOLD:ABV9238,Animalia,Arthropoda,Insecta,Diptera,NA,NA,NA,50,7/27/2017,Egner,C,7/19/2017,14,Single
7272017EGC3,OTU1082,US,1,None,Animalia,Arthropoda,Insecta,Diptera,NA,NA,NA,6,7/27/2017,Egner,C,7/19/2017,14,Single
7272017EGC3,OTU1097,GS,97.2,BOLD:AAN5451,Animalia,Arthropoda,Arachnida,Araneae,Araneidae,Eustala,NA,49,7/27/2017,Egner,C,7/19/2017,14,Single
7272017EGC3,OTU1108,GS,97.2,BOLD:AAB0603,Animalia,Arthropoda,Insecta,Lepidoptera,Gelechiidae,Pseudotelphusa,Pseudotelphusa quercinigracella,9,7/27/2017,Egner,C,7/19/2017,14,Single
7272017EGC3,OTU1122,US,1,None,Animalia,Arthropoda,Arachnida,Mesostigmata,NA,NA,NA,40,7/27/2017,Egner,C,7/19/2017,14,Single
7272017EGC3,OTU1176,US,0.9249,BOLD:AAF4632,Animalia,Arthropoda,Insecta,Diptera,NA,NA,NA,2,7/27/2017,Egner,C,7/19/2017,14,Single
7272017EGC3,OTU1210,GS,97.2,BOLD:AAF4632,Animalia,Arthropoda,Insecta,Diptera,Limoniidae,Epiphragma,Epiphragma solatrix,19,7/27/2017,Egner,C,7/19/2017,14,Single
7272017EGC3,OTU1223,GS,97.8,BOLD:ABV9238,Animalia,Arthropoda,Insecta,Diptera,Limoniidae,Gonomyia,NA,22,7/27/2017,Egner,C,7/19/2017,14,Single
7272017EGC3,OTU1242,GS,98.9,BOLD:AAW9539,Animalia,Arthropoda,Insecta,Diptera,Culicidae,Orthopodomyia,Orthopodomyia signifera,9,7/27/2017,Egner,C,7/19/2017,14,Single
7272017EGC3,OTU1265,SS,0.83,BOLD:AAF4632,Animalia,Arthropoda,Insecta,Diptera,Limoniidae,Epiphragma,Epiphragma solatrix,9,7/27/2017,Egner,C,7/19/2017,14,Single
7272017EGC3,OTU1267,GS,97.2,BOLD:AAP2550,Animalia,Arthropoda,Insecta,Neuroptera,Sisyridae,Sisyra,NA,8,7/27/2017,Egner,C,7/19/2017,14,Single
7272017EGC3,OTU1268,GS,97.8,BOLD:AAM6211,Animalia,Arthropoda,Insecta,Diptera,Chironomidae,Glyptotendipes,NA,607,7/27/2017,Egner,C,7/19/2017,14,Single
7272017EGC3,OTU1279,GS,99.4,BOLD:ABU5822,Animalia,Arthropoda,Insecta,Diptera,NA,NA,NA,85,7/27/2017,Egner,C,7/19/2017,14,Single
7272017EGC3,OTU1317,SS,0.01,BOLD:AAN5451,Animalia,Arthropoda,Arachnida,Araneae,Araneidae,Eustala,NA,6,7/27/2017,Egner,C,7/19/2017,14,Single
7272017EGC3,OTU1326,US,0,BOLD:AAB2754,Animalia,Arthropoda,Insecta,Lepidoptera,NA,NA,NA,50,7/27/2017,Egner,C,7/19/2017,14,Single
7272017EGC3,OTU1351,SS,0.94,BOLD:AAB7030,Animalia,Arthropoda,Insecta,Diptera,Chironomidae,Chironomus,Chironomus decorus,16,7/27/2017,Egner,C,7/19/2017,14,Single
7272017EGC3,OTU1401,SS,0.78,BOLD:AAF9008,Animalia,Arthropoda,Insecta,Diptera,NA,NA,NA,6,7/27/2017,Egner,C,7/19/2017,14,Single
7272017EGC3,OTU1403,SS,0.36,BOLD:ACV0130,Animalia,Arthropoda,Insecta,Diptera,NA,NA,NA,2,7/27/2017,Egner,C,7/19/2017,14,Single
7272017EGC3,OTU1472,GS,98.9,BOLD:AAA2868,Animalia,Arthropoda,Insecta,Lepidoptera,Erebidae,Chytolita,Chytolita morbidalis,2,7/27/2017,Egner,C,7/19/2017,14,Single
7272017EGC3,OTU1482,SS,0.87,BOLD:AAF9008,Animalia,Arthropoda,Insecta,Diptera,Limoniidae,Helius,Helius flavipes,22,7/27/2017,Egner,C,7/19/2017,14,Single
7272017EGC3,OTU1502,GS,100,BOLD:AAA7880,Animalia,Arthropoda,Insecta,Lepidoptera,Crambidae,Nomophila,Nomophila noctuella,2,7/27/2017,Egner,C,7/19/2017,14,Single
7272017EGC3,OTU1510,US,0,None,Animalia,Arthropoda,Insecta,Hymenoptera,NA,NA,NA,21,7/27/2017,Egner,C,7/19/2017,14,Single
7272017EGC3,OTU1514,SS,0.75,BOLD:ABX5321,Animalia,Arthropoda,Insecta,Diptera,NA,NA,NA,51,7/27/2017,Egner,C,7/19/2017,14,Single
7272017EGC3,OTU1522,SS,0.57,BOLD:AAF9008,Animalia,Arthropoda,Insecta,Diptera,NA,NA,NA,5,7/27/2017,Egner,C,7/19/2017,14,Single
7272017EGC3,OTU1542,US,0,BOLD:ACW4900,Animalia,Arthropoda,Insecta,Ephemeroptera,NA,NA,NA,9,7/27/2017,Egner,C,7/19/2017,14,Single
7272017EGC3,OTU1544,GS,99.4,BOLD:ABX3676,Animalia,Arthropoda,Insecta,Diptera,Ceratopogonidae,NA,NA,18,7/27/2017,Egner,C,7/19/2017,14,Single
7272017EGC3,OTU1554,SS,0.92,BOLD:AAP2734,Animalia,Arthropoda,Insecta,Diptera,Limoniidae,Erioptera,Erioptera parva,5,7/27/2017,Egner,C,7/19/2017,14,Single
7272017EGC3,OTU1558,GS,97.3,BOLD:AAN4851,Animalia,Arthropoda,Insecta,Lepidoptera,NA,NA,NA,11,7/27/2017,Egner,C,7/19/2017,14,Single
7272017EGC3,OTU1664,SS,0.26,BOLD:AAF9008,Animalia,Arthropoda,Insecta,Diptera,NA,NA,NA,2,7/27/2017,Egner,C,7/19/2017,14,Single
7272017EGC3,OTU1683,SS,0.84,BOLD:AAF4632,Animalia,Arthropoda,Insecta,Diptera,Limoniidae,Epiphragma,Epiphragma solatrix,10,7/27/2017,Egner,C,7/19/2017,14,Single
7272017EGC3,OTU1740,SS,0.75,BOLD:ABV1771,Animalia,Arthropoda,Insecta,Diptera,NA,NA,NA,3,7/27/2017,Egner,C,7/19/2017,14,Single
7272017EGC3,OTU1756,SS,0.97,BOLD:AAG3848,Animalia,Arthropoda,Insecta,Diptera,Culicidae,Culex,Culex erraticus,3,7/27/2017,Egner,C,7/19/2017,14,Single
7272017EGC3,OTU1786,US,0,None,Animalia,Arthropoda,Insecta,Hymenoptera,NA,NA,NA,2,7/27/2017,Egner,C,7/19/2017,14,Single
7272017EGC3,OTU1834,SS,0.74,BOLD:AAF4632,Animalia,Arthropoda,Insecta,Diptera,NA,NA,NA,6,7/27/2017,Egner,C,7/19/2017,14,Single
7272017EGC3,OTU1871,SS,0.85,BOLD:AAG3848,Animalia,Arthropoda,Insecta,Diptera,Culicidae,Culex,Culex erraticus,7,7/27/2017,Egner,C,7/19/2017,14,Single
7272017EGC3,OTU1878,SS,0.78,BOLD:ABW4215,Animalia,Arthropoda,Insecta,Diptera,NA,NA,NA,3,7/27/2017,Egner,C,7/19/2017,14,Single
7272017EGC4,OTU12,GS,100,BOLD:AAE5173,Animalia,Arthropoda,Insecta,Diptera,Psychodidae,PschodididGC,NA,25568,7/27/2017,Egner,C,7/19/2017,14,Single
7272017EGC4,OTU88,GS,100,BOLD:AAE0434,Animalia,Arthropoda,Insecta,Diptera,Culicidae,Uranotaenia,Uranotaenia sapphirina,16,7/27/2017,Egner,C,7/19/2017,14,Single
7272017EGC4,OTU244,GS,100,BOLD:AAB1096,Animalia,Arthropoda,Insecta,Lepidoptera,Blastobasidae,Blastobasis,Blastobasis glandulella,32,7/27/2017,Egner,C,7/19/2017,14,Single
7272017EGC4,OTU257,GS,100,BOLD:AAA5803,Animalia,Arthropoda,Insecta,Hemiptera,Miridae,Lygus,Lygus lineolaris,11,7/27/2017,Egner,C,7/19/2017,14,Single
7272017EGC4,OTU271,GS,98.9,BOLD:ABX3627,Animalia,Arthropoda,Insecta,Diptera,Limoniidae,NA,NA,13,7/27/2017,Egner,C,7/19/2017,14,Single
7272017EGC4,OTU601,US,0.2833,BOLD:ACL1506,Animalia,Arthropoda,Insecta,Hemiptera,NA,NA,NA,4,7/27/2017,Egner,C,7/19/2017,14,Single
7272017EGC4,OTU658,US,0,BOLD:AAN5415,Animalia,Arthropoda,Insecta,Diptera,NA,NA,NA,4,7/27/2017,Egner,C,7/19/2017,14,Single
7272017EGC4,OTU697,GS,100,BOLD:AAM7623,Animalia,Arthropoda,Insecta,Coleoptera,Phalacridae,Acylomus,NA,2,7/27/2017,Egner,C,7/19/2017,14,Single
7272017EGC4,OTU723,GS,100,BOLD:AAG5453,Animalia,Arthropoda,Insecta,Diptera,Chironomidae,Chironomus,Chironomus bifurcatus,2,7/27/2017,Egner,C,7/19/2017,14,Single
7272017EGC4,OTU845,GS,100,BOLD:ACA8954,Animalia,Arthropoda,Insecta,Hemiptera,Derbidae,Omolicna,Omolicna uhleri,2,7/27/2017,Egner,C,7/19/2017,14,Single
7272017EGC4,OTU1065,GS,100,BOLD:AAL7359,Animalia,Arthropoda,Insecta,Diptera,Chironomidae,Tanytarsus,NA,4,7/27/2017,Egner,C,7/19/2017,14,Single
7272017EGC4,OTU1067,GS,99.4,BOLD:AAD1612,Animalia,Arthropoda,Insecta,Lepidoptera,Tortricidae,Rhyacionia,Rhyacionia frustrana,61,7/27/2017,Egner,C,7/19/2017,14,Single
7272017EGC4,OTU1210,GS,97.2,BOLD:AAF4632,Animalia,Arthropoda,Insecta,Diptera,Limoniidae,Epiphragma,Epiphragma solatrix,63,7/27/2017,Egner,C,7/19/2017,14,Single
7272017EGC4,OTU1235,GS,100,BOLD:ACY0328,Animalia,Arthropoda,Insecta,Diptera,Chironomidae,Cryptochironomus,NA,5,7/27/2017,Egner,C,7/19/2017,14,Single
7272017EGC4,OTU1319,GS,98.3,BOLD:AAP3037,Animalia,Arthropoda,Insecta,Diptera,NA,NA,NA,1,7/27/2017,Egner,C,7/19/2017,14,Single
7272017EGC4,OTU1351,SS,0.94,BOLD:AAB7030,Animalia,Arthropoda,Insecta,Diptera,Chironomidae,Chironomus,Chironomus decorus,10,7/27/2017,Egner,C,7/19/2017,14,Single
7272017EGC4,OTU1366,GS,97.8,BOLD:AAG1128,Animalia,Arthropoda,Insecta,Lepidoptera,Gracillariidae,Phyllonorycter,Phyllonorycter trinotella,6,7/27/2017,Egner,C,7/19/2017,14,Single
7272017EGC4,OTU1615,SS,0.57,BOLD:ACQ5757,Animalia,Arthropoda,Insecta,Diptera,NA,NA,NA,3,7/27/2017,Egner,C,7/19/2017,14,Single
7272017EGC4,OTU1819,US,0.9844,BOLD:AAE5173,Animalia,Arthropoda,Insecta,Diptera,NA,NA,NA,6,7/27/2017,Egner,C,7/19/2017,14,Single
7272017EGC5,OTU5,GS,99.4,BOLD:AAN5451,Animalia,Arthropoda,Arachnida,Araneae,Araneidae,Eustala,NA,335,7/27/2017,Egner,C,7/19/2017,14,Single
7272017EGC5,OTU7,GS,100,BOLD:AAF4632,Animalia,Arthropoda,Insecta,Diptera,Limoniidae,Epiphragma,Epiphragma solatrix,427,7/27/2017,Egner,C,7/19/2017,14,Single
7272017EGC5,OTU11,GS,99.4,BOLD:AAG3848,Animalia,Arthropoda,Insecta,Diptera,Culicidae,Culex,Culex erraticus,2860,7/27/2017,Egner,C,7/19/2017,14,Single
7272017EGC5,OTU12,GS,100,BOLD:AAE5173,Animalia,Arthropoda,Insecta,Diptera,Psychodidae,PschodididGC,NA,77328,7/27/2017,Egner,C,7/19/2017,14,Single
7272017EGC5,OTU13,GS,100,BOLD:ABV1771,Animalia,Arthropoda,Insecta,Diptera,Limoniidae,NA,NA,219,7/27/2017,Egner,C,7/19/2017,14,Single
7272017EGC5,OTU34,GS,100,BOLD:AAM6211,Animalia,Arthropoda,Insecta,Diptera,Chironomidae,Glyptotendipes,NA,890,7/27/2017,Egner,C,7/19/2017,14,Single
7272017EGC5,OTU35,GS,100,BOLD:ABW4215,Animalia,Arthropoda,Insecta,Diptera,Chironomidae,Glyptotendipes,Glyptotendipes meridionalis,174,7/27/2017,Egner,C,7/19/2017,14,Single
7272017EGC5,OTU87,US,0,BOLD:ABY2339,Animalia,Arthropoda,Insecta,Diptera,NA,NA,NA,33,7/27/2017,Egner,C,7/19/2017,14,Single
7272017EGC5,OTU97,GS,100,BOLD:AAB7935,Animalia,Arthropoda,Arachnida,Araneae,Araneidae,Eustala,Eustala cepina,38,7/27/2017,Egner,C,7/19/2017,14,Single
7272017EGC5,OTU105,GS,100,BOLD:AAB7936,Animalia,Arthropoda,Insecta,Lepidoptera,Oecophoridae,Inga,Inga sparsiciliella,102,7/27/2017,Egner,C,7/19/2017,14,Single
7272017EGC5,OTU124,SS,0.3,BOLD:ABZ5204,Animalia,Arthropoda,Insecta,Hemiptera,Miridae,NA,NA,62,7/27/2017,Egner,C,7/19/2017,14,Single
7272017EGC5,OTU146,GS,99.4,BOLD:ABV9238,Animalia,Arthropoda,Insecta,Diptera,Limoniidae,Gonomyia,NA,272,7/27/2017,Egner,C,7/19/2017,14,Single
7272017EGC5,OTU148,GS,100,BOLD:AAK7352,Animalia,Arthropoda,Arachnida,Araneae,Araneidae,Metepeira,Metepeira labyrinthea,19,7/27/2017,Egner,C,7/19/2017,14,Single
7272017EGC5,OTU175,GS,99.4,BOLD:AAC7367,Animalia,Arthropoda,Insecta,Lepidoptera,Tineidae,Isocorypha,Isocorypha mediostriatella,19,7/27/2017,Egner,C,7/19/2017,14,Single
7272017EGC5,OTU190,GS,100,BOLD:ABY7666,Animalia,Arthropoda,Insecta,Diptera,Culicidae,Culex,Culex territans,33,7/27/2017,Egner,C,7/19/2017,14,Single
7272017EGC5,OTU203,GS,100,BOLD:AAB0603,Animalia,Arthropoda,Insecta,Lepidoptera,Gelechiidae,Pseudotelphusa,Pseudotelphusa quercinigracella,28,7/27/2017,Egner,C,7/19/2017,14,Single
7272017EGC5,OTU212,US,1,BOLD:ACE7661,Animalia,Arthropoda,Arachnida,Araneae,NA,NA,NA,21,7/27/2017,Egner,C,7/19/2017,14,Single
7272017EGC5,OTU214,GS,99.4,BOLD:AAW6795,Animalia,Arthropoda,Insecta,Diptera,NA,NA,NA,67,7/27/2017,Egner,C,7/19/2017,14,Single
7272017EGC5,OTU258,GS,100,BOLD:ACA7555,Animalia,Arthropoda,Insecta,Diptera,Chironomidae,NA,NA,10,7/27/2017,Egner,C,7/19/2017,14,Single
7272017EGC5,OTU293,GS,100,BOLD:AAU4100,Animalia,Arthropoda,Insecta,Lepidoptera,Gracillariidae,Cameraria,Cameraria hamadryadella,23,7/27/2017,Egner,C,7/19/2017,14,Single
7272017EGC5,OTU371,GS,100,BOLD:ABX9756,Animalia,Arthropoda,Insecta,Diptera,NA,NA,NA,8,7/27/2017,Egner,C,7/19/2017,14,Single
7272017EGC5,OTU389,US,0.986,BOLD:ACB3375,Animalia,Arthropoda,Insecta,Hemiptera,NA,NA,NA,4,7/27/2017,Egner,C,7/19/2017,14,Single
7272017EGC5,OTU397,GS,100,BOLD:ACA9043,Animalia,Arthropoda,Insecta,Coleoptera,NA,NA,NA,5,7/27/2017,Egner,C,7/19/2017,14,Single
7272017EGC5,OTU409,US,0.9916,BOLD:ACS0084,Animalia,Arthropoda,Insecta,Hemiptera,NA,NA,NA,5,7/27/2017,Egner,C,7/19/2017,14,Single
7272017EGC5,OTU434,GS,100,BOLD:AAU7127,Animalia,Arthropoda,Insecta,Coleoptera,Carabidae,Bembidion,Bembidion affine,31,7/27/2017,Egner,C,7/19/2017,14,Single
7272017EGC5,OTU446,GS,100,BOLD:AAD1537,Animalia,Arthropoda,Insecta,Lepidoptera,Tortricidae,Gretchena,Gretchena bolliana,21,7/27/2017,Egner,C,7/19/2017,14,Single
7272017EGC5,OTU463,SS,0.21,BOLD:AAF2681,Animalia,Arthropoda,Insecta,Lepidoptera,NA,NA,NA,15,7/27/2017,Egner,C,7/19/2017,14,Single
7272017EGC5,OTU486,GS,100,BOLD:ACL3824,Animalia,Arthropoda,Insecta,Diptera,Chironomidae,NA,NA,4,7/27/2017,Egner,C,7/19/2017,14,Single
7272017EGC5,OTU503,GS,99.4,BOLD:AAG6486,Animalia,Arthropoda,Insecta,Diptera,Ceratopogonidae,Bezzia,Bezzia nobilis,7,7/27/2017,Egner,C,7/19/2017,14,Single
7272017EGC5,OTU559,GS,100,BOLD:AAG5254,Animalia,Arthropoda,Insecta,Lepidoptera,Dryadaulidae,Dryadaula,NA,2,7/27/2017,Egner,C,7/19/2017,14,Single
7272017EGC5,OTU577,GS,100,BOLD:AAF4509,Animalia,Arthropoda,Insecta,Lepidoptera,Momphidae,Mompha,Mompha cephalonthiella,2,7/27/2017,Egner,C,7/19/2017,14,Single
7272017EGC5,OTU589,US,0.0017,BOLD:AAF9085,Animalia,Arthropoda,Insecta,Diptera,NA,NA,NA,21,7/27/2017,Egner,C,7/19/2017,14,Single
7272017EGC5,OTU641,GS,100,BOLD:AAB4894,Animalia,Arthropoda,Insecta,Hemiptera,Aphididae,Sitobion,Sitobion avenae,1,7/27/2017,Egner,C,7/19/2017,14,Single
7272017EGC5,OTU875,GS,100,BOLD:AAP2599,Animalia,Arthropoda,Insecta,Lepidoptera,NA,NA,NA,12,7/27/2017,Egner,C,7/19/2017,14,Single
7272017EGC5,OTU918,GS,100,BOLD:AAF9310,Animalia,Arthropoda,Insecta,Diptera,Psychodidae,NA,NA,10,7/27/2017,Egner,C,7/19/2017,14,Single
7272017EGC5,OTU930,US,0.2887,BOLD:ACQ4419,Animalia,Arthropoda,Malacostraca,Stomatopoda,NA,NA,NA,6,7/27/2017,Egner,C,7/19/2017,14,Single
7272017EGC5,OTU982,GS,98.3,BOLD:AAP9050,Animalia,Arthropoda,Insecta,Diptera,Ceratopogonidae,NA,NA,15,7/27/2017,Egner,C,7/19/2017,14,Single
7272017EGC5,OTU1031,GS,100,BOLD:AAY2624,Animalia,Arthropoda,Insecta,Hemiptera,Aphididae,Grylloprociphilus,Grylloprociphilus imbricator,6,7/27/2017,Egner,C,7/19/2017,14,Single
7272017EGC5,OTU1072,SS,0.54,BOLD:ABV9238,Animalia,Arthropoda,Insecta,Diptera,NA,NA,NA,20,7/27/2017,Egner,C,7/19/2017,14,Single
7272017EGC5,OTU1210,GS,97.2,BOLD:AAF4632,Animalia,Arthropoda,Insecta,Diptera,Limoniidae,Epiphragma,Epiphragma solatrix,99,7/27/2017,Egner,C,7/19/2017,14,Single
7272017EGC5,OTU1268,GS,97.8,BOLD:AAM6211,Animalia,Arthropoda,Insecta,Diptera,Chironomidae,Glyptotendipes,NA,30,7/27/2017,Egner,C,7/19/2017,14,Single
7272017EGC5,OTU1274,GS,98.9,BOLD:AAG6465,Animalia,Arthropoda,Insecta,Diptera,Ceratopogonidae,NA,NA,3,7/27/2017,Egner,C,7/19/2017,14,Single
7272017EGC5,OTU1292,GS,97.8,BOLD:AAN5882,Animalia,Arthropoda,Insecta,Diptera,Limoniidae,Erioptera,Erioptera caliptera,8,7/27/2017,Egner,C,7/19/2017,14,Single
7272017EGC5,OTU1482,SS,0.87,BOLD:AAF9008,Animalia,Arthropoda,Insecta,Diptera,Limoniidae,Helius,Helius flavipes,23,7/27/2017,Egner,C,7/19/2017,14,Single
7272017EGC5,OTU1546,GS,100,BOLD:AAD9108,Animalia,Arthropoda,Insecta,Lepidoptera,Epipyropidae,Fulgoraecia,Fulgoraecia exigua,25,7/27/2017,Egner,C,7/19/2017,14,Single
7272017EGC5,OTU1741,GS,98.3,BOLD:AAP9050,Animalia,Arthropoda,Insecta,Diptera,Ceratopogonidae,NA,NA,8,7/27/2017,Egner,C,7/19/2017,14,Single
7272017EGC5,OTU1819,US,0.9844,BOLD:AAE5173,Animalia,Arthropoda,Insecta,Diptera,NA,NA,NA,4,7/27/2017,Egner,C,7/19/2017,14,Single
7272017EGC5,OTU1859,US,0,BOLD:ACU5036,Animalia,Arthropoda,Insecta,Diptera,NA,NA,NA,2,7/27/2017,Egner,C,7/19/2017,14,Single
7272017EGC5,OTU1871,SS,0.85,BOLD:AAG3848,Animalia,Arthropoda,Insecta,Diptera,Culicidae,Culex,Culex erraticus,17,7/27/2017,Egner,C,7/19/2017,14,Single
7272017EGC5,OTU1920,GS,98.9,BOLD:ABZ1624,Animalia,Arthropoda,Insecta,Lepidoptera,Depressariidae,Machimia,Machimia tentoriferella,155,7/27/2017,Egner,C,7/19/2017,14,Single
7272017EGC6,OTU76,US,1,BOLD:ACY1454,Animalia,Arthropoda,Insecta,Hemiptera,NA,NA,NA,108,7/27/2017,Egner,C,7/19/2017,14,Single
7272017EGC6,OTU93,GS,99.4,BOLD:AAM4329,Animalia,Arthropoda,Insecta,Hemiptera,Cimicidae,Cimex,Cimex adjunctus,6073,7/27/2017,Egner,C,7/19/2017,14,Single
7272017EGC6,OTU95,GS,98.9,BOLD:AAN5340,Animalia,Arthropoda,Insecta,Diptera,Chironomidae,NA,NA,14952,7/27/2017,Egner,C,7/19/2017,14,Single
7272017EGC6,OTU98,US,0,BOLD:ABV3248,Animalia,Arthropoda,Insecta,Diptera,NA,NA,NA,8747,7/27/2017,Egner,C,7/19/2017,14,Single
7272017EGC6,OTU99,US,1,BOLD:ACF7919,Animalia,Arthropoda,Collembola,Poduromorpha,NA,NA,NA,193,7/27/2017,Egner,C,7/19/2017,14,Single
7272017EGC6,OTU129,GS,100,BOLD:AAG2647,Animalia,Arthropoda,Insecta,Diptera,Chaoboridae,Chaoborus,Chaoborus punctipennis,6794,7/27/2017,Egner,C,7/19/2017,14,Single
7272017EGC6,OTU165,US,0.9936,BOLD:ACF8271,Animalia,Arthropoda,Insecta,Diptera,NA,NA,NA,1770,7/27/2017,Egner,C,7/19/2017,14,Single
7272017EGC6,OTU374,US,0,BOLD:ACT8457,Animalia,Arthropoda,Insecta,Hymenoptera,NA,NA,NA,121,7/27/2017,Egner,C,7/19/2017,14,Single
7272017EGC6,OTU394,GS,100,BOLD:AAC3054,Animalia,Arthropoda,Insecta,Coleoptera,Carabidae,Harpalus,Harpalus pensylvanicus,96,7/27/2017,Egner,C,7/19/2017,14,Single
7272017EGC6,OTU416,GS,99.4,BOLD:AAP4625,Animalia,Arthropoda,Insecta,Psocodea,Lepidopsocidae,Echmepteryx,Echmepteryx hageni,42,7/27/2017,Egner,C,7/19/2017,14,Single
7272017EGC6,OTU451,US,1,None,Animalia,Arthropoda,Insecta,Hymenoptera,NA,NA,NA,61,7/27/2017,Egner,C,7/19/2017,14,Single
7272017EGC6,OTU703,US,1,BOLD:ABY0338,Animalia,Arthropoda,Insecta,Hymenoptera,NA,NA,NA,237,7/27/2017,Egner,C,7/19/2017,14,Single
7272017EGC6,OTU810,US,0.9925,BOLD:AAH2082,Animalia,Arthropoda,Insecta,Diptera,NA,NA,NA,236,7/27/2017,Egner,C,7/19/2017,14,Single
7272017EGC6,OTU1138,US,0,BOLD:ACF8271,Animalia,Arthropoda,Insecta,Hymenoptera,NA,NA,NA,7,7/27/2017,Egner,C,7/19/2017,14,Single
7272017EGC6,OTU1899,US,1,BOLD:ACG0221,Animalia,Arthropoda,Insecta,Diptera,NA,NA,NA,10,7/27/2017,Egner,C,7/19/2017,14,Single
7272017EGC7,OTU2,GS,100,BOLD:AAH3225,Animalia,Arthropoda,Insecta,Psocodea,Psocidae,Metylophorus,Metylophorus novaescotiae,40928,7/27/2017,Egner,C,7/19/2017,14,Single
7272017EGC7,OTU11,GS,99.4,BOLD:AAG3848,Animalia,Arthropoda,Insecta,Diptera,Culicidae,Culex,Culex erraticus,4137,7/27/2017,Egner,C,7/19/2017,14,Single
7272017EGC7,OTU14,GS,99.4,BOLD:AAO3940,Animalia,Arthropoda,Insecta,Diptera,Limoniidae,Rhipidia,NA,1033,7/27/2017,Egner,C,7/19/2017,14,Single
7272017EGC7,OTU16,GS,100,BOLD:AAA7067,Animalia,Arthropoda,Insecta,Diptera,Culicidae,Aedes,Aedes vexans,1734,7/27/2017,Egner,C,7/19/2017,14,Single
7272017EGC7,OTU28,GS,100,BOLD:AAM6784,Animalia,Arthropoda,Insecta,Diptera,Dolichopodidae,NA,NA,1098,7/27/2017,Egner,C,7/19/2017,14,Single
7272017EGC7,OTU34,GS,100,BOLD:AAM6211,Animalia,Arthropoda,Insecta,Diptera,Chironomidae,Glyptotendipes,NA,341,7/27/2017,Egner,C,7/19/2017,14,Single
7272017EGC7,OTU35,GS,100,BOLD:ABW4215,Animalia,Arthropoda,Insecta,Diptera,Chironomidae,Glyptotendipes,Glyptotendipes meridionalis,6471,7/27/2017,Egner,C,7/19/2017,14,Single
7272017EGC7,OTU68,GS,100,BOLD:AAB7030,Animalia,Arthropoda,Insecta,Diptera,Chironomidae,Chironomus,Chironomus decorus,619,7/27/2017,Egner,C,7/19/2017,14,Single
7272017EGC7,OTU89,GS,98.3,BOLD:ABW2415,Animalia,Arthropoda,Insecta,Diptera,Tipulidae,Nephrotoma,Nephrotoma okefenoke,793,7/27/2017,Egner,C,7/19/2017,14,Single
7272017EGC7,OTU99,US,1,BOLD:ACF7919,Animalia,Arthropoda,Collembola,Poduromorpha,NA,NA,NA,448,7/27/2017,Egner,C,7/19/2017,14,Single
7272017EGC7,OTU110,GS,99.4,BOLD:AAJ0542,Animalia,Arthropoda,Arachnida,Araneae,Theridiidae,Euryopis,Euryopis funebris,278,7/27/2017,Egner,C,7/19/2017,14,Single
7272017EGC7,OTU118,US,1,None,Animalia,Arthropoda,Arachnida,Mesostigmata,NA,NA,NA,1283,7/27/2017,Egner,C,7/19/2017,14,Single
7272017EGC7,OTU132,US,1,None,Animalia,Arthropoda,Hexanauplia,Harpacticoida,NA,NA,NA,822,7/27/2017,Egner,C,7/19/2017,14,Single
7272017EGC7,OTU146,GS,99.4,BOLD:ABV9238,Animalia,Arthropoda,Insecta,Diptera,Limoniidae,Gonomyia,NA,51,7/27/2017,Egner,C,7/19/2017,14,Single
7272017EGC7,OTU168,GS,100,BOLD:AAC3609,Animalia,Arthropoda,Insecta,Lepidoptera,Euteliidae,Paectes,Paectes abrostoloides,349,7/27/2017,Egner,C,7/19/2017,14,Single
7272017EGC7,OTU185,GS,100,BOLD:AAA7667,Animalia,Arthropoda,Insecta,Lepidoptera,Tortricidae,Acleris,Acleris chalybeana,2141,7/27/2017,Egner,C,7/19/2017,14,Single
7272017EGC7,OTU190,GS,100,BOLD:ABY7666,Animalia,Arthropoda,Insecta,Diptera,Culicidae,Culex,Culex territans,642,7/27/2017,Egner,C,7/19/2017,14,Single
7272017EGC7,OTU259,US,0.9963,BOLD:AAL6280,Animalia,Arthropoda,Arachnida,Araneae,NA,NA,NA,7,7/27/2017,Egner,C,7/19/2017,14,Single
7272017EGC7,OTU269,GS,97.2,BOLD:AAP9050,Animalia,Arthropoda,Insecta,Diptera,Ceratopogonidae,NA,NA,232,7/27/2017,Egner,C,7/19/2017,14,Single
7272017EGC7,OTU279,US,0.9881,BOLD:AAL9881,Animalia,Arthropoda,Arachnida,Araneae,NA,NA,NA,31,7/27/2017,Egner,C,7/19/2017,14,Single
7272017EGC7,OTU316,GS,100,BOLD:AAJ4096,Animalia,Arthropoda,Insecta,Neuroptera,Sisyridae,Climacia,Climacia areolaris,226,7/27/2017,Egner,C,7/19/2017,14,Single
7272017EGC7,OTU354,SS,0.48,BOLD:AAM6278,Animalia,Arthropoda,Insecta,Diptera,NA,NA,NA,7,7/27/2017,Egner,C,7/19/2017,14,Single
7272017EGC7,OTU364,GS,100,BOLD:AAF8338,Animalia,Arthropoda,Insecta,Diptera,Tipulidae,Tipula,Tipula furca,21,7/27/2017,Egner,C,7/19/2017,14,Single
7272017EGC7,OTU392,US,1,None,Animalia,Arthropoda,Insecta,Diptera,NA,NA,NA,16,7/27/2017,Egner,C,7/19/2017,14,Single
7272017EGC7,OTU397,GS,100,BOLD:ACA9043,Animalia,Arthropoda,Insecta,Coleoptera,NA,NA,NA,28,7/27/2017,Egner,C,7/19/2017,14,Single
7272017EGC7,OTU486,GS,100,BOLD:ACL3824,Animalia,Arthropoda,Insecta,Diptera,Chironomidae,NA,NA,220,7/27/2017,Egner,C,7/19/2017,14,Single
7272017EGC7,OTU489,GS,100,BOLD:ABX9225,Animalia,Arthropoda,Insecta,Diptera,Limoniidae,Rhipidia,NA,42,7/27/2017,Egner,C,7/19/2017,14,Single
7272017EGC7,OTU512,US,0,BOLD:AAD5415,Animalia,Arthropoda,Insecta,Diptera,NA,NA,NA,19,7/27/2017,Egner,C,7/19/2017,14,Single
7272017EGC7,OTU513,SS,0.71,BOLD:ABY8891,Animalia,Arthropoda,Insecta,Diptera,NA,NA,NA,26,7/27/2017,Egner,C,7/19/2017,14,Single
7272017EGC7,OTU536,GS,99.4,BOLD:AAG0118,Animalia,Arthropoda,Insecta,Lepidoptera,Lyonetiidae,NA,NA,317,7/27/2017,Egner,C,7/19/2017,14,Single
7272017EGC7,OTU626,US,0.9934,BOLD:ACT3549,Animalia,Arthropoda,Insecta,Hemiptera,NA,NA,NA,12,7/27/2017,Egner,C,7/19/2017,14,Single
7272017EGC7,OTU720,GS,99.4,BOLD:AAB5347,Animalia,Arthropoda,Insecta,Lepidoptera,Tortricidae,Paralobesia,Paralobesia liriodendrana,12,7/27/2017,Egner,C,7/19/2017,14,Single
7272017EGC7,OTU1042,US,1,BOLD:ACU0827,Animalia,Arthropoda,Insecta,Diptera,NA,NA,NA,18,7/27/2017,Egner,C,7/19/2017,14,Single
7272017EGC7,OTU1194,GS,100,BOLD:AAN8579,Animalia,Arthropoda,Insecta,Diptera,Muscidae,Atherigona,Atherigona reversura,97,7/27/2017,Egner,C,7/19/2017,14,Single
7272017EGC7,OTU1268,GS,97.8,BOLD:AAM6211,Animalia,Arthropoda,Insecta,Diptera,Chironomidae,Glyptotendipes,NA,44,7/27/2017,Egner,C,7/19/2017,14,Single
7272017EGC7,OTU1271,GS,100,BOLD:AAP3004,Animalia,Arthropoda,Insecta,Diptera,Chironomidae,Chironomus,Chironomus staegeri,26,7/27/2017,Egner,C,7/19/2017,14,Single
7272017EGC7,OTU1350,GS,97.2,BOLD:AAA7067,Animalia,Arthropoda,Insecta,Diptera,Culicidae,Aedes,Aedes vexans,9,7/27/2017,Egner,C,7/19/2017,14,Single
7272017EGC7,OTU1351,SS,0.94,BOLD:AAB7030,Animalia,Arthropoda,Insecta,Diptera,Chironomidae,Chironomus,Chironomus decorus,135,7/27/2017,Egner,C,7/19/2017,14,Single
7272017EGC7,OTU1434,GS,97.6,BOLD:AAA7067,Animalia,Arthropoda,Insecta,Diptera,Culicidae,Aedes,Aedes vexans,11,7/27/2017,Egner,C,7/19/2017,14,Single
7272017EGC7,OTU1502,GS,100,BOLD:AAA7880,Animalia,Arthropoda,Insecta,Lepidoptera,Crambidae,Nomophila,Nomophila noctuella,1,7/27/2017,Egner,C,7/19/2017,14,Single
7272017EGC7,OTU1756,SS,0.97,BOLD:AAG3848,Animalia,Arthropoda,Insecta,Diptera,Culicidae,Culex,Culex erraticus,1,7/27/2017,Egner,C,7/19/2017,14,Single
7272017EGC7,OTU1871,SS,0.85,BOLD:AAG3848,Animalia,Arthropoda,Insecta,Diptera,Culicidae,Culex,Culex erraticus,11,7/27/2017,Egner,C,7/19/2017,14,Single
7272017EGC7,OTU1878,SS,0.78,BOLD:ABW4215,Animalia,Arthropoda,Insecta,Diptera,NA,NA,NA,34,7/27/2017,Egner,C,7/19/2017,14,Single
7272017EGC8,OTU11,GS,99.4,BOLD:AAG3848,Animalia,Arthropoda,Insecta,Diptera,Culicidae,Culex,Culex erraticus,1678,7/27/2017,Egner,C,7/19/2017,14,Single
7272017EGC8,OTU23,GS,100,BOLD:AAF9008,Animalia,Arthropoda,Insecta,Diptera,Limoniidae,Helius,Helius flavipes,16350,7/27/2017,Egner,C,7/19/2017,14,Single
7272017EGC8,OTU34,GS,100,BOLD:AAM6211,Animalia,Arthropoda,Insecta,Diptera,Chironomidae,Glyptotendipes,NA,713,7/27/2017,Egner,C,7/19/2017,14,Single
7272017EGC8,OTU35,GS,100,BOLD:ABW4215,Animalia,Arthropoda,Insecta,Diptera,Chironomidae,Glyptotendipes,Glyptotendipes meridionalis,109,7/27/2017,Egner,C,7/19/2017,14,Single
7272017EGC8,OTU88,GS,100,BOLD:AAE0434,Animalia,Arthropoda,Insecta,Diptera,Culicidae,Uranotaenia,Uranotaenia sapphirina,134,7/27/2017,Egner,C,7/19/2017,14,Single
7272017EGC8,OTU89,GS,98.3,BOLD:ABW2415,Animalia,Arthropoda,Insecta,Diptera,Tipulidae,Nephrotoma,Nephrotoma okefenoke,32,7/27/2017,Egner,C,7/19/2017,14,Single
7272017EGC8,OTU97,GS,100,BOLD:AAB7935,Animalia,Arthropoda,Arachnida,Araneae,Araneidae,Eustala,Eustala cepina,43,7/27/2017,Egner,C,7/19/2017,14,Single
7272017EGC8,OTU132,US,1,None,Animalia,Arthropoda,Hexanauplia,Harpacticoida,NA,NA,NA,47,7/27/2017,Egner,C,7/19/2017,14,Single
7272017EGC8,OTU189,GS,100,BOLD:ABV2225,Animalia,Arthropoda,Insecta,Lepidoptera,Gracillariidae,Caloptilia,NA,6,7/27/2017,Egner,C,7/19/2017,14,Single
7272017EGC8,OTU254,GS,100,BOLD:AAG8977,Animalia,Arthropoda,Insecta,Hemiptera,Derbidae,Apache,Apache degeerii,13,7/27/2017,Egner,C,7/19/2017,14,Single
7272017EGC8,OTU269,GS,97.2,BOLD:AAP9050,Animalia,Arthropoda,Insecta,Diptera,Ceratopogonidae,NA,NA,137,7/27/2017,Egner,C,7/19/2017,14,Single
7272017EGC8,OTU295,GS,97.8,BOLD:AAG3848,Animalia,Arthropoda,Insecta,Diptera,Culicidae,Culex,Culex erraticus,71,7/27/2017,Egner,C,7/19/2017,14,Single
7272017EGC8,OTU364,GS,100,BOLD:AAF8338,Animalia,Arthropoda,Insecta,Diptera,Tipulidae,Tipula,Tipula furca,22,7/27/2017,Egner,C,7/19/2017,14,Single
7272017EGC8,OTU498,GSL,99.4,BOLD:AAI2160,Animalia,Arthropoda,Insecta,Odonata,Coenagrionidae,Ischnura,Ischnura posita,6,7/27/2017,Egner,C,7/19/2017,14,Single
7272017EGC8,OTU576,GS,100,BOLD:AAA5192,Animalia,Arthropoda,Insecta,Lepidoptera,Tortricidae,Platynota,Platynota idaeusalis,20,7/27/2017,Egner,C,7/19/2017,14,Single
7272017EGC8,OTU636,GS,99.4,BOLD:AAM6230,Animalia,Arthropoda,Insecta,Diptera,Chironomidae,Chironomus,NA,5,7/27/2017,Egner,C,7/19/2017,14,Single
7272017EGC8,OTU678,GS,98.6,BOLD:AAB0602,Animalia,Arthropoda,Insecta,Lepidoptera,Gelechiidae,Pseudotelphusa,Pseudotelphusa quercinigracella,799,7/27/2017,Egner,C,7/19/2017,14,Single
7272017EGC8,OTU707,GS,100,BOLD:ACA3244,Animalia,Arthropoda,Insecta,Diptera,Chironomidae,Polypedilum,Polypedilum convictum,10,7/27/2017,Egner,C,7/19/2017,14,Single
7272017EGC8,OTU1182,GS,98.9,BOLD:ACE6573,Animalia,Arthropoda,Insecta,Coleoptera,NA,NA,NA,181,7/27/2017,Egner,C,7/19/2017,14,Single
7272017EGC8,OTU1213,SS,1,BOLD:AAG8977,Animalia,Arthropoda,Insecta,Hemiptera,Derbidae,Apache,Apache degeerii,2,7/27/2017,Egner,C,7/19/2017,14,Single
7272017EGC8,OTU1268,GS,97.8,BOLD:AAM6211,Animalia,Arthropoda,Insecta,Diptera,Chironomidae,Glyptotendipes,NA,505,7/27/2017,Egner,C,7/19/2017,14,Single
7272017EGC8,OTU1274,GS,98.9,BOLD:AAG6465,Animalia,Arthropoda,Insecta,Diptera,Ceratopogonidae,NA,NA,36,7/27/2017,Egner,C,7/19/2017,14,Single
7272017EGC8,OTU1317,SS,0.01,BOLD:AAN5451,Animalia,Arthropoda,Arachnida,Araneae,Araneidae,Eustala,NA,2,7/27/2017,Egner,C,7/19/2017,14,Single
7272017EGC8,OTU1351,SS,0.94,BOLD:AAB7030,Animalia,Arthropoda,Insecta,Diptera,Chironomidae,Chironomus,Chironomus decorus,3,7/27/2017,Egner,C,7/19/2017,14,Single
7272017EGC8,OTU1401,SS,0.78,BOLD:AAF9008,Animalia,Arthropoda,Insecta,Diptera,NA,NA,NA,25,7/27/2017,Egner,C,7/19/2017,14,Single
7272017EGC8,OTU1482,SS,0.87,BOLD:AAF9008,Animalia,Arthropoda,Insecta,Diptera,Limoniidae,Helius,Helius flavipes,7,7/27/2017,Egner,C,7/19/2017,14,Single
7272017EGC8,OTU1742,GS,98.3,BOLD:AAB0602,Animalia,Arthropoda,Insecta,Lepidoptera,Gelechiidae,Pseudotelphusa,Pseudotelphusa quercinigracella,154,7/27/2017,Egner,C,7/19/2017,14,Single
7272017EGC8,OTU1861,SS,0.19,BOLD:AAF5163,Animalia,Arthropoda,Insecta,Coleoptera,NA,NA,NA,57,7/27/2017,Egner,C,7/19/2017,14,Single
7272017EGC9,OTU5,GS,99.4,BOLD:AAN5451,Animalia,Arthropoda,Arachnida,Araneae,Araneidae,Eustala,NA,1337,7/27/2017,Egner,C,7/19/2017,14,Single
7272017EGC9,OTU7,GS,100,BOLD:AAF4632,Animalia,Arthropoda,Insecta,Diptera,Limoniidae,Epiphragma,Epiphragma solatrix,1449,7/27/2017,Egner,C,7/19/2017,14,Single
7272017EGC9,OTU11,GS,99.4,BOLD:AAG3848,Animalia,Arthropoda,Insecta,Diptera,Culicidae,Culex,Culex erraticus,10760,7/27/2017,Egner,C,7/19/2017,14,Single
7272017EGC9,OTU16,GS,100,BOLD:AAA7067,Animalia,Arthropoda,Insecta,Diptera,Culicidae,Aedes,Aedes vexans,639,7/27/2017,Egner,C,7/19/2017,14,Single
7272017EGC9,OTU65,GS,100,BOLD:AAA1517,Animalia,Arthropoda,Insecta,Lepidoptera,Tortricidae,Choristoneura,Choristoneura rosaceana,302,7/27/2017,Egner,C,7/19/2017,14,Single
7272017EGC9,OTU76,US,1,BOLD:ACY1454,Animalia,Arthropoda,Insecta,Hemiptera,NA,NA,NA,2763,7/27/2017,Egner,C,7/19/2017,14,Single
7272017EGC9,OTU87,US,0,BOLD:ABY2339,Animalia,Arthropoda,Insecta,Diptera,NA,NA,NA,101,7/27/2017,Egner,C,7/19/2017,14,Single
7272017EGC9,OTU88,GS,100,BOLD:AAE0434,Animalia,Arthropoda,Insecta,Diptera,Culicidae,Uranotaenia,Uranotaenia sapphirina,1219,7/27/2017,Egner,C,7/19/2017,14,Single
7272017EGC9,OTU105,GS,100,BOLD:AAB7936,Animalia,Arthropoda,Insecta,Lepidoptera,Oecophoridae,Inga,Inga sparsiciliella,52,7/27/2017,Egner,C,7/19/2017,14,Single
7272017EGC9,OTU122,GS,99.4,BOLD:AAC5568,Animalia,Arthropoda,Insecta,Lepidoptera,Tortricidae,Gypsonoma,Gypsonoma salicicolana,30,7/27/2017,Egner,C,7/19/2017,14,Single
7272017EGC9,OTU135,GS,99.4,BOLD:AAA5872,Animalia,Arthropoda,Insecta,Lepidoptera,Gelechiidae,Chionodes,Chionodes mediofuscella,239,7/27/2017,Egner,C,7/19/2017,14,Single
7272017EGC9,OTU149,GS,99.4,BOLD:AAH4942,Animalia,Arthropoda,Insecta,Lepidoptera,Gelechiidae,Dichomeris,NA,1015,7/27/2017,Egner,C,7/19/2017,14,Single
7272017EGC9,OTU183,GS,100,BOLD:AAB2305,Animalia,Arthropoda,Insecta,Lepidoptera,Geometridae,Digrammia,Digrammia gnophosaria,17,7/27/2017,Egner,C,7/19/2017,14,Single
7272017EGC9,OTU203,GS,100,BOLD:AAB0603,Animalia,Arthropoda,Insecta,Lepidoptera,Gelechiidae,Pseudotelphusa,Pseudotelphusa quercinigracella,11,7/27/2017,Egner,C,7/19/2017,14,Single
7272017EGC9,OTU214,GS,99.4,BOLD:AAW6795,Animalia,Arthropoda,Insecta,Diptera,NA,NA,NA,376,7/27/2017,Egner,C,7/19/2017,14,Single
7272017EGC9,OTU255,GS,100,BOLD:AAG4956,Animalia,Arthropoda,Insecta,Diptera,Mycetophilidae,Greenomyia,NA,367,7/27/2017,Egner,C,7/19/2017,14,Single
7272017EGC9,OTU278,GS,100,BOLD:AAB3590,Animalia,Arthropoda,Insecta,Lepidoptera,Gelechiidae,Chionodes,Chionodes discoocellella,11,7/27/2017,Egner,C,7/19/2017,14,Single
7272017EGC9,OTU290,GS,100,BOLD:AAE4427,Animalia,Arthropoda,Insecta,Lepidoptera,Tineidae,Xylesthia,Xylesthia pruniramiella,8,7/27/2017,Egner,C,7/19/2017,14,Single
7272017EGC9,OTU295,GS,97.8,BOLD:AAG3848,Animalia,Arthropoda,Insecta,Diptera,Culicidae,Culex,Culex erraticus,545,7/27/2017,Egner,C,7/19/2017,14,Single
7272017EGC9,OTU419,US,0,BOLD:AAW4666,Animalia,Arthropoda,Insecta,Lepidoptera,NA,NA,NA,40,7/27/2017,Egner,C,7/19/2017,14,Single
7272017EGC9,OTU447,US,0.9916,BOLD:AAW5176,Animalia,Arthropoda,Arachnida,Araneae,NA,NA,NA,24,7/27/2017,Egner,C,7/19/2017,14,Single
7272017EGC9,OTU559,GS,100,BOLD:AAG5254,Animalia,Arthropoda,Insecta,Lepidoptera,Dryadaulidae,Dryadaula,NA,8,7/27/2017,Egner,C,7/19/2017,14,Single
7272017EGC9,OTU617,GS,100,BOLD:AAB4916,Animalia,Arthropoda,Insecta,Lepidoptera,Tortricidae,Episimus,Episimus argutana,4,7/27/2017,Egner,C,7/19/2017,14,Single
7272017EGC9,OTU656,GS,99.4,BOLD:AAZ0144,Animalia,Arthropoda,Insecta,Diptera,Chironomidae,Chironomus,NA,5,7/27/2017,Egner,C,7/19/2017,14,Single
7272017EGC9,OTU660,GS,99.4,BOLD:AAF1659,Animalia,Arthropoda,Insecta,Lepidoptera,Tineidae,Nemapogon,Nemapogon angulifasciella,8,7/27/2017,Egner,C,7/19/2017,14,Single
7272017EGC9,OTU678,GS,98.6,BOLD:AAB0602,Animalia,Arthropoda,Insecta,Lepidoptera,Gelechiidae,Pseudotelphusa,Pseudotelphusa quercinigracella,47,7/27/2017,Egner,C,7/19/2017,14,Single
7272017EGC9,OTU888,GS,100,BOLD:AAG5541,Animalia,Arthropoda,Insecta,Diptera,Chironomidae,Polypedilum,NA,27,7/27/2017,Egner,C,7/19/2017,14,Single
7272017EGC9,OTU976,GS,97.2,BOLD:AAA5872,Animalia,Arthropoda,Insecta,Lepidoptera,Gelechiidae,Chionodes,Chionodes mediofuscella,1,7/27/2017,Egner,C,7/19/2017,14,Single
7272017EGC9,OTU995,GS,100,BOLD:AAN6208,Animalia,Arthropoda,Insecta,Coleoptera,Aderidae,NA,NA,1,7/27/2017,Egner,C,7/19/2017,14,Single
7272017EGC9,OTU1014,US,1,BOLD:AAD0583,Animalia,Arthropoda,Insecta,Diptera,NA,NA,NA,8,7/27/2017,Egner,C,7/19/2017,14,Single
7272017EGC9,OTU1015,GS,100,BOLD:ACX7075,Animalia,Arthropoda,Insecta,Lepidoptera,Blastobasidae,Pigritia,NA,44,7/27/2017,Egner,C,7/19/2017,14,Single
7272017EGC9,OTU1068,GS,99.4,BOLD:AAE3407,Animalia,Arthropoda,Insecta,Blattodea,Ectobiidae,Parcoblatta,Parcoblatta pennsylvanica,100,7/27/2017,Egner,C,7/19/2017,14,Single
7272017EGC9,OTU1097,GS,97.2,BOLD:AAN5451,Animalia,Arthropoda,Arachnida,Araneae,Araneidae,Eustala,NA,77,7/27/2017,Egner,C,7/19/2017,14,Single
7272017EGC9,OTU1176,US,0.9249,BOLD:AAF4632,Animalia,Arthropoda,Insecta,Diptera,NA,NA,NA,3,7/27/2017,Egner,C,7/19/2017,14,Single
7272017EGC9,OTU1210,GS,97.2,BOLD:AAF4632,Animalia,Arthropoda,Insecta,Diptera,Limoniidae,Epiphragma,Epiphragma solatrix,96,7/27/2017,Egner,C,7/19/2017,14,Single
7272017EGC9,OTU1265,SS,0.83,BOLD:AAF4632,Animalia,Arthropoda,Insecta,Diptera,Limoniidae,Epiphragma,Epiphragma solatrix,15,7/27/2017,Egner,C,7/19/2017,14,Single
7272017EGC9,OTU1267,GS,97.2,BOLD:AAP2550,Animalia,Arthropoda,Insecta,Neuroptera,Sisyridae,Sisyra,NA,13,7/27/2017,Egner,C,7/19/2017,14,Single
7272017EGC9,OTU1311,GS,100,BOLD:ACB9392,Animalia,Arthropoda,Insecta,Diptera,Chironomidae,NA,NA,12,7/27/2017,Egner,C,7/19/2017,14,Single
7272017EGC9,OTU1317,SS,0.01,BOLD:AAN5451,Animalia,Arthropoda,Arachnida,Araneae,Araneidae,Eustala,NA,20,7/27/2017,Egner,C,7/19/2017,14,Single
7272017EGC9,OTU1350,GS,97.2,BOLD:AAA7067,Animalia,Arthropoda,Insecta,Diptera,Culicidae,Aedes,Aedes vexans,218,7/27/2017,Egner,C,7/19/2017,14,Single
7272017EGC9,OTU1403,SS,0.36,BOLD:ACV0130,Animalia,Arthropoda,Insecta,Diptera,NA,NA,NA,17,7/27/2017,Egner,C,7/19/2017,14,Single
7272017EGC9,OTU1434,GS,97.6,BOLD:AAA7067,Animalia,Arthropoda,Insecta,Diptera,Culicidae,Aedes,Aedes vexans,4,7/27/2017,Egner,C,7/19/2017,14,Single
7272017EGC9,OTU1514,SS,0.75,BOLD:ABX5321,Animalia,Arthropoda,Insecta,Diptera,NA,NA,NA,2,7/27/2017,Egner,C,7/19/2017,14,Single
7272017EGC9,OTU1528,GS,100,BOLD:AAH4500,Animalia,Arthropoda,Insecta,Lepidoptera,Gelechiidae,Fascista,Fascista cercerisella,45,7/27/2017,Egner,C,7/19/2017,14,Single
7272017EGC9,OTU1683,SS,0.84,BOLD:AAF4632,Animalia,Arthropoda,Insecta,Diptera,Limoniidae,Epiphragma,Epiphragma solatrix,127,7/27/2017,Egner,C,7/19/2017,14,Single
7272017EGC9,OTU1700,US,0.8732,BOLD:ACW3910,Animalia,Arthropoda,Insecta,Diptera,NA,NA,NA,35,7/27/2017,Egner,C,7/19/2017,14,Single
7272017EGC9,OTU1721,GSL,97.8,BOLD:AAE4545,Animalia,Arthropoda,Insecta,Lepidoptera,NA,NA,NA,2,7/27/2017,Egner,C,7/19/2017,14,Single
7272017EGC9,OTU1790,GS,98.3,BOLD:AAZ0144,Animalia,Arthropoda,Insecta,Diptera,Chironomidae,Chironomus,NA,8,7/27/2017,Egner,C,7/19/2017,14,Single
7272017EGC9,OTU1800,US,0.3913,None,Animalia,Arthropoda,Insecta,Diptera,NA,NA,NA,3,7/27/2017,Egner,C,7/19/2017,14,Single
7272017EGC9,OTU1834,SS,0.74,BOLD:AAF4632,Animalia,Arthropoda,Insecta,Diptera,NA,NA,NA,7,7/27/2017,Egner,C,7/19/2017,14,Single
7272017EGC9,OTU1871,SS,0.85,BOLD:AAG3848,Animalia,Arthropoda,Insecta,Diptera,Culicidae,Culex,Culex erraticus,1,7/27/2017,Egner,C,7/19/2017,14,Single
7272017EGC9,OTU1878,SS,0.78,BOLD:ABW4215,Animalia,Arthropoda,Insecta,Diptera,NA,NA,NA,3,7/27/2017,Egner,C,7/19/2017,14,Single
7272017EGD1,OTU1,US,0.0026,BOLD:AAD6798,Animalia,Arthropoda,Insecta,Diptera,NA,NA,NA,2118,7/27/2017,Egner,D,7/19/2017,88,Single
7272017EGD1,OTU7,GS,100,BOLD:AAF4632,Animalia,Arthropoda,Insecta,Diptera,Limoniidae,Epiphragma,Epiphragma solatrix,6268,7/27/2017,Egner,D,7/19/2017,88,Single
7272017EGD1,OTU11,GS,99.4,BOLD:AAG3848,Animalia,Arthropoda,Insecta,Diptera,Culicidae,Culex,Culex erraticus,3981,7/27/2017,Egner,D,7/19/2017,88,Single
7272017EGD1,OTU13,GS,100,BOLD:ABV1771,Animalia,Arthropoda,Insecta,Diptera,Limoniidae,NA,NA,224,7/27/2017,Egner,D,7/19/2017,88,Single
7272017EGD1,OTU23,GS,100,BOLD:AAF9008,Animalia,Arthropoda,Insecta,Diptera,Limoniidae,Helius,Helius flavipes,389,7/27/2017,Egner,D,7/19/2017,88,Single
7272017EGD1,OTU34,GS,100,BOLD:AAM6211,Animalia,Arthropoda,Insecta,Diptera,Chironomidae,Glyptotendipes,NA,2308,7/27/2017,Egner,D,7/19/2017,88,Single
7272017EGD1,OTU35,GS,100,BOLD:ABW4215,Animalia,Arthropoda,Insecta,Diptera,Chironomidae,Glyptotendipes,Glyptotendipes meridionalis,364,7/27/2017,Egner,D,7/19/2017,88,Single
7272017EGD1,OTU68,GS,100,BOLD:AAB7030,Animalia,Arthropoda,Insecta,Diptera,Chironomidae,Chironomus,Chironomus decorus,258,7/27/2017,Egner,D,7/19/2017,88,Single
7272017EGD1,OTU87,US,0,BOLD:ABY2339,Animalia,Arthropoda,Insecta,Diptera,NA,NA,NA,725,7/27/2017,Egner,D,7/19/2017,88,Single
7272017EGD1,OTU88,GS,100,BOLD:AAE0434,Animalia,Arthropoda,Insecta,Diptera,Culicidae,Uranotaenia,Uranotaenia sapphirina,305,7/27/2017,Egner,D,7/19/2017,88,Single
7272017EGD1,OTU146,GS,99.4,BOLD:ABV9238,Animalia,Arthropoda,Insecta,Diptera,Limoniidae,Gonomyia,NA,5992,7/27/2017,Egner,D,7/19/2017,88,Single
7272017EGD1,OTU148,GS,100,BOLD:AAK7352,Animalia,Arthropoda,Arachnida,Araneae,Araneidae,Metepeira,Metepeira labyrinthea,211,7/27/2017,Egner,D,7/19/2017,88,Single
7272017EGD1,OTU168,GS,100,BOLD:AAC3609,Animalia,Arthropoda,Insecta,Lepidoptera,Euteliidae,Paectes,Paectes abrostoloides,53,7/27/2017,Egner,D,7/19/2017,88,Single
7272017EGD1,OTU238,GS,100,BOLD:AAC2281,Animalia,Arthropoda,Insecta,Diptera,Culicidae,Anopheles,Anopheles quadrimaculatus,145,7/27/2017,Egner,D,7/19/2017,88,Single
7272017EGD1,OTU248,SS,0.79,BOLD:ABX5321,Animalia,Arthropoda,Insecta,Diptera,Tipulidae,NA,NA,348,7/27/2017,Egner,D,7/19/2017,88,Single
7272017EGD1,OTU258,GS,100,BOLD:ACA7555,Animalia,Arthropoda,Insecta,Diptera,Chironomidae,NA,NA,107,7/27/2017,Egner,D,7/19/2017,88,Single
7272017EGD1,OTU279,US,0.9881,BOLD:AAL9881,Animalia,Arthropoda,Arachnida,Araneae,NA,NA,NA,144,7/27/2017,Egner,D,7/19/2017,88,Single
7272017EGD1,OTU287,GS,98.9,BOLD:AAG5457,Animalia,Arthropoda,Insecta,Diptera,Chironomidae,NA,NA,36,7/27/2017,Egner,D,7/19/2017,88,Single
7272017EGD1,OTU295,GS,97.8,BOLD:AAG3848,Animalia,Arthropoda,Insecta,Diptera,Culicidae,Culex,Culex erraticus,165,7/27/2017,Egner,D,7/19/2017,88,Single
7272017EGD1,OTU309,GS,100,BOLD:AAH5582,Animalia,Arthropoda,Insecta,Lepidoptera,Gelechiidae,Battaristis,NA,71,7/27/2017,Egner,D,7/19/2017,88,Single
7272017EGD1,OTU314,GS,98.9,BOLD:AAB0603,Animalia,Arthropoda,Insecta,Lepidoptera,Gelechiidae,Pseudotelphusa,Pseudotelphusa quercinigracella,190,7/27/2017,Egner,D,7/19/2017,88,Single
7272017EGD1,OTU322,GS,100,BOLD:AAC2499,Animalia,Arthropoda,Insecta,Diptera,Drosophilidae,Drosophila,Drosophila suzukii,196,7/27/2017,Egner,D,7/19/2017,88,Single
7272017EGD1,OTU346,US,0,None,Animalia,Arthropoda,Insecta,Hymenoptera,NA,NA,NA,129,7/27/2017,Egner,D,7/19/2017,88,Single
7272017EGD1,OTU357,GS,98.9,BOLD:ABX3356,Animalia,Arthropoda,Insecta,Diptera,Chironomidae,Chironomus,NA,104,7/27/2017,Egner,D,7/19/2017,88,Single
7272017EGD1,OTU359,GS,100,BOLD:ACW3132,Animalia,Arthropoda,Collembola,Poduromorpha,Hypogastruridae,NA,NA,80,7/27/2017,Egner,D,7/19/2017,88,Single
7272017EGD1,OTU364,GS,100,BOLD:AAF8338,Animalia,Arthropoda,Insecta,Diptera,Tipulidae,Tipula,Tipula furca,295,7/27/2017,Egner,D,7/19/2017,88,Single
7272017EGD1,OTU371,GS,100,BOLD:ABX9756,Animalia,Arthropoda,Insecta,Diptera,NA,NA,NA,303,7/27/2017,Egner,D,7/19/2017,88,Single
7272017EGD1,OTU446,GS,100,BOLD:AAD1537,Animalia,Arthropoda,Insecta,Lepidoptera,Tortricidae,Gretchena,Gretchena bolliana,75,7/27/2017,Egner,D,7/19/2017,88,Single
7272017EGD1,OTU486,GS,100,BOLD:ACL3824,Animalia,Arthropoda,Insecta,Diptera,Chironomidae,NA,NA,12,7/27/2017,Egner,D,7/19/2017,88,Single
7272017EGD1,OTU536,GS,99.4,BOLD:AAG0118,Animalia,Arthropoda,Insecta,Lepidoptera,Lyonetiidae,NA,NA,138,7/27/2017,Egner,D,7/19/2017,88,Single
7272017EGD1,OTU576,GS,100,BOLD:AAA5192,Animalia,Arthropoda,Insecta,Lepidoptera,Tortricidae,Platynota,Platynota idaeusalis,28,7/27/2017,Egner,D,7/19/2017,88,Single
7272017EGD1,OTU609,GS,100,BOLD:AAG1032,Animalia,Arthropoda,Insecta,Lepidoptera,NA,NA,NA,262,7/27/2017,Egner,D,7/19/2017,88,Single
7272017EGD1,OTU632,GS,97.8,BOLD:AAG6465,Animalia,Arthropoda,Insecta,Diptera,Ceratopogonidae,NA,NA,116,7/27/2017,Egner,D,7/19/2017,88,Single
7272017EGD1,OTU847,US,0,BOLD:ACL2923,Animalia,Arthropoda,Insecta,Diptera,NA,NA,NA,30,7/27/2017,Egner,D,7/19/2017,88,Single
7272017EGD1,OTU923,GS,100,BOLD:AAN5931,Animalia,Arthropoda,Insecta,Coleoptera,Scirtidae,Cyphon,NA,10,7/27/2017,Egner,D,7/19/2017,88,Single
7272017EGD1,OTU932,US,0.3913,None,Animalia,Arthropoda,Insecta,Trichoptera,NA,NA,NA,128,7/27/2017,Egner,D,7/19/2017,88,Single
7272017EGD1,OTU963,GS,99.4,BOLD:ACC7263,Animalia,Arthropoda,Insecta,Diptera,Mycetophilidae,Mycetophila,NA,75,7/27/2017,Egner,D,7/19/2017,88,Single
7272017EGD1,OTU1072,SS,0.54,BOLD:ABV9238,Animalia,Arthropoda,Insecta,Diptera,NA,NA,NA,15,7/27/2017,Egner,D,7/19/2017,88,Single
7272017EGD1,OTU1101,US,1,BOLD:AAY9966,Animalia,Arthropoda,Insecta,Diptera,NA,NA,NA,73,7/27/2017,Egner,D,7/19/2017,88,Single
7272017EGD1,OTU1144,US,0,BOLD:AAL5466,Animalia,Arthropoda,Insecta,Diptera,NA,NA,NA,31,7/27/2017,Egner,D,7/19/2017,88,Single
7272017EGD1,OTU1176,US,0.9249,BOLD:AAF4632,Animalia,Arthropoda,Insecta,Diptera,NA,NA,NA,3,7/27/2017,Egner,D,7/19/2017,88,Single
7272017EGD1,OTU1210,GS,97.2,BOLD:AAF4632,Animalia,Arthropoda,Insecta,Diptera,Limoniidae,Epiphragma,Epiphragma solatrix,88,7/27/2017,Egner,D,7/19/2017,88,Single
7272017EGD1,OTU1223,GS,97.8,BOLD:ABV9238,Animalia,Arthropoda,Insecta,Diptera,Limoniidae,Gonomyia,NA,16,7/27/2017,Egner,D,7/19/2017,88,Single
7272017EGD1,OTU1259,US,0,BOLD:ACW9107,Animalia,Arthropoda,Insecta,Hymenoptera,NA,NA,NA,3,7/27/2017,Egner,D,7/19/2017,88,Single
7272017EGD1,OTU1265,SS,0.83,BOLD:AAF4632,Animalia,Arthropoda,Insecta,Diptera,Limoniidae,Epiphragma,Epiphragma solatrix,43,7/27/2017,Egner,D,7/19/2017,88,Single
7272017EGD1,OTU1268,GS,97.8,BOLD:AAM6211,Animalia,Arthropoda,Insecta,Diptera,Chironomidae,Glyptotendipes,NA,68,7/27/2017,Egner,D,7/19/2017,88,Single
7272017EGD1,OTU1274,GS,98.9,BOLD:AAG6465,Animalia,Arthropoda,Insecta,Diptera,Ceratopogonidae,NA,NA,17,7/27/2017,Egner,D,7/19/2017,88,Single
7272017EGD1,OTU1343,GS,100,BOLD:AAC6150,Animalia,Arthropoda,Insecta,Lepidoptera,Tortricidae,Epiblema,Epiblema abruptana,10,7/27/2017,Egner,D,7/19/2017,88,Single
7272017EGD1,OTU1351,SS,0.94,BOLD:AAB7030,Animalia,Arthropoda,Insecta,Diptera,Chironomidae,Chironomus,Chironomus decorus,5,7/27/2017,Egner,D,7/19/2017,88,Single
7272017EGD1,OTU1403,SS,0.36,BOLD:ACV0130,Animalia,Arthropoda,Insecta,Diptera,NA,NA,NA,17,7/27/2017,Egner,D,7/19/2017,88,Single
7272017EGD1,OTU1419,SS,0.8,BOLD:AAF4632,Animalia,Arthropoda,Insecta,Diptera,Limoniidae,Epiphragma,Epiphragma solatrix,6,7/27/2017,Egner,D,7/19/2017,88,Single
7272017EGD1,OTU1494,US,0.8732,BOLD:AAF4632,Animalia,Arthropoda,Insecta,Diptera,NA,NA,NA,2,7/27/2017,Egner,D,7/19/2017,88,Single
7272017EGD1,OTU1514,SS,0.75,BOLD:ABX5321,Animalia,Arthropoda,Insecta,Diptera,NA,NA,NA,17,7/27/2017,Egner,D,7/19/2017,88,Single
7272017EGD1,OTU1522,SS,0.57,BOLD:AAF9008,Animalia,Arthropoda,Insecta,Diptera,NA,NA,NA,1,7/27/2017,Egner,D,7/19/2017,88,Single
7272017EGD1,OTU1554,SS,0.92,BOLD:AAP2734,Animalia,Arthropoda,Insecta,Diptera,Limoniidae,Erioptera,Erioptera parva,14,7/27/2017,Egner,D,7/19/2017,88,Single
7272017EGD1,OTU1683,SS,0.84,BOLD:AAF4632,Animalia,Arthropoda,Insecta,Diptera,Limoniidae,Epiphragma,Epiphragma solatrix,17,7/27/2017,Egner,D,7/19/2017,88,Single
7272017EGD1,OTU1695,SS,0.38,BOLD:ACT0345,Animalia,Arthropoda,Insecta,Diptera,NA,NA,NA,2,7/27/2017,Egner,D,7/19/2017,88,Single
7272017EGD1,OTU1756,SS,0.97,BOLD:AAG3848,Animalia,Arthropoda,Insecta,Diptera,Culicidae,Culex,Culex erraticus,2,7/27/2017,Egner,D,7/19/2017,88,Single
7272017EGD1,OTU1800,US,0.3913,None,Animalia,Arthropoda,Insecta,Diptera,NA,NA,NA,23,7/27/2017,Egner,D,7/19/2017,88,Single
7272017EGD1,OTU1834,SS,0.74,BOLD:AAF4632,Animalia,Arthropoda,Insecta,Diptera,NA,NA,NA,28,7/27/2017,Egner,D,7/19/2017,88,Single
7272017EGD1,OTU1871,SS,0.85,BOLD:AAG3848,Animalia,Arthropoda,Insecta,Diptera,Culicidae,Culex,Culex erraticus,1,7/27/2017,Egner,D,7/19/2017,88,Single
7272017EGD1,OTU1878,SS,0.78,BOLD:ABW4215,Animalia,Arthropoda,Insecta,Diptera,NA,NA,NA,5,7/27/2017,Egner,D,7/19/2017,88,Single
7272017EGD1,OTU1921,US,0,BOLD:ACL2923,Animalia,Arthropoda,Insecta,Diptera,NA,NA,NA,6,7/27/2017,Egner,D,7/19/2017,88,Single
7272017EGD10,OTU5,GS,99.4,BOLD:AAN5451,Animalia,Arthropoda,Arachnida,Araneae,Araneidae,Eustala,NA,1420,7/27/2017,Egner,D,7/19/2017,88,Single
7272017EGD10,OTU7,GS,100,BOLD:AAF4632,Animalia,Arthropoda,Insecta,Diptera,Limoniidae,Epiphragma,Epiphragma solatrix,1164,7/27/2017,Egner,D,7/19/2017,88,Single
7272017EGD10,OTU11,GS,99.4,BOLD:AAG3848,Animalia,Arthropoda,Insecta,Diptera,Culicidae,Culex,Culex erraticus,4439,7/27/2017,Egner,D,7/19/2017,88,Single
7272017EGD10,OTU12,GS,100,BOLD:AAE5173,Animalia,Arthropoda,Insecta,Diptera,Psychodidae,PschodididGC,NA,14493,7/27/2017,Egner,D,7/19/2017,88,Single
7272017EGD10,OTU34,GS,100,BOLD:AAM6211,Animalia,Arthropoda,Insecta,Diptera,Chironomidae,Glyptotendipes,NA,822,7/27/2017,Egner,D,7/19/2017,88,Single
7272017EGD10,OTU35,GS,100,BOLD:ABW4215,Animalia,Arthropoda,Insecta,Diptera,Chironomidae,Glyptotendipes,Glyptotendipes meridionalis,202,7/27/2017,Egner,D,7/19/2017,88,Single
7272017EGD10,OTU88,GS,100,BOLD:AAE0434,Animalia,Arthropoda,Insecta,Diptera,Culicidae,Uranotaenia,Uranotaenia sapphirina,72,7/27/2017,Egner,D,7/19/2017,88,Single
7272017EGD10,OTU97,GS,100,BOLD:AAB7935,Animalia,Arthropoda,Arachnida,Araneae,Araneidae,Eustala,Eustala cepina,145,7/27/2017,Egner,D,7/19/2017,88,Single
7272017EGD10,OTU175,GS,99.4,BOLD:AAC7367,Animalia,Arthropoda,Insecta,Lepidoptera,Tineidae,Isocorypha,Isocorypha mediostriatella,212,7/27/2017,Egner,D,7/19/2017,88,Single
7272017EGD10,OTU214,GS,99.4,BOLD:AAW6795,Animalia,Arthropoda,Insecta,Diptera,NA,NA,NA,20,7/27/2017,Egner,D,7/19/2017,88,Single
7272017EGD10,OTU269,GS,97.2,BOLD:AAP9050,Animalia,Arthropoda,Insecta,Diptera,Ceratopogonidae,NA,NA,6,7/27/2017,Egner,D,7/19/2017,88,Single
7272017EGD10,OTU290,GS,100,BOLD:AAE4427,Animalia,Arthropoda,Insecta,Lepidoptera,Tineidae,Xylesthia,Xylesthia pruniramiella,22,7/27/2017,Egner,D,7/19/2017,88,Single
7272017EGD10,OTU293,GS,100,BOLD:AAU4100,Animalia,Arthropoda,Insecta,Lepidoptera,Gracillariidae,Cameraria,Cameraria hamadryadella,7,7/27/2017,Egner,D,7/19/2017,88,Single
7272017EGD10,OTU309,GS,100,BOLD:AAH5582,Animalia,Arthropoda,Insecta,Lepidoptera,Gelechiidae,Battaristis,NA,5,7/27/2017,Egner,D,7/19/2017,88,Single
7272017EGD10,OTU432,SS,0.78,BOLD:ACJ1534,Animalia,Arthropoda,Insecta,Hemiptera,NA,NA,NA,49,7/27/2017,Egner,D,7/19/2017,88,Single
7272017EGD10,OTU644,US,0.9844,BOLD:ACK6982,Animalia,Arthropoda,Insecta,Diptera,NA,NA,NA,4,7/27/2017,Egner,D,7/19/2017,88,Single
7272017EGD10,OTU940,US,0,BOLD:ACT8457,Animalia,Arthropoda,Insecta,Hymenoptera,NA,NA,NA,6,7/27/2017,Egner,D,7/19/2017,88,Single
7272017EGD10,OTU1097,GS,97.2,BOLD:AAN5451,Animalia,Arthropoda,Arachnida,Araneae,Araneidae,Eustala,NA,64,7/27/2017,Egner,D,7/19/2017,88,Single
7272017EGD10,OTU1163,GS,99.4,BOLD:AAX1174,Animalia,Arthropoda,Insecta,Lepidoptera,Tineidae,Homosetia,NA,19,7/27/2017,Egner,D,7/19/2017,88,Single
7272017EGD10,OTU1210,GS,97.2,BOLD:AAF4632,Animalia,Arthropoda,Insecta,Diptera,Limoniidae,Epiphragma,Epiphragma solatrix,107,7/27/2017,Egner,D,7/19/2017,88,Single
7272017EGD10,OTU1268,GS,97.8,BOLD:AAM6211,Animalia,Arthropoda,Insecta,Diptera,Chironomidae,Glyptotendipes,NA,58,7/27/2017,Egner,D,7/19/2017,88,Single
7272017EGD10,OTU1271,GS,100,BOLD:AAP3004,Animalia,Arthropoda,Insecta,Diptera,Chironomidae,Chironomus,Chironomus staegeri,6,7/27/2017,Egner,D,7/19/2017,88,Single
7272017EGD10,OTU1292,GS,97.8,BOLD:AAN5882,Animalia,Arthropoda,Insecta,Diptera,Limoniidae,Erioptera,Erioptera caliptera,13,7/27/2017,Egner,D,7/19/2017,88,Single
7272017EGD10,OTU1317,SS,0.01,BOLD:AAN5451,Animalia,Arthropoda,Arachnida,Araneae,Araneidae,Eustala,NA,8,7/27/2017,Egner,D,7/19/2017,88,Single
7272017EGD10,OTU1325,GS,97.2,BOLD:AAD6784,Animalia,Arthropoda,Insecta,Lepidoptera,Gelechiidae,Metzneria,Metzneria metzneriella,8,7/27/2017,Egner,D,7/19/2017,88,Single
7272017EGD10,OTU1403,SS,0.36,BOLD:ACV0130,Animalia,Arthropoda,Insecta,Diptera,NA,NA,NA,6,7/27/2017,Egner,D,7/19/2017,88,Single
7272017EGD10,OTU1409,GS,98.3,BOLD:AAE7788,Animalia,Arthropoda,Insecta,Diptera,Culicidae,Culex,Culex salinarius,38,7/27/2017,Egner,D,7/19/2017,88,Single
7272017EGD10,OTU1636,SS,0.74,BOLD:AAF4632,Animalia,Arthropoda,Insecta,NA,NA,NA,NA,2,7/27/2017,Egner,D,7/19/2017,88,Single
7272017EGD10,OTU1756,SS,0.97,BOLD:AAG3848,Animalia,Arthropoda,Insecta,Diptera,Culicidae,Culex,Culex erraticus,5,7/27/2017,Egner,D,7/19/2017,88,Single
7272017EGD10,OTU1834,SS,0.74,BOLD:AAF4632,Animalia,Arthropoda,Insecta,Diptera,NA,NA,NA,2,7/27/2017,Egner,D,7/19/2017,88,Single
7272017EGD10,OTU1849,SS,0.25,BOLD:AAB3655,Animalia,Arthropoda,Insecta,Lepidoptera,NA,NA,NA,4,7/27/2017,Egner,D,7/19/2017,88,Single
7272017EGD10,OTU1871,SS,0.85,BOLD:AAG3848,Animalia,Arthropoda,Insecta,Diptera,Culicidae,Culex,Culex erraticus,13,7/27/2017,Egner,D,7/19/2017,88,Single
7272017EGD2,OTU1,US,0.0026,BOLD:AAD6798,Animalia,Arthropoda,Insecta,Diptera,NA,NA,NA,337,7/27/2017,Egner,D,7/19/2017,88,Single
7272017EGD2,OTU3,GS,100,BOLD:AAP2734,Animalia,Arthropoda,Insecta,Diptera,Limoniidae,Erioptera,Erioptera parva,17878,7/27/2017,Egner,D,7/19/2017,88,Single
7272017EGD2,OTU5,GS,99.4,BOLD:AAN5451,Animalia,Arthropoda,Arachnida,Araneae,Araneidae,Eustala,NA,584,7/27/2017,Egner,D,7/19/2017,88,Single
7272017EGD2,OTU6,GS,99.4,BOLD:ACZ2169,Animalia,Arthropoda,Insecta,Hemiptera,Cicadellidae,Gyponana,NA,284,7/27/2017,Egner,D,7/19/2017,88,Single
7272017EGD2,OTU11,GS,99.4,BOLD:AAG3848,Animalia,Arthropoda,Insecta,Diptera,Culicidae,Culex,Culex erraticus,10572,7/27/2017,Egner,D,7/19/2017,88,Single
7272017EGD2,OTU13,GS,100,BOLD:ABV1771,Animalia,Arthropoda,Insecta,Diptera,Limoniidae,NA,NA,296,7/27/2017,Egner,D,7/19/2017,88,Single
7272017EGD2,OTU88,GS,100,BOLD:AAE0434,Animalia,Arthropoda,Insecta,Diptera,Culicidae,Uranotaenia,Uranotaenia sapphirina,593,7/27/2017,Egner,D,7/19/2017,88,Single
7272017EGD2,OTU105,GS,100,BOLD:AAB7936,Animalia,Arthropoda,Insecta,Lepidoptera,Oecophoridae,Inga,Inga sparsiciliella,1253,7/27/2017,Egner,D,7/19/2017,88,Single
7272017EGD2,OTU141,GS,100,BOLD:ABX6186,Animalia,Arthropoda,Insecta,Diptera,Tipulidae,Nephrotoma,Nephrotoma ferruginea,29,7/27/2017,Egner,D,7/19/2017,88,Single
7272017EGD2,OTU211,GS,99.4,BOLD:ACA5630,Animalia,Arthropoda,Insecta,Coleoptera,Ptinidae,NA,NA,223,7/27/2017,Egner,D,7/19/2017,88,Single
7272017EGD2,OTU238,GS,100,BOLD:AAC2281,Animalia,Arthropoda,Insecta,Diptera,Culicidae,Anopheles,Anopheles quadrimaculatus,63,7/27/2017,Egner,D,7/19/2017,88,Single
7272017EGD2,OTU258,GS,100,BOLD:ACA7555,Animalia,Arthropoda,Insecta,Diptera,Chironomidae,NA,NA,4,7/27/2017,Egner,D,7/19/2017,88,Single
7272017EGD2,OTU269,GS,97.2,BOLD:AAP9050,Animalia,Arthropoda,Insecta,Diptera,Ceratopogonidae,NA,NA,68,7/27/2017,Egner,D,7/19/2017,88,Single
7272017EGD2,OTU279,US,0.9881,BOLD:AAL9881,Animalia,Arthropoda,Arachnida,Araneae,NA,NA,NA,24,7/27/2017,Egner,D,7/19/2017,88,Single
7272017EGD2,OTU295,GS,97.8,BOLD:AAG3848,Animalia,Arthropoda,Insecta,Diptera,Culicidae,Culex,Culex erraticus,23,7/27/2017,Egner,D,7/19/2017,88,Single
7272017EGD2,OTU310,GS,100,BOLD:ABX7479,Animalia,Arthropoda,Insecta,Diptera,Chironomidae,Parachironomus,NA,3,7/27/2017,Egner,D,7/19/2017,88,Single
7272017EGD2,OTU375,GS,100,BOLD:AAG2878,Animalia,Arthropoda,Insecta,Hemiptera,Cicadellidae,Gyponana,Gyponana extenda,15,7/27/2017,Egner,D,7/19/2017,88,Single
7272017EGD2,OTU396,SS,0.98,BOLD:AAP2734,Animalia,Arthropoda,Insecta,Diptera,Limoniidae,Erioptera,Erioptera parva,139,7/27/2017,Egner,D,7/19/2017,88,Single
7272017EGD2,OTU486,GS,100,BOLD:ACL3824,Animalia,Arthropoda,Insecta,Diptera,Chironomidae,NA,NA,30,7/27/2017,Egner,D,7/19/2017,88,Single
7272017EGD2,OTU549,GS,100,BOLD:AAM8604,Animalia,Arthropoda,Insecta,Lepidoptera,NA,NA,NA,8,7/27/2017,Egner,D,7/19/2017,88,Single
7272017EGD2,OTU677,SS,0.16,BOLD:ACI9577,Animalia,Arthropoda,Insecta,Lepidoptera,NA,NA,NA,4,7/27/2017,Egner,D,7/19/2017,88,Single
7272017EGD2,OTU923,GS,100,BOLD:AAN5931,Animalia,Arthropoda,Insecta,Coleoptera,Scirtidae,Cyphon,NA,3,7/27/2017,Egner,D,7/19/2017,88,Single
7272017EGD2,OTU995,GS,100,BOLD:AAN6208,Animalia,Arthropoda,Insecta,Coleoptera,Aderidae,NA,NA,8,7/27/2017,Egner,D,7/19/2017,88,Single
7272017EGD2,OTU1058,SS,0.31,BOLD:AAB6284,Animalia,Arthropoda,Insecta,Lepidoptera,NA,NA,NA,12,7/27/2017,Egner,D,7/19/2017,88,Single
7272017EGD2,OTU1210,GS,97.2,BOLD:AAF4632,Animalia,Arthropoda,Insecta,Diptera,Limoniidae,Epiphragma,Epiphragma solatrix,22,7/27/2017,Egner,D,7/19/2017,88,Single
7272017EGD2,OTU1271,GS,100,BOLD:AAP3004,Animalia,Arthropoda,Insecta,Diptera,Chironomidae,Chironomus,Chironomus staegeri,2,7/27/2017,Egner,D,7/19/2017,88,Single
7272017EGD2,OTU1292,GS,97.8,BOLD:AAN5882,Animalia,Arthropoda,Insecta,Diptera,Limoniidae,Erioptera,Erioptera caliptera,15,7/27/2017,Egner,D,7/19/2017,88,Single
7272017EGD2,OTU1317,SS,0.01,BOLD:AAN5451,Animalia,Arthropoda,Arachnida,Araneae,Araneidae,Eustala,NA,10,7/27/2017,Egner,D,7/19/2017,88,Single
7272017EGD2,OTU1403,SS,0.36,BOLD:ACV0130,Animalia,Arthropoda,Insecta,Diptera,NA,NA,NA,7,7/27/2017,Egner,D,7/19/2017,88,Single
7272017EGD2,OTU1409,GS,98.3,BOLD:AAE7788,Animalia,Arthropoda,Insecta,Diptera,Culicidae,Culex,Culex salinarius,15,7/27/2017,Egner,D,7/19/2017,88,Single
7272017EGD2,OTU1480,US,0.9249,BOLD:AAN5882,Animalia,Arthropoda,Insecta,Diptera,NA,NA,NA,7,7/27/2017,Egner,D,7/19/2017,88,Single
7272017EGD2,OTU1494,US,0.8732,BOLD:AAF4632,Animalia,Arthropoda,Insecta,Diptera,NA,NA,NA,8,7/27/2017,Egner,D,7/19/2017,88,Single
7272017EGD2,OTU1495,US,0.9859,BOLD:AAJ0213,Animalia,Arthropoda,Insecta,Diptera,NA,NA,NA,2,7/27/2017,Egner,D,7/19/2017,88,Single
7272017EGD2,OTU1554,SS,0.92,BOLD:AAP2734,Animalia,Arthropoda,Insecta,Diptera,Limoniidae,Erioptera,Erioptera parva,40,7/27/2017,Egner,D,7/19/2017,88,Single
7272017EGD2,OTU1624,GS,100,BOLD:AAA3889,Animalia,Arthropoda,Insecta,Lepidoptera,Crambidae,Parapediasia,Parapediasia teterrellus,28,7/27/2017,Egner,D,7/19/2017,88,Single
7272017EGD2,OTU1729,GS,100,BOLD:AAA5654,Animalia,Arthropoda,Arachnida,Araneae,Salticidae,Eris,Eris militaris,4,7/27/2017,Egner,D,7/19/2017,88,Single
7272017EGD2,OTU1746,GS,97.2,BOLD:ACE9691,Animalia,Arthropoda,Insecta,Hemiptera,Cicadellidae,Gyponana,Gyponana brevita,2,7/27/2017,Egner,D,7/19/2017,88,Single
7272017EGD2,OTU1849,SS,0.25,BOLD:AAB3655,Animalia,Arthropoda,Insecta,Lepidoptera,NA,NA,NA,4,7/27/2017,Egner,D,7/19/2017,88,Single
7272017EGD2,OTU1871,SS,0.85,BOLD:AAG3848,Animalia,Arthropoda,Insecta,Diptera,Culicidae,Culex,Culex erraticus,1,7/27/2017,Egner,D,7/19/2017,88,Single
7272017EGD3,OTU4,GS,100,BOLD:AAN5882,Animalia,Arthropoda,Insecta,Diptera,Limoniidae,Erioptera,Erioptera caliptera,19954,7/27/2017,Egner,D,7/19/2017,88,Single
7272017EGD3,OTU5,GS,99.4,BOLD:AAN5451,Animalia,Arthropoda,Arachnida,Araneae,Araneidae,Eustala,NA,271,7/27/2017,Egner,D,7/19/2017,88,Single
7272017EGD3,OTU11,GS,99.4,BOLD:AAG3848,Animalia,Arthropoda,Insecta,Diptera,Culicidae,Culex,Culex erraticus,1477,7/27/2017,Egner,D,7/19/2017,88,Single
7272017EGD3,OTU57,GS,100,BOLD:AAI1618,Animalia,Arthropoda,Insecta,Diptera,Culicidae,Coquillettidia,Coquillettidia perturbans,82,7/27/2017,Egner,D,7/19/2017,88,Single
7272017EGD3,OTU88,GS,100,BOLD:AAE0434,Animalia,Arthropoda,Insecta,Diptera,Culicidae,Uranotaenia,Uranotaenia sapphirina,22,7/27/2017,Egner,D,7/19/2017,88,Single
7272017EGD3,OTU105,GS,100,BOLD:AAB7936,Animalia,Arthropoda,Insecta,Lepidoptera,Oecophoridae,Inga,Inga sparsiciliella,547,7/27/2017,Egner,D,7/19/2017,88,Single
7272017EGD3,OTU124,SS,0.3,BOLD:ABZ5204,Animalia,Arthropoda,Insecta,Hemiptera,Miridae,NA,NA,79,7/27/2017,Egner,D,7/19/2017,88,Single
7272017EGD3,OTU149,GS,99.4,BOLD:AAH4942,Animalia,Arthropoda,Insecta,Lepidoptera,Gelechiidae,Dichomeris,NA,13,7/27/2017,Egner,D,7/19/2017,88,Single
7272017EGD3,OTU175,GS,99.4,BOLD:AAC7367,Animalia,Arthropoda,Insecta,Lepidoptera,Tineidae,Isocorypha,Isocorypha mediostriatella,141,7/27/2017,Egner,D,7/19/2017,88,Single
7272017EGD3,OTU185,GS,100,BOLD:AAA7667,Animalia,Arthropoda,Insecta,Lepidoptera,Tortricidae,Acleris,Acleris chalybeana,113,7/27/2017,Egner,D,7/19/2017,88,Single
7272017EGD3,OTU203,GS,100,BOLD:AAB0603,Animalia,Arthropoda,Insecta,Lepidoptera,Gelechiidae,Pseudotelphusa,Pseudotelphusa quercinigracella,96,7/27/2017,Egner,D,7/19/2017,88,Single
7272017EGD3,OTU213,GS,100,BOLD:AAD4936,Animalia,Arthropoda,Insecta,Lepidoptera,Gracillariidae,Caloptilia,Caloptilia sassafrasella,23,7/27/2017,Egner,D,7/19/2017,88,Single
7272017EGD3,OTU238,GS,100,BOLD:AAC2281,Animalia,Arthropoda,Insecta,Diptera,Culicidae,Anopheles,Anopheles quadrimaculatus,10,7/27/2017,Egner,D,7/19/2017,88,Single
7272017EGD3,OTU258,GS,100,BOLD:ACA7555,Animalia,Arthropoda,Insecta,Diptera,Chironomidae,NA,NA,7,7/27/2017,Egner,D,7/19/2017,88,Single
7272017EGD3,OTU269,GS,97.2,BOLD:AAP9050,Animalia,Arthropoda,Insecta,Diptera,Ceratopogonidae,NA,NA,7,7/27/2017,Egner,D,7/19/2017,88,Single
7272017EGD3,OTU279,US,0.9881,BOLD:AAL9881,Animalia,Arthropoda,Arachnida,Araneae,NA,NA,NA,13,7/27/2017,Egner,D,7/19/2017,88,Single
7272017EGD3,OTU410,SS,0.26,BOLD:ABZ3458,Animalia,Arthropoda,Insecta,Lepidoptera,NA,NA,NA,10,7/27/2017,Egner,D,7/19/2017,88,Single
7272017EGD3,OTU432,SS,0.78,BOLD:ACJ1534,Animalia,Arthropoda,Insecta,Hemiptera,NA,NA,NA,9,7/27/2017,Egner,D,7/19/2017,88,Single
7272017EGD3,OTU463,SS,0.21,BOLD:AAF2681,Animalia,Arthropoda,Insecta,Lepidoptera,NA,NA,NA,23,7/27/2017,Egner,D,7/19/2017,88,Single
7272017EGD3,OTU486,GS,100,BOLD:ACL3824,Animalia,Arthropoda,Insecta,Diptera,Chironomidae,NA,NA,3,7/27/2017,Egner,D,7/19/2017,88,Single
7272017EGD3,OTU549,GS,100,BOLD:AAM8604,Animalia,Arthropoda,Insecta,Lepidoptera,NA,NA,NA,1,7/27/2017,Egner,D,7/19/2017,88,Single
7272017EGD3,OTU602,GS,100,BOLD:AAG4911,Animalia,Arthropoda,Insecta,Diptera,NA,NA,NA,44,7/27/2017,Egner,D,7/19/2017,88,Single
7272017EGD3,OTU662,GS,98.6,BOLD:AAU1776,Animalia,Arthropoda,Insecta,Hymenoptera,Formicidae,NA,NA,2,7/27/2017,Egner,D,7/19/2017,88,Single
7272017EGD3,OTU714,SS,0.67,BOLD:ACM2197,Animalia,Arthropoda,Insecta,Hymenoptera,NA,NA,NA,2,7/27/2017,Egner,D,7/19/2017,88,Single
7272017EGD3,OTU721,US,0.9919,BOLD:ACX8969,Animalia,Arthropoda,Insecta,Diptera,NA,NA,NA,270,7/27/2017,Egner,D,7/19/2017,88,Single
7272017EGD3,OTU875,GS,100,BOLD:AAP2599,Animalia,Arthropoda,Insecta,Lepidoptera,NA,NA,NA,2,7/27/2017,Egner,D,7/19/2017,88,Single
7272017EGD3,OTU963,GS,99.4,BOLD:ACC7263,Animalia,Arthropoda,Insecta,Diptera,Mycetophilidae,Mycetophila,NA,12,7/27/2017,Egner,D,7/19/2017,88,Single
7272017EGD3,OTU982,GS,98.3,BOLD:AAP9050,Animalia,Arthropoda,Insecta,Diptera,Ceratopogonidae,NA,NA,20,7/27/2017,Egner,D,7/19/2017,88,Single
7272017EGD3,OTU1042,US,1,BOLD:ACU0827,Animalia,Arthropoda,Insecta,Diptera,NA,NA,NA,1,7/27/2017,Egner,D,7/19/2017,88,Single
7272017EGD3,OTU1226,US,0.3056,None,Animalia,Arthropoda,Insecta,Hymenoptera,NA,NA,NA,48,7/27/2017,Egner,D,7/19/2017,88,Single
7272017EGD3,OTU1274,GS,98.9,BOLD:AAG6465,Animalia,Arthropoda,Insecta,Diptera,Ceratopogonidae,NA,NA,15,7/27/2017,Egner,D,7/19/2017,88,Single
7272017EGD3,OTU1292,GS,97.8,BOLD:AAN5882,Animalia,Arthropoda,Insecta,Diptera,Limoniidae,Erioptera,Erioptera caliptera,9,7/27/2017,Egner,D,7/19/2017,88,Single
7272017EGD3,OTU1317,SS,0.01,BOLD:AAN5451,Animalia,Arthropoda,Arachnida,Araneae,Araneidae,Eustala,NA,27,7/27/2017,Egner,D,7/19/2017,88,Single
7272017EGD3,OTU1466,GS,100,BOLD:AAC6350,Animalia,Arthropoda,Arachnida,Araneae,Theridiidae,Theridion,Theridion murarium,5,7/27/2017,Egner,D,7/19/2017,88,Single
7272017EGD3,OTU1544,GS,99.4,BOLD:ABX3676,Animalia,Arthropoda,Insecta,Diptera,Ceratopogonidae,NA,NA,6,7/27/2017,Egner,D,7/19/2017,88,Single
7272017EGD3,OTU1593,GS,99.4,BOLD:AAH4493,Animalia,Arthropoda,Insecta,Lepidoptera,Gracillariidae,Cameraria,Cameraria saccharella,1,7/27/2017,Egner,D,7/19/2017,88,Single
7272017EGD3,OTU1641,GS,97.8,BOLD:AAW5755,Animalia,Arthropoda,Insecta,Lepidoptera,Depressariidae,Psilocorsis,Psilocorsis reflexella,10,7/27/2017,Egner,D,7/19/2017,88,Single
7272017EGD4,OTU7,GS,100,BOLD:AAF4632,Animalia,Arthropoda,Insecta,Diptera,Limoniidae,Epiphragma,Epiphragma solatrix,1008,7/27/2017,Egner,D,7/19/2017,88,Single
7272017EGD4,OTU11,GS,99.4,BOLD:AAG3848,Animalia,Arthropoda,Insecta,Diptera,Culicidae,Culex,Culex erraticus,338,7/27/2017,Egner,D,7/19/2017,88,Single
7272017EGD4,OTU12,GS,100,BOLD:AAE5173,Animalia,Arthropoda,Insecta,Diptera,Psychodidae,PschodididGC,NA,37675,7/27/2017,Egner,D,7/19/2017,88,Single
7272017EGD4,OTU37,GS,100,BOLD:AAB0484,Animalia,Arthropoda,Insecta,Lepidoptera,Tortricidae,Gypsonoma,Gypsonoma salicicolana,243,7/27/2017,Egner,D,7/19/2017,88,Single
7272017EGD4,OTU146,GS,99.4,BOLD:ABV9238,Animalia,Arthropoda,Insecta,Diptera,Limoniidae,Gonomyia,NA,83,7/27/2017,Egner,D,7/19/2017,88,Single
7272017EGD4,OTU189,GS,100,BOLD:ABV2225,Animalia,Arthropoda,Insecta,Lepidoptera,Gracillariidae,Caloptilia,NA,8,7/27/2017,Egner,D,7/19/2017,88,Single
7272017EGD4,OTU198,GS,99.4,BOLD:ABZ1242,Animalia,Arthropoda,Insecta,Diptera,Chironomidae,NA,NA,4,7/27/2017,Egner,D,7/19/2017,88,Single
7272017EGD4,OTU272,GS,100,BOLD:AAJ3819,Animalia,Arthropoda,Insecta,Diptera,Clusiidae,Sobarocephala,Sobarocephala setipes,2,7/27/2017,Egner,D,7/19/2017,88,Single
7272017EGD4,OTU283,GS,100,BOLD:AAZ5968,Animalia,Arthropoda,Insecta,Diptera,Limoniidae,NA,NA,3,7/27/2017,Egner,D,7/19/2017,88,Single
7272017EGD4,OTU365,GS,99.4,BOLD:AAU8554,Animalia,Arthropoda,Insecta,Hymenoptera,Ichneumonidae,NA,NA,13,7/27/2017,Egner,D,7/19/2017,88,Single
7272017EGD4,OTU464,GS,99.4,BOLD:AAA8103,Animalia,Arthropoda,Insecta,Lepidoptera,Depressariidae,Antaeotricha,Antaeotricha leucillana,4,7/27/2017,Egner,D,7/19/2017,88,Single
7272017EGD4,OTU483,US,0.1429,BOLD:ACK7325,Animalia,Arthropoda,Chilopoda,Scolopendromorpha,NA,NA,NA,4,7/27/2017,Egner,D,7/19/2017,88,Single
7272017EGD4,OTU489,GS,100,BOLD:ABX9225,Animalia,Arthropoda,Insecta,Diptera,Limoniidae,Rhipidia,NA,16,7/27/2017,Egner,D,7/19/2017,88,Single
7272017EGD4,OTU814,US,1,BOLD:AAN6325,Animalia,Arthropoda,Arachnida,Araneae,NA,NA,NA,1,7/27/2017,Egner,D,7/19/2017,88,Single
7272017EGD4,OTU847,US,0,BOLD:ACL2923,Animalia,Arthropoda,Insecta,Diptera,NA,NA,NA,10,7/27/2017,Egner,D,7/19/2017,88,Single
7272017EGD4,OTU1072,SS,0.54,BOLD:ABV9238,Animalia,Arthropoda,Insecta,Diptera,NA,NA,NA,4,7/27/2017,Egner,D,7/19/2017,88,Single
7272017EGD4,OTU1210,GS,97.2,BOLD:AAF4632,Animalia,Arthropoda,Insecta,Diptera,Limoniidae,Epiphragma,Epiphragma solatrix,200,7/27/2017,Egner,D,7/19/2017,88,Single
7272017EGD4,OTU1325,GS,97.2,BOLD:AAD6784,Animalia,Arthropoda,Insecta,Lepidoptera,Gelechiidae,Metzneria,Metzneria metzneriella,3,7/27/2017,Egner,D,7/19/2017,88,Single
7272017EGD4,OTU1364,US,3e-04,BOLD:ACN9704,Animalia,Arthropoda,Insecta,Lepidoptera,NA,NA,NA,1,7/27/2017,Egner,D,7/19/2017,88,Single
7272017EGD4,OTU1741,GS,98.3,BOLD:AAP9050,Animalia,Arthropoda,Insecta,Diptera,Ceratopogonidae,NA,NA,5,7/27/2017,Egner,D,7/19/2017,88,Single
7272017EGD4,OTU1871,SS,0.85,BOLD:AAG3848,Animalia,Arthropoda,Insecta,Diptera,Culicidae,Culex,Culex erraticus,2,7/27/2017,Egner,D,7/19/2017,88,Single
7272017EGD4,OTU1921,US,0,BOLD:ACL2923,Animalia,Arthropoda,Insecta,Diptera,NA,NA,NA,2,7/27/2017,Egner,D,7/19/2017,88,Single
7272017EGD5,OTU11,GS,99.4,BOLD:AAG3848,Animalia,Arthropoda,Insecta,Diptera,Culicidae,Culex,Culex erraticus,29160,7/27/2017,Egner,D,7/19/2017,88,Single
7272017EGD5,OTU13,GS,100,BOLD:ABV1771,Animalia,Arthropoda,Insecta,Diptera,Limoniidae,NA,NA,975,7/27/2017,Egner,D,7/19/2017,88,Single
7272017EGD5,OTU16,GS,100,BOLD:AAA7067,Animalia,Arthropoda,Insecta,Diptera,Culicidae,Aedes,Aedes vexans,620,7/27/2017,Egner,D,7/19/2017,88,Single
7272017EGD5,OTU34,GS,100,BOLD:AAM6211,Animalia,Arthropoda,Insecta,Diptera,Chironomidae,Glyptotendipes,NA,11822,7/27/2017,Egner,D,7/19/2017,88,Single
7272017EGD5,OTU35,GS,100,BOLD:ABW4215,Animalia,Arthropoda,Insecta,Diptera,Chironomidae,Glyptotendipes,Glyptotendipes meridionalis,177,7/27/2017,Egner,D,7/19/2017,88,Single
7272017EGD5,OTU68,GS,100,BOLD:AAB7030,Animalia,Arthropoda,Insecta,Diptera,Chironomidae,Chironomus,Chironomus decorus,137,7/27/2017,Egner,D,7/19/2017,88,Single
7272017EGD5,OTU88,GS,100,BOLD:AAE0434,Animalia,Arthropoda,Insecta,Diptera,Culicidae,Uranotaenia,Uranotaenia sapphirina,638,7/27/2017,Egner,D,7/19/2017,88,Single
7272017EGD5,OTU89,GS,98.3,BOLD:ABW2415,Animalia,Arthropoda,Insecta,Diptera,Tipulidae,Nephrotoma,Nephrotoma okefenoke,196,7/27/2017,Egner,D,7/19/2017,88,Single
7272017EGD5,OTU99,US,1,BOLD:ACF7919,Animalia,Arthropoda,Collembola,Poduromorpha,NA,NA,NA,64,7/27/2017,Egner,D,7/19/2017,88,Single
7272017EGD5,OTU124,SS,0.3,BOLD:ABZ5204,Animalia,Arthropoda,Insecta,Hemiptera,Miridae,NA,NA,4009,7/27/2017,Egner,D,7/19/2017,88,Single
7272017EGD5,OTU135,GS,99.4,BOLD:AAA5872,Animalia,Arthropoda,Insecta,Lepidoptera,Gelechiidae,Chionodes,Chionodes mediofuscella,142,7/27/2017,Egner,D,7/19/2017,88,Single
7272017EGD5,OTU175,GS,99.4,BOLD:AAC7367,Animalia,Arthropoda,Insecta,Lepidoptera,Tineidae,Isocorypha,Isocorypha mediostriatella,644,7/27/2017,Egner,D,7/19/2017,88,Single
7272017EGD5,OTU198,GS,99.4,BOLD:ABZ1242,Animalia,Arthropoda,Insecta,Diptera,Chironomidae,NA,NA,99,7/27/2017,Egner,D,7/19/2017,88,Single
7272017EGD5,OTU258,GS,100,BOLD:ACA7555,Animalia,Arthropoda,Insecta,Diptera,Chironomidae,NA,NA,49,7/27/2017,Egner,D,7/19/2017,88,Single
7272017EGD5,OTU287,GS,98.9,BOLD:AAG5457,Animalia,Arthropoda,Insecta,Diptera,Chironomidae,NA,NA,181,7/27/2017,Egner,D,7/19/2017,88,Single
7272017EGD5,OTU295,GS,97.8,BOLD:AAG3848,Animalia,Arthropoda,Insecta,Diptera,Culicidae,Culex,Culex erraticus,458,7/27/2017,Egner,D,7/19/2017,88,Single
7272017EGD5,OTU309,GS,100,BOLD:AAH5582,Animalia,Arthropoda,Insecta,Lepidoptera,Gelechiidae,Battaristis,NA,27,7/27/2017,Egner,D,7/19/2017,88,Single
7272017EGD5,OTU317,GS,99.4,BOLD:ACA8818,Animalia,Arthropoda,Insecta,Hemiptera,Derbidae,Patara,Patara vanduzeei,13,7/27/2017,Egner,D,7/19/2017,88,Single
7272017EGD5,OTU343,GS,100,BOLD:ACD2226,Animalia,Arthropoda,Insecta,Psocodea,Psocidae,Ptycta,Ptycta polluta,2351,7/27/2017,Egner,D,7/19/2017,88,Single
7272017EGD5,OTU371,GS,100,BOLD:ABX9756,Animalia,Arthropoda,Insecta,Diptera,NA,NA,NA,434,7/27/2017,Egner,D,7/19/2017,88,Single
7272017EGD5,OTU424,GS,100,BOLD:ABZ3656,Animalia,Arthropoda,Insecta,Lepidoptera,Depressariidae,Psilocorsis,Psilocorsis reflexella,564,7/27/2017,Egner,D,7/19/2017,88,Single
7272017EGD5,OTU432,SS,0.78,BOLD:ACJ1534,Animalia,Arthropoda,Insecta,Hemiptera,NA,NA,NA,368,7/27/2017,Egner,D,7/19/2017,88,Single
7272017EGD5,OTU444,GS,100,BOLD:AAC3075,Animalia,Arthropoda,Insecta,Lepidoptera,Gelechiidae,Theisoa,Theisoa constrictella,9,7/27/2017,Egner,D,7/19/2017,88,Single
7272017EGD5,OTU481,GS,100,BOLD:AAG0004,Animalia,Arthropoda,Insecta,Lepidoptera,Gelechiidae,Sinoe,Sinoe kwakae,96,7/27/2017,Egner,D,7/19/2017,88,Single
7272017EGD5,OTU489,GS,100,BOLD:ABX9225,Animalia,Arthropoda,Insecta,Diptera,Limoniidae,Rhipidia,NA,208,7/27/2017,Egner,D,7/19/2017,88,Single
7272017EGD5,OTU498,GSL,99.4,BOLD:AAI2160,Animalia,Arthropoda,Insecta,Odonata,Coenagrionidae,Ischnura,Ischnura posita,73,7/27/2017,Egner,D,7/19/2017,88,Single
7272017EGD5,OTU501,GS,100,BOLD:AAA8313,Animalia,Arthropoda,Insecta,Lepidoptera,Noctuidae,Athetis,Athetis tarda,10,7/27/2017,Egner,D,7/19/2017,88,Single
7272017EGD5,OTU536,GS,99.4,BOLD:AAG0118,Animalia,Arthropoda,Insecta,Lepidoptera,Lyonetiidae,NA,NA,95,7/27/2017,Egner,D,7/19/2017,88,Single
7272017EGD5,OTU559,GS,100,BOLD:AAG5254,Animalia,Arthropoda,Insecta,Lepidoptera,Dryadaulidae,Dryadaula,NA,223,7/27/2017,Egner,D,7/19/2017,88,Single
7272017EGD5,OTU609,GS,100,BOLD:AAG1032,Animalia,Arthropoda,Insecta,Lepidoptera,NA,NA,NA,67,7/27/2017,Egner,D,7/19/2017,88,Single
7272017EGD5,OTU636,GS,99.4,BOLD:AAM6230,Animalia,Arthropoda,Insecta,Diptera,Chironomidae,Chironomus,NA,294,7/27/2017,Egner,D,7/19/2017,88,Single
7272017EGD5,OTU656,GS,99.4,BOLD:AAZ0144,Animalia,Arthropoda,Insecta,Diptera,Chironomidae,Chironomus,NA,9,7/27/2017,Egner,D,7/19/2017,88,Single
7272017EGD5,OTU717,GSL,100,BOLD:ABZ7359,Animalia,Arthropoda,Insecta,Lepidoptera,Erebidae,Halysidota,NA,205,7/27/2017,Egner,D,7/19/2017,88,Single
7272017EGD5,OTU769,GS,100,BOLD:AAE8646,Animalia,Arthropoda,Insecta,Hymenoptera,Formicidae,Solenopsis,Solenopsis molesta,1,7/27/2017,Egner,D,7/19/2017,88,Single
7272017EGD5,OTU839,GS,100,BOLD:AAC0706,Animalia,Arthropoda,Insecta,Diptera,Chironomidae,Dicrotendipes,Dicrotendipes tritomus,2,7/27/2017,Egner,D,7/19/2017,88,Single
7272017EGD5,OTU872,GS,98.9,BOLD:AAJ2419,Animalia,Arthropoda,Insecta,Hymenoptera,Braconidae,Aleiodes,Aleiodes albitibia,20,7/27/2017,Egner,D,7/19/2017,88,Single
7272017EGD5,OTU952,US,0,BOLD:AAD4292,Animalia,Arthropoda,Insecta,Diptera,NA,NA,NA,46,7/27/2017,Egner,D,7/19/2017,88,Single
7272017EGD5,OTU976,GS,97.2,BOLD:AAA5872,Animalia,Arthropoda,Insecta,Lepidoptera,Gelechiidae,Chionodes,Chionodes mediofuscella,1,7/27/2017,Egner,D,7/19/2017,88,Single
7272017EGD5,OTU986,GS,99.4,BOLD:ABV0488,Animalia,Arthropoda,Insecta,Diptera,Cecidomyiidae,NA,NA,28,7/27/2017,Egner,D,7/19/2017,88,Single
7272017EGD5,OTU988,GS,100,BOLD:AAP5113,Animalia,Arthropoda,Insecta,Diptera,Chironomidae,NA,NA,62,7/27/2017,Egner,D,7/19/2017,88,Single
7272017EGD5,OTU1029,GS,100,BOLD:ACE4783,Animalia,Arthropoda,Insecta,Lepidoptera,Noctuidae,Spodoptera,Spodoptera frugiperda,1,7/27/2017,Egner,D,7/19/2017,88,Single
7272017EGD5,OTU1037,GS,99.4,BOLD:AAG4951,Animalia,Arthropoda,Insecta,Diptera,Keroplatidae,NA,NA,141,7/27/2017,Egner,D,7/19/2017,88,Single
7272017EGD5,OTU1050,GS,100,BOLD:ABX0586,Animalia,Arthropoda,Insecta,Coleoptera,Sphindidae,NA,NA,215,7/27/2017,Egner,D,7/19/2017,88,Single
7272017EGD5,OTU1053,US,1,BOLD:ACI5356,Animalia,Arthropoda,Insecta,Diptera,NA,NA,NA,5,7/27/2017,Egner,D,7/19/2017,88,Single
7272017EGD5,OTU1072,SS,0.54,BOLD:ABV9238,Animalia,Arthropoda,Insecta,Diptera,NA,NA,NA,12,7/27/2017,Egner,D,7/19/2017,88,Single
7272017EGD5,OTU1200,US,1,None,Animalia,Arthropoda,Insecta,Orthoptera,NA,NA,NA,52,7/27/2017,Egner,D,7/19/2017,88,Single
7272017EGD5,OTU1268,GS,97.8,BOLD:AAM6211,Animalia,Arthropoda,Insecta,Diptera,Chironomidae,Glyptotendipes,NA,1845,7/27/2017,Egner,D,7/19/2017,88,Single
7272017EGD5,OTU1274,GS,98.9,BOLD:AAG6465,Animalia,Arthropoda,Insecta,Diptera,Ceratopogonidae,NA,NA,19,7/27/2017,Egner,D,7/19/2017,88,Single
7272017EGD5,OTU1288,GS,99.4,BOLD:AAM9374,Animalia,Arthropoda,Insecta,Diptera,Phoridae,Megaselia,NA,120,7/27/2017,Egner,D,7/19/2017,88,Single
7272017EGD5,OTU1351,SS,0.94,BOLD:AAB7030,Animalia,Arthropoda,Insecta,Diptera,Chironomidae,Chironomus,Chironomus decorus,16,7/27/2017,Egner,D,7/19/2017,88,Single
7272017EGD5,OTU1434,GS,97.6,BOLD:AAA7067,Animalia,Arthropoda,Insecta,Diptera,Culicidae,Aedes,Aedes vexans,14,7/27/2017,Egner,D,7/19/2017,88,Single
7272017EGD5,OTU1502,GS,100,BOLD:AAA7880,Animalia,Arthropoda,Insecta,Lepidoptera,Crambidae,Nomophila,Nomophila noctuella,12,7/27/2017,Egner,D,7/19/2017,88,Single
7272017EGD5,OTU1632,GS,99.4,BOLD:AAH5149,Animalia,Arthropoda,Insecta,Lepidoptera,Gelechiidae,Aristotelia,NA,1,7/27/2017,Egner,D,7/19/2017,88,Single
7272017EGD5,OTU1642,GS,99.4,BOLD:AAB5246,Animalia,Arthropoda,Insecta,Lepidoptera,Erebidae,Ledaea,Ledaea perditalis,1,7/27/2017,Egner,D,7/19/2017,88,Single
7272017EGD5,OTU1740,SS,0.75,BOLD:ABV1771,Animalia,Arthropoda,Insecta,Diptera,NA,NA,NA,6,7/27/2017,Egner,D,7/19/2017,88,Single
7272017EGD5,OTU1756,SS,0.97,BOLD:AAG3848,Animalia,Arthropoda,Insecta,Diptera,Culicidae,Culex,Culex erraticus,1,7/27/2017,Egner,D,7/19/2017,88,Single
7272017EGD5,OTU1852,US,0.9925,BOLD:AAW0749,Animalia,Arthropoda,Insecta,Hymenoptera,NA,NA,NA,27,7/27/2017,Egner,D,7/19/2017,88,Single
7272017EGD5,OTU1871,SS,0.85,BOLD:AAG3848,Animalia,Arthropoda,Insecta,Diptera,Culicidae,Culex,Culex erraticus,8,7/27/2017,Egner,D,7/19/2017,88,Single
7272017EGD5,OTU1920,GS,98.9,BOLD:ABZ1624,Animalia,Arthropoda,Insecta,Lepidoptera,Depressariidae,Machimia,Machimia tentoriferella,12,7/27/2017,Egner,D,7/19/2017,88,Single
7272017EGD6,OTU5,GS,99.4,BOLD:AAN5451,Animalia,Arthropoda,Arachnida,Araneae,Araneidae,Eustala,NA,3276,7/27/2017,Egner,D,7/19/2017,88,Single
7272017EGD6,OTU7,GS,100,BOLD:AAF4632,Animalia,Arthropoda,Insecta,Diptera,Limoniidae,Epiphragma,Epiphragma solatrix,1729,7/27/2017,Egner,D,7/19/2017,88,Single
7272017EGD6,OTU11,GS,99.4,BOLD:AAG3848,Animalia,Arthropoda,Insecta,Diptera,Culicidae,Culex,Culex erraticus,2298,7/27/2017,Egner,D,7/19/2017,88,Single
7272017EGD6,OTU13,GS,100,BOLD:ABV1771,Animalia,Arthropoda,Insecta,Diptera,Limoniidae,NA,NA,437,7/27/2017,Egner,D,7/19/2017,88,Single
7272017EGD6,OTU34,GS,100,BOLD:AAM6211,Animalia,Arthropoda,Insecta,Diptera,Chironomidae,Glyptotendipes,NA,86,7/27/2017,Egner,D,7/19/2017,88,Single
7272017EGD6,OTU37,GS,100,BOLD:AAB0484,Animalia,Arthropoda,Insecta,Lepidoptera,Tortricidae,Gypsonoma,Gypsonoma salicicolana,4949,7/27/2017,Egner,D,7/19/2017,88,Single
7272017EGD6,OTU83,GS,100,BOLD:ABA5203,Animalia,Arthropoda,Insecta,Diptera,Limoniidae,Dicranomyia,Dicranomyia frontalis,10819,7/27/2017,Egner,D,7/19/2017,88,Single
7272017EGD6,OTU88,GS,100,BOLD:AAE0434,Animalia,Arthropoda,Insecta,Diptera,Culicidae,Uranotaenia,Uranotaenia sapphirina,160,7/27/2017,Egner,D,7/19/2017,88,Single
7272017EGD6,OTU97,GS,100,BOLD:AAB7935,Animalia,Arthropoda,Arachnida,Araneae,Araneidae,Eustala,Eustala cepina,160,7/27/2017,Egner,D,7/19/2017,88,Single
7272017EGD6,OTU148,GS,100,BOLD:AAK7352,Animalia,Arthropoda,Arachnida,Araneae,Araneidae,Metepeira,Metepeira labyrinthea,13,7/27/2017,Egner,D,7/19/2017,88,Single
7272017EGD6,OTU183,GS,100,BOLD:AAB2305,Animalia,Arthropoda,Insecta,Lepidoptera,Geometridae,Digrammia,Digrammia gnophosaria,90,7/27/2017,Egner,D,7/19/2017,88,Single
7272017EGD6,OTU189,GS,100,BOLD:ABV2225,Animalia,Arthropoda,Insecta,Lepidoptera,Gracillariidae,Caloptilia,NA,51,7/27/2017,Egner,D,7/19/2017,88,Single
7272017EGD6,OTU190,GS,100,BOLD:ABY7666,Animalia,Arthropoda,Insecta,Diptera,Culicidae,Culex,Culex territans,47,7/27/2017,Egner,D,7/19/2017,88,Single
7272017EGD6,OTU193,GS,98.9,BOLD:AAI4436,Animalia,Arthropoda,Insecta,Lepidoptera,Gelechiidae,Aristotelia,NA,103,7/27/2017,Egner,D,7/19/2017,88,Single
7272017EGD6,OTU206,GS,99.4,BOLD:AAN8390,Animalia,Arthropoda,Insecta,Hemiptera,Miridae,Neurocolpus,Neurocolpus nubilus,123,7/27/2017,Egner,D,7/19/2017,88,Single
7272017EGD6,OTU231,GS,100,BOLD:AAD2590,Animalia,Arthropoda,Insecta,Lepidoptera,Gracillariidae,Caloptilia,Caloptilia packardella,14,7/27/2017,Egner,D,7/19/2017,88,Single
7272017EGD6,OTU310,GS,100,BOLD:ABX7479,Animalia,Arthropoda,Insecta,Diptera,Chironomidae,Parachironomus,NA,3,7/27/2017,Egner,D,7/19/2017,88,Single
7272017EGD6,OTU342,GS,99.4,BOLD:AAI1931,Animalia,Arthropoda,Insecta,Lepidoptera,Blastobasidae,Holcocera,Holcocera chalcofrontella,14,7/27/2017,Egner,D,7/19/2017,88,Single
7272017EGD6,OTU390,GS,97.2,BOLD:ADC1632,Animalia,Arthropoda,Insecta,Hymenoptera,Braconidae,Dolichogenidea,NA,17,7/27/2017,Egner,D,7/19/2017,88,Single
7272017EGD6,OTU486,GS,100,BOLD:ACL3824,Animalia,Arthropoda,Insecta,Diptera,Chironomidae,NA,NA,3,7/27/2017,Egner,D,7/19/2017,88,Single
7272017EGD6,OTU543,GS,100,BOLD:AAA7928,Animalia,Arthropoda,Insecta,Lepidoptera,Blastobasidae,Blastobasis,Blastobasis taurusella,4,7/27/2017,Egner,D,7/19/2017,88,Single
7272017EGD6,OTU576,GS,100,BOLD:AAA5192,Animalia,Arthropoda,Insecta,Lepidoptera,Tortricidae,Platynota,Platynota idaeusalis,8,7/27/2017,Egner,D,7/19/2017,88,Single
7272017EGD6,OTU779,GS,99.4,BOLD:ABW9743,Animalia,Arthropoda,Insecta,Hemiptera,Cicadellidae,Scaphoideus,NA,4,7/27/2017,Egner,D,7/19/2017,88,Single
7272017EGD6,OTU781,US,1,None,Animalia,Arthropoda,Insecta,Diptera,NA,NA,NA,43,7/27/2017,Egner,D,7/19/2017,88,Single
7272017EGD6,OTU793,GS,98.9,BOLD:AAB8800,Animalia,Arthropoda,Insecta,Lepidoptera,Autostichidae,Gerdana,Gerdana caritella,3,7/27/2017,Egner,D,7/19/2017,88,Single
7272017EGD6,OTU813,GS,98.9,BOLD:AAK0049,Animalia,Arthropoda,Insecta,Lepidoptera,Gelechiidae,Aroga,Aroga aristotelis,4,7/27/2017,Egner,D,7/19/2017,88,Single
7272017EGD6,OTU847,US,0,BOLD:ACL2923,Animalia,Arthropoda,Insecta,Diptera,NA,NA,NA,33,7/27/2017,Egner,D,7/19/2017,88,Single
7272017EGD6,OTU1070,GS,99.4,BOLD:AAC0184,Animalia,Arthropoda,Insecta,Lepidoptera,Tineidae,Niditinea,Niditinea orleansella,44,7/27/2017,Egner,D,7/19/2017,88,Single
7272017EGD6,OTU1097,GS,97.2,BOLD:AAN5451,Animalia,Arthropoda,Arachnida,Araneae,Araneidae,Eustala,NA,69,7/27/2017,Egner,D,7/19/2017,88,Single
7272017EGD6,OTU1185,GS,98.3,BOLD:AAZ8488,Animalia,Arthropoda,Insecta,Hemiptera,NA,NA,NA,80,7/27/2017,Egner,D,7/19/2017,88,Single
7272017EGD6,OTU1188,US,1,None,Animalia,Arthropoda,Insecta,Diptera,NA,NA,NA,1,7/27/2017,Egner,D,7/19/2017,88,Single
7272017EGD6,OTU1210,GS,97.2,BOLD:AAF4632,Animalia,Arthropoda,Insecta,Diptera,Limoniidae,Epiphragma,Epiphragma solatrix,17,7/27/2017,Egner,D,7/19/2017,88,Single
7272017EGD6,OTU1265,SS,0.83,BOLD:AAF4632,Animalia,Arthropoda,Insecta,Diptera,Limoniidae,Epiphragma,Epiphragma solatrix,115,7/27/2017,Egner,D,7/19/2017,88,Single
7272017EGD6,OTU1268,GS,97.8,BOLD:AAM6211,Animalia,Arthropoda,Insecta,Diptera,Chironomidae,Glyptotendipes,NA,18,7/27/2017,Egner,D,7/19/2017,88,Single
7272017EGD6,OTU1317,SS,0.01,BOLD:AAN5451,Animalia,Arthropoda,Arachnida,Araneae,Araneidae,Eustala,NA,10,7/27/2017,Egner,D,7/19/2017,88,Single
7272017EGD6,OTU1325,GS,97.2,BOLD:AAD6784,Animalia,Arthropoda,Insecta,Lepidoptera,Gelechiidae,Metzneria,Metzneria metzneriella,24,7/27/2017,Egner,D,7/19/2017,88,Single
7272017EGD6,OTU1381,GS,100,BOLD:ACF3514,Animalia,Arthropoda,Insecta,Trichoptera,Leptoceridae,Oecetis,Oecetis inconspicua,5,7/27/2017,Egner,D,7/19/2017,88,Single
7272017EGD6,OTU1480,US,0.9249,BOLD:AAN5882,Animalia,Arthropoda,Insecta,Diptera,NA,NA,NA,1,7/27/2017,Egner,D,7/19/2017,88,Single
7272017EGD6,OTU1494,US,0.8732,BOLD:AAF4632,Animalia,Arthropoda,Insecta,Diptera,NA,NA,NA,1,7/27/2017,Egner,D,7/19/2017,88,Single
7272017EGD6,OTU1620,US,0.3913,BOLD:AAC8321,Animalia,Arthropoda,Insecta,Hemiptera,NA,NA,NA,3,7/27/2017,Egner,D,7/19/2017,88,Single
7272017EGD6,OTU1636,SS,0.74,BOLD:AAF4632,Animalia,Arthropoda,Insecta,NA,NA,NA,NA,5,7/27/2017,Egner,D,7/19/2017,88,Single
7272017EGD6,OTU1683,SS,0.84,BOLD:AAF4632,Animalia,Arthropoda,Insecta,Diptera,Limoniidae,Epiphragma,Epiphragma solatrix,24,7/27/2017,Egner,D,7/19/2017,88,Single
7272017EGD6,OTU1740,SS,0.75,BOLD:ABV1771,Animalia,Arthropoda,Insecta,Diptera,NA,NA,NA,2,7/27/2017,Egner,D,7/19/2017,88,Single
7272017EGD6,OTU1756,SS,0.97,BOLD:AAG3848,Animalia,Arthropoda,Insecta,Diptera,Culicidae,Culex,Culex erraticus,3,7/27/2017,Egner,D,7/19/2017,88,Single
7272017EGD6,OTU1818,GS,97.9,BOLD:AAF4632,Animalia,Arthropoda,Insecta,Diptera,Limoniidae,Epiphragma,Epiphragma solatrix,1,7/27/2017,Egner,D,7/19/2017,88,Single
7272017EGD6,OTU1828,GS,97.8,BOLD:AAG8934,Animalia,Arthropoda,Insecta,Hemiptera,Miridae,Neurocolpus,Neurocolpus arizonae,38,7/27/2017,Egner,D,7/19/2017,88,Single
7272017EGD6,OTU1834,SS,0.74,BOLD:AAF4632,Animalia,Arthropoda,Insecta,Diptera,NA,NA,NA,42,7/27/2017,Egner,D,7/19/2017,88,Single
7272017EGD6,OTU1871,SS,0.85,BOLD:AAG3848,Animalia,Arthropoda,Insecta,Diptera,Culicidae,Culex,Culex erraticus,1,7/27/2017,Egner,D,7/19/2017,88,Single
7272017EGD6,OTU1878,SS,0.78,BOLD:ABW4215,Animalia,Arthropoda,Insecta,Diptera,NA,NA,NA,2,7/27/2017,Egner,D,7/19/2017,88,Single
7272017EGD7,OTU5,GS,99.4,BOLD:AAN5451,Animalia,Arthropoda,Arachnida,Araneae,Araneidae,Eustala,NA,1711,7/27/2017,Egner,D,7/19/2017,88,Single
7272017EGD7,OTU7,GS,100,BOLD:AAF4632,Animalia,Arthropoda,Insecta,Diptera,Limoniidae,Epiphragma,Epiphragma solatrix,2559,7/27/2017,Egner,D,7/19/2017,88,Single
7272017EGD7,OTU11,GS,99.4,BOLD:AAG3848,Animalia,Arthropoda,Insecta,Diptera,Culicidae,Culex,Culex erraticus,2164,7/27/2017,Egner,D,7/19/2017,88,Single
7272017EGD7,OTU14,GS,99.4,BOLD:AAO3940,Animalia,Arthropoda,Insecta,Diptera,Limoniidae,Rhipidia,NA,20791,7/27/2017,Egner,D,7/19/2017,88,Single
7272017EGD7,OTU34,GS,100,BOLD:AAM6211,Animalia,Arthropoda,Insecta,Diptera,Chironomidae,Glyptotendipes,NA,111,7/27/2017,Egner,D,7/19/2017,88,Single
7272017EGD7,OTU57,GS,100,BOLD:AAI1618,Animalia,Arthropoda,Insecta,Diptera,Culicidae,Coquillettidia,Coquillettidia perturbans,221,7/27/2017,Egner,D,7/19/2017,88,Single
7272017EGD7,OTU65,GS,100,BOLD:AAA1517,Animalia,Arthropoda,Insecta,Lepidoptera,Tortricidae,Choristoneura,Choristoneura rosaceana,137,7/27/2017,Egner,D,7/19/2017,88,Single
7272017EGD7,OTU78,US,1,BOLD:AAY8864,Animalia,Arthropoda,Insecta,Diptera,NA,NA,NA,308,7/27/2017,Egner,D,7/19/2017,88,Single
7272017EGD7,OTU88,GS,100,BOLD:AAE0434,Animalia,Arthropoda,Insecta,Diptera,Culicidae,Uranotaenia,Uranotaenia sapphirina,69,7/27/2017,Egner,D,7/19/2017,88,Single
7272017EGD7,OTU175,GS,99.4,BOLD:AAC7367,Animalia,Arthropoda,Insecta,Lepidoptera,Tineidae,Isocorypha,Isocorypha mediostriatella,271,7/27/2017,Egner,D,7/19/2017,88,Single
7272017EGD7,OTU198,GS,99.4,BOLD:ABZ1242,Animalia,Arthropoda,Insecta,Diptera,Chironomidae,NA,NA,20,7/27/2017,Egner,D,7/19/2017,88,Single
7272017EGD7,OTU244,GS,100,BOLD:AAB1096,Animalia,Arthropoda,Insecta,Lepidoptera,Blastobasidae,Blastobasis,Blastobasis glandulella,71,7/27/2017,Egner,D,7/19/2017,88,Single
7272017EGD7,OTU258,GS,100,BOLD:ACA7555,Animalia,Arthropoda,Insecta,Diptera,Chironomidae,NA,NA,36,7/27/2017,Egner,D,7/19/2017,88,Single
7272017EGD7,OTU269,GS,97.2,BOLD:AAP9050,Animalia,Arthropoda,Insecta,Diptera,Ceratopogonidae,NA,NA,68,7/27/2017,Egner,D,7/19/2017,88,Single
7272017EGD7,OTU359,GS,100,BOLD:ACW3132,Animalia,Arthropoda,Collembola,Poduromorpha,Hypogastruridae,NA,NA,1181,7/27/2017,Egner,D,7/19/2017,88,Single
7272017EGD7,OTU639,US,0.9885,BOLD:ACI7589,Animalia,Arthropoda,Insecta,Coleoptera,NA,NA,NA,38,7/27/2017,Egner,D,7/19/2017,88,Single
7272017EGD7,OTU642,GS,100,BOLD:AAM7778,Animalia,Arthropoda,Insecta,Coleoptera,Hydrophilidae,Enochrus,Enochrus ochraceus,28,7/27/2017,Egner,D,7/19/2017,88,Single
7272017EGD7,OTU805,GS,100,BOLD:AAI6172,Animalia,Arthropoda,Insecta,Lepidoptera,Nepticulidae,Ectoedemia,Ectoedemia ulmella,1,7/27/2017,Egner,D,7/19/2017,88,Single
7272017EGD7,OTU847,US,0,BOLD:ACL2923,Animalia,Arthropoda,Insecta,Diptera,NA,NA,NA,222,7/27/2017,Egner,D,7/19/2017,88,Single
7272017EGD7,OTU907,SS,0.01,BOLD:AAO3940,Animalia,Arthropoda,Insecta,Diptera,Limoniidae,Rhipidia,NA,9,7/27/2017,Egner,D,7/19/2017,88,Single
7272017EGD7,OTU935,SS,0.01,BOLD:AAO3940,Animalia,Arthropoda,Insecta,Diptera,Limoniidae,Rhipidia,NA,12,7/27/2017,Egner,D,7/19/2017,88,Single
7272017EGD7,OTU1016,GS,99.4,BOLD:ABV1452,Animalia,Arthropoda,Insecta,Diptera,Chironomidae,NA,NA,26,7/27/2017,Egner,D,7/19/2017,88,Single
7272017EGD7,OTU1072,SS,0.54,BOLD:ABV9238,Animalia,Arthropoda,Insecta,Diptera,NA,NA,NA,6,7/27/2017,Egner,D,7/19/2017,88,Single
7272017EGD7,OTU1097,GS,97.2,BOLD:AAN5451,Animalia,Arthropoda,Arachnida,Araneae,Araneidae,Eustala,NA,36,7/27/2017,Egner,D,7/19/2017,88,Single
7272017EGD7,OTU1210,GS,97.2,BOLD:AAF4632,Animalia,Arthropoda,Insecta,Diptera,Limoniidae,Epiphragma,Epiphragma solatrix,84,7/27/2017,Egner,D,7/19/2017,88,Single
7272017EGD7,OTU1265,SS,0.83,BOLD:AAF4632,Animalia,Arthropoda,Insecta,Diptera,Limoniidae,Epiphragma,Epiphragma solatrix,8,7/27/2017,Egner,D,7/19/2017,88,Single
7272017EGD7,OTU1274,GS,98.9,BOLD:AAG6465,Animalia,Arthropoda,Insecta,Diptera,Ceratopogonidae,NA,NA,19,7/27/2017,Egner,D,7/19/2017,88,Single
7272017EGD7,OTU1482,SS,0.87,BOLD:AAF9008,Animalia,Arthropoda,Insecta,Diptera,Limoniidae,Helius,Helius flavipes,10,7/27/2017,Egner,D,7/19/2017,88,Single
7272017EGD7,OTU1522,SS,0.57,BOLD:AAF9008,Animalia,Arthropoda,Insecta,Diptera,NA,NA,NA,1,7/27/2017,Egner,D,7/19/2017,88,Single
7272017EGD7,OTU1554,SS,0.92,BOLD:AAP2734,Animalia,Arthropoda,Insecta,Diptera,Limoniidae,Erioptera,Erioptera parva,9,7/27/2017,Egner,D,7/19/2017,88,Single
7272017EGD7,OTU1555,GS,99.4,BOLD:AAH3960,Animalia,Arthropoda,Insecta,Diptera,Sciaridae,Cratyna,Cratyna fulvicauda,27,7/27/2017,Egner,D,7/19/2017,88,Single
7272017EGD7,OTU1641,GS,97.8,BOLD:AAW5755,Animalia,Arthropoda,Insecta,Lepidoptera,Depressariidae,Psilocorsis,Psilocorsis reflexella,21,7/27/2017,Egner,D,7/19/2017,88,Single
7272017EGD7,OTU1748,SS,0.6,BOLD:ACF8409,Animalia,Arthropoda,Insecta,Diptera,NA,NA,NA,4,7/27/2017,Egner,D,7/19/2017,88,Single
7272017EGD7,OTU1782,US,0.9249,BOLD:AAO3940,Animalia,Arthropoda,Insecta,Diptera,NA,NA,NA,1,7/27/2017,Egner,D,7/19/2017,88,Single
7272017EGD7,OTU1818,GS,97.9,BOLD:AAF4632,Animalia,Arthropoda,Insecta,Diptera,Limoniidae,Epiphragma,Epiphragma solatrix,1,7/27/2017,Egner,D,7/19/2017,88,Single
7272017EGD7,OTU1871,SS,0.85,BOLD:AAG3848,Animalia,Arthropoda,Insecta,Diptera,Culicidae,Culex,Culex erraticus,47,7/27/2017,Egner,D,7/19/2017,88,Single
7272017EGD8,OTU5,GS,99.4,BOLD:AAN5451,Animalia,Arthropoda,Arachnida,Araneae,Araneidae,Eustala,NA,1838,7/27/2017,Egner,D,7/19/2017,88,Single
7272017EGD8,OTU7,GS,100,BOLD:AAF4632,Animalia,Arthropoda,Insecta,Diptera,Limoniidae,Epiphragma,Epiphragma solatrix,15690,7/27/2017,Egner,D,7/19/2017,88,Single
7272017EGD8,OTU11,GS,99.4,BOLD:AAG3848,Animalia,Arthropoda,Insecta,Diptera,Culicidae,Culex,Culex erraticus,5418,7/27/2017,Egner,D,7/19/2017,88,Single
7272017EGD8,OTU13,GS,100,BOLD:ABV1771,Animalia,Arthropoda,Insecta,Diptera,Limoniidae,NA,NA,3967,7/27/2017,Egner,D,7/19/2017,88,Single
7272017EGD8,OTU34,GS,100,BOLD:AAM6211,Animalia,Arthropoda,Insecta,Diptera,Chironomidae,Glyptotendipes,NA,5678,7/27/2017,Egner,D,7/19/2017,88,Single
7272017EGD8,OTU35,GS,100,BOLD:ABW4215,Animalia,Arthropoda,Insecta,Diptera,Chironomidae,Glyptotendipes,Glyptotendipes meridionalis,2171,7/27/2017,Egner,D,7/19/2017,88,Single
7272017EGD8,OTU37,GS,100,BOLD:AAB0484,Animalia,Arthropoda,Insecta,Lepidoptera,Tortricidae,Gypsonoma,Gypsonoma salicicolana,13468,7/27/2017,Egner,D,7/19/2017,88,Single
7272017EGD8,OTU68,GS,100,BOLD:AAB7030,Animalia,Arthropoda,Insecta,Diptera,Chironomidae,Chironomus,Chironomus decorus,121,7/27/2017,Egner,D,7/19/2017,88,Single
7272017EGD8,OTU78,US,1,BOLD:AAY8864,Animalia,Arthropoda,Insecta,Diptera,NA,NA,NA,1942,7/27/2017,Egner,D,7/19/2017,88,Single
7272017EGD8,OTU88,GS,100,BOLD:AAE0434,Animalia,Arthropoda,Insecta,Diptera,Culicidae,Uranotaenia,Uranotaenia sapphirina,94,7/27/2017,Egner,D,7/19/2017,88,Single
7272017EGD8,OTU146,GS,99.4,BOLD:ABV9238,Animalia,Arthropoda,Insecta,Diptera,Limoniidae,Gonomyia,NA,312,7/27/2017,Egner,D,7/19/2017,88,Single
7272017EGD8,OTU161,GS,100,BOLD:AAA8840,Animalia,Arthropoda,Insecta,Lepidoptera,Tortricidae,Pandemis,Pandemis lamprosana,153,7/27/2017,Egner,D,7/19/2017,88,Single
7272017EGD8,OTU189,GS,100,BOLD:ABV2225,Animalia,Arthropoda,Insecta,Lepidoptera,Gracillariidae,Caloptilia,NA,274,7/27/2017,Egner,D,7/19/2017,88,Single
7272017EGD8,OTU190,GS,100,BOLD:ABY7666,Animalia,Arthropoda,Insecta,Diptera,Culicidae,Culex,Culex territans,54,7/27/2017,Egner,D,7/19/2017,88,Single
7272017EGD8,OTU193,GS,98.9,BOLD:AAI4436,Animalia,Arthropoda,Insecta,Lepidoptera,Gelechiidae,Aristotelia,NA,3578,7/27/2017,Egner,D,7/19/2017,88,Single
7272017EGD8,OTU198,GS,99.4,BOLD:ABZ1242,Animalia,Arthropoda,Insecta,Diptera,Chironomidae,NA,NA,27,7/27/2017,Egner,D,7/19/2017,88,Single
7272017EGD8,OTU258,GS,100,BOLD:ACA7555,Animalia,Arthropoda,Insecta,Diptera,Chironomidae,NA,NA,15,7/27/2017,Egner,D,7/19/2017,88,Single
7272017EGD8,OTU269,GS,97.2,BOLD:AAP9050,Animalia,Arthropoda,Insecta,Diptera,Ceratopogonidae,NA,NA,88,7/27/2017,Egner,D,7/19/2017,88,Single
7272017EGD8,OTU272,GS,100,BOLD:AAJ3819,Animalia,Arthropoda,Insecta,Diptera,Clusiidae,Sobarocephala,Sobarocephala setipes,215,7/27/2017,Egner,D,7/19/2017,88,Single
7272017EGD8,OTU284,GS,100,BOLD:AAC6665,Animalia,Arthropoda,Insecta,Lepidoptera,Tortricidae,Aethes,Aethes angulatana,13,7/27/2017,Egner,D,7/19/2017,88,Single
7272017EGD8,OTU293,GS,100,BOLD:AAU4100,Animalia,Arthropoda,Insecta,Lepidoptera,Gracillariidae,Cameraria,Cameraria hamadryadella,44,7/27/2017,Egner,D,7/19/2017,88,Single
7272017EGD8,OTU298,GS,100,BOLD:ACB8970,Animalia,Arthropoda,Insecta,Lepidoptera,Cosmopterigidae,NA,NA,787,7/27/2017,Egner,D,7/19/2017,88,Single
7272017EGD8,OTU342,GS,99.4,BOLD:AAI1931,Animalia,Arthropoda,Insecta,Lepidoptera,Blastobasidae,Holcocera,Holcocera chalcofrontella,37,7/27/2017,Egner,D,7/19/2017,88,Single
7272017EGD8,OTU408,GS,100,BOLD:AAA2955,Animalia,Arthropoda,Insecta,Lepidoptera,Tortricidae,Argyrotaenia,Argyrotaenia ljungiana,17,7/27/2017,Egner,D,7/19/2017,88,Single
7272017EGD8,OTU424,GS,100,BOLD:ABZ3656,Animalia,Arthropoda,Insecta,Lepidoptera,Depressariidae,Psilocorsis,Psilocorsis reflexella,16,7/27/2017,Egner,D,7/19/2017,88,Single
7272017EGD8,OTU486,GS,100,BOLD:ACL3824,Animalia,Arthropoda,Insecta,Diptera,Chironomidae,NA,NA,87,7/27/2017,Egner,D,7/19/2017,88,Single
7272017EGD8,OTU577,GS,100,BOLD:AAF4509,Animalia,Arthropoda,Insecta,Lepidoptera,Momphidae,Mompha,Mompha cephalonthiella,70,7/27/2017,Egner,D,7/19/2017,88,Single
7272017EGD8,OTU589,US,0.0017,BOLD:AAF9085,Animalia,Arthropoda,Insecta,Diptera,NA,NA,NA,5,7/27/2017,Egner,D,7/19/2017,88,Single
7272017EGD8,OTU599,GS,100,BOLD:ACN1439,Animalia,Arthropoda,Insecta,Hymenoptera,Tenthredinidae,NA,NA,406,7/27/2017,Egner,D,7/19/2017,88,Single
7272017EGD8,OTU609,GS,100,BOLD:AAG1032,Animalia,Arthropoda,Insecta,Lepidoptera,NA,NA,NA,10,7/27/2017,Egner,D,7/19/2017,88,Single
7272017EGD8,OTU767,GS,100,BOLD:AAC7129,Animalia,Arthropoda,Insecta,Lepidoptera,Tischeriidae,Coptotriche,Coptotriche citrinipennella,75,7/27/2017,Egner,D,7/19/2017,88,Single
7272017EGD8,OTU779,GS,99.4,BOLD:ABW9743,Animalia,Arthropoda,Insecta,Hemiptera,Cicadellidae,Scaphoideus,NA,189,7/27/2017,Egner,D,7/19/2017,88,Single
7272017EGD8,OTU793,GS,98.9,BOLD:AAB8800,Animalia,Arthropoda,Insecta,Lepidoptera,Autostichidae,Gerdana,Gerdana caritella,16,7/27/2017,Egner,D,7/19/2017,88,Single
7272017EGD8,OTU847,US,0,BOLD:ACL2923,Animalia,Arthropoda,Insecta,Diptera,NA,NA,NA,28,7/27/2017,Egner,D,7/19/2017,88,Single
7272017EGD8,OTU881,GS,100,BOLD:AAM6177,Animalia,Arthropoda,Insecta,Diptera,Clusiidae,Sobarocephala,Sobarocephala lachnosternum,135,7/27/2017,Egner,D,7/19/2017,88,Single
7272017EGD8,OTU952,US,0,BOLD:AAD4292,Animalia,Arthropoda,Insecta,Diptera,NA,NA,NA,14,7/27/2017,Egner,D,7/19/2017,88,Single
7272017EGD8,OTU982,GS,98.3,BOLD:AAP9050,Animalia,Arthropoda,Insecta,Diptera,Ceratopogonidae,NA,NA,10,7/27/2017,Egner,D,7/19/2017,88,Single
7272017EGD8,OTU991,US,0.2061,BOLD:AAG5704,Animalia,Arthropoda,Arachnida,Araneae,NA,NA,NA,95,7/27/2017,Egner,D,7/19/2017,88,Single
7272017EGD8,OTU1024,GS,99.4,BOLD:ACY3656,Animalia,Arthropoda,Insecta,Diptera,Mycetophilidae,Neoempheria,NA,20,7/27/2017,Egner,D,7/19/2017,88,Single
7272017EGD8,OTU1029,GS,100,BOLD:ACE4783,Animalia,Arthropoda,Insecta,Lepidoptera,Noctuidae,Spodoptera,Spodoptera frugiperda,1,7/27/2017,Egner,D,7/19/2017,88,Single
7272017EGD8,OTU1072,SS,0.54,BOLD:ABV9238,Animalia,Arthropoda,Insecta,Diptera,NA,NA,NA,6,7/27/2017,Egner,D,7/19/2017,88,Single
7272017EGD8,OTU1097,GS,97.2,BOLD:AAN5451,Animalia,Arthropoda,Arachnida,Araneae,Araneidae,Eustala,NA,91,7/27/2017,Egner,D,7/19/2017,88,Single
7272017EGD8,OTU1176,US,0.9249,BOLD:AAF4632,Animalia,Arthropoda,Insecta,Diptera,NA,NA,NA,6,7/27/2017,Egner,D,7/19/2017,88,Single
7272017EGD8,OTU1210,GS,97.2,BOLD:AAF4632,Animalia,Arthropoda,Insecta,Diptera,Limoniidae,Epiphragma,Epiphragma solatrix,255,7/27/2017,Egner,D,7/19/2017,88,Single
7272017EGD8,OTU1223,GS,97.8,BOLD:ABV9238,Animalia,Arthropoda,Insecta,Diptera,Limoniidae,Gonomyia,NA,4,7/27/2017,Egner,D,7/19/2017,88,Single
7272017EGD8,OTU1261,US,0.9916,BOLD:ABA8095,Animalia,Arthropoda,Insecta,Hemiptera,NA,NA,NA,54,7/27/2017,Egner,D,7/19/2017,88,Single
7272017EGD8,OTU1265,SS,0.83,BOLD:AAF4632,Animalia,Arthropoda,Insecta,Diptera,Limoniidae,Epiphragma,Epiphragma solatrix,127,7/27/2017,Egner,D,7/19/2017,88,Single
7272017EGD8,OTU1268,GS,97.8,BOLD:AAM6211,Animalia,Arthropoda,Insecta,Diptera,Chironomidae,Glyptotendipes,NA,299,7/27/2017,Egner,D,7/19/2017,88,Single
7272017EGD8,OTU1271,GS,100,BOLD:AAP3004,Animalia,Arthropoda,Insecta,Diptera,Chironomidae,Chironomus,Chironomus staegeri,1,7/27/2017,Egner,D,7/19/2017,88,Single
7272017EGD8,OTU1317,SS,0.01,BOLD:AAN5451,Animalia,Arthropoda,Arachnida,Araneae,Araneidae,Eustala,NA,7,7/27/2017,Egner,D,7/19/2017,88,Single
7272017EGD8,OTU1351,SS,0.94,BOLD:AAB7030,Animalia,Arthropoda,Insecta,Diptera,Chironomidae,Chironomus,Chironomus decorus,19,7/27/2017,Egner,D,7/19/2017,88,Single
7272017EGD8,OTU1403,SS,0.36,BOLD:ACV0130,Animalia,Arthropoda,Insecta,Diptera,NA,NA,NA,47,7/27/2017,Egner,D,7/19/2017,88,Single
7272017EGD8,OTU1425,GS,98.9,BOLD:ABV0248,Animalia,Arthropoda,Insecta,Diptera,Ceratopogonidae,Stilobezzia,Stilobezzia antennalis,4,7/27/2017,Egner,D,7/19/2017,88,Single
7272017EGD8,OTU1490,US,1,BOLD:AAK0197,Animalia,Arthropoda,Arachnida,Mesostigmata,NA,NA,NA,29,7/27/2017,Egner,D,7/19/2017,88,Single
7272017EGD8,OTU1494,US,0.8732,BOLD:AAF4632,Animalia,Arthropoda,Insecta,Diptera,NA,NA,NA,5,7/27/2017,Egner,D,7/19/2017,88,Single
7272017EGD8,OTU1502,GS,100,BOLD:AAA7880,Animalia,Arthropoda,Insecta,Lepidoptera,Crambidae,Nomophila,Nomophila noctuella,2,7/27/2017,Egner,D,7/19/2017,88,Single
7272017EGD8,OTU1575,SS,0.94,BOLD:AAM6177,Animalia,Arthropoda,Insecta,Diptera,Clusiidae,Sobarocephala,Sobarocephala lachnosternum,172,7/27/2017,Egner,D,7/19/2017,88,Single
7272017EGD8,OTU1636,SS,0.74,BOLD:AAF4632,Animalia,Arthropoda,Insecta,NA,NA,NA,NA,53,7/27/2017,Egner,D,7/19/2017,88,Single
7272017EGD8,OTU1658,GS,98.9,BOLD:AAF8214,Animalia,Arthropoda,Insecta,Lepidoptera,NA,NA,NA,40,7/27/2017,Egner,D,7/19/2017,88,Single
7272017EGD8,OTU1683,SS,0.84,BOLD:AAF4632,Animalia,Arthropoda,Insecta,Diptera,Limoniidae,Epiphragma,Epiphragma solatrix,53,7/27/2017,Egner,D,7/19/2017,88,Single
7272017EGD8,OTU1695,SS,0.38,BOLD:ACT0345,Animalia,Arthropoda,Insecta,Diptera,NA,NA,NA,7,7/27/2017,Egner,D,7/19/2017,88,Single
7272017EGD8,OTU1716,GS,97.1,BOLD:AAM7130,Animalia,Arthropoda,Insecta,Lepidoptera,NA,NA,NA,1,7/27/2017,Egner,D,7/19/2017,88,Single
7272017EGD8,OTU1740,SS,0.75,BOLD:ABV1771,Animalia,Arthropoda,Insecta,Diptera,NA,NA,NA,3,7/27/2017,Egner,D,7/19/2017,88,Single
7272017EGD8,OTU1741,GS,98.3,BOLD:AAP9050,Animalia,Arthropoda,Insecta,Diptera,Ceratopogonidae,NA,NA,1,7/27/2017,Egner,D,7/19/2017,88,Single
7272017EGD8,OTU1756,SS,0.97,BOLD:AAG3848,Animalia,Arthropoda,Insecta,Diptera,Culicidae,Culex,Culex erraticus,2,7/27/2017,Egner,D,7/19/2017,88,Single
7272017EGD8,OTU1818,GS,97.9,BOLD:AAF4632,Animalia,Arthropoda,Insecta,Diptera,Limoniidae,Epiphragma,Epiphragma solatrix,1,7/27/2017,Egner,D,7/19/2017,88,Single
7272017EGD8,OTU1834,SS,0.74,BOLD:AAF4632,Animalia,Arthropoda,Insecta,Diptera,NA,NA,NA,21,7/27/2017,Egner,D,7/19/2017,88,Single
7272017EGD8,OTU1869,SS,0.67,BOLD:AAF4632,Animalia,Arthropoda,Insecta,Diptera,NA,NA,NA,1,7/27/2017,Egner,D,7/19/2017,88,Single
7272017EGD8,OTU1871,SS,0.85,BOLD:AAG3848,Animalia,Arthropoda,Insecta,Diptera,Culicidae,Culex,Culex erraticus,3,7/27/2017,Egner,D,7/19/2017,88,Single
7272017EGD8,OTU1878,SS,0.78,BOLD:ABW4215,Animalia,Arthropoda,Insecta,Diptera,NA,NA,NA,10,7/27/2017,Egner,D,7/19/2017,88,Single
7272017EGD8,OTU1921,US,0,BOLD:ACL2923,Animalia,Arthropoda,Insecta,Diptera,NA,NA,NA,236,7/27/2017,Egner,D,7/19/2017,88,Single
7272017EGD9,OTU3,GS,100,BOLD:AAP2734,Animalia,Arthropoda,Insecta,Diptera,Limoniidae,Erioptera,Erioptera parva,411,7/27/2017,Egner,D,7/19/2017,88,Single
7272017EGD9,OTU7,GS,100,BOLD:AAF4632,Animalia,Arthropoda,Insecta,Diptera,Limoniidae,Epiphragma,Epiphragma solatrix,4338,7/27/2017,Egner,D,7/19/2017,88,Single
7272017EGD9,OTU11,GS,99.4,BOLD:AAG3848,Animalia,Arthropoda,Insecta,Diptera,Culicidae,Culex,Culex erraticus,14049,7/27/2017,Egner,D,7/19/2017,88,Single
7272017EGD9,OTU13,GS,100,BOLD:ABV1771,Animalia,Arthropoda,Insecta,Diptera,Limoniidae,NA,NA,875,7/27/2017,Egner,D,7/19/2017,88,Single
7272017EGD9,OTU15,GS,100,BOLD:ABZ0908,Animalia,Arthropoda,Insecta,Diptera,Tipulidae,Nephrotoma,Nephrotoma ferruginea,636,7/27/2017,Egner,D,7/19/2017,88,Single
7272017EGD9,OTU16,GS,100,BOLD:AAA7067,Animalia,Arthropoda,Insecta,Diptera,Culicidae,Aedes,Aedes vexans,542,7/27/2017,Egner,D,7/19/2017,88,Single
7272017EGD9,OTU34,GS,100,BOLD:AAM6211,Animalia,Arthropoda,Insecta,Diptera,Chironomidae,Glyptotendipes,NA,583,7/27/2017,Egner,D,7/19/2017,88,Single
7272017EGD9,OTU35,GS,100,BOLD:ABW4215,Animalia,Arthropoda,Insecta,Diptera,Chironomidae,Glyptotendipes,Glyptotendipes meridionalis,157,7/27/2017,Egner,D,7/19/2017,88,Single
7272017EGD9,OTU37,GS,100,BOLD:AAB0484,Animalia,Arthropoda,Insecta,Lepidoptera,Tortricidae,Gypsonoma,Gypsonoma salicicolana,42195,7/27/2017,Egner,D,7/19/2017,88,Single
7272017EGD9,OTU65,GS,100,BOLD:AAA1517,Animalia,Arthropoda,Insecta,Lepidoptera,Tortricidae,Choristoneura,Choristoneura rosaceana,227,7/27/2017,Egner,D,7/19/2017,88,Single
7272017EGD9,OTU68,GS,100,BOLD:AAB7030,Animalia,Arthropoda,Insecta,Diptera,Chironomidae,Chironomus,Chironomus decorus,96,7/27/2017,Egner,D,7/19/2017,88,Single
7272017EGD9,OTU87,US,0,BOLD:ABY2339,Animalia,Arthropoda,Insecta,Diptera,NA,NA,NA,218,7/27/2017,Egner,D,7/19/2017,88,Single
7272017EGD9,OTU88,GS,100,BOLD:AAE0434,Animalia,Arthropoda,Insecta,Diptera,Culicidae,Uranotaenia,Uranotaenia sapphirina,414,7/27/2017,Egner,D,7/19/2017,88,Single
7272017EGD9,OTU110,GS,99.4,BOLD:AAJ0542,Animalia,Arthropoda,Arachnida,Araneae,Theridiidae,Euryopis,Euryopis funebris,190,7/27/2017,Egner,D,7/19/2017,88,Single
7272017EGD9,OTU124,SS,0.3,BOLD:ABZ5204,Animalia,Arthropoda,Insecta,Hemiptera,Miridae,NA,NA,612,7/27/2017,Egner,D,7/19/2017,88,Single
7272017EGD9,OTU189,GS,100,BOLD:ABV2225,Animalia,Arthropoda,Insecta,Lepidoptera,Gracillariidae,Caloptilia,NA,134,7/27/2017,Egner,D,7/19/2017,88,Single
7272017EGD9,OTU193,GS,98.9,BOLD:AAI4436,Animalia,Arthropoda,Insecta,Lepidoptera,Gelechiidae,Aristotelia,NA,96,7/27/2017,Egner,D,7/19/2017,88,Single
7272017EGD9,OTU198,GS,99.4,BOLD:ABZ1242,Animalia,Arthropoda,Insecta,Diptera,Chironomidae,NA,NA,151,7/27/2017,Egner,D,7/19/2017,88,Single
7272017EGD9,OTU219,GS,100,BOLD:AAD1855,Animalia,Arthropoda,Insecta,Lepidoptera,Tortricidae,Episimus,Episimus tyrius,91,7/27/2017,Egner,D,7/19/2017,88,Single
7272017EGD9,OTU238,GS,100,BOLD:AAC2281,Animalia,Arthropoda,Insecta,Diptera,Culicidae,Anopheles,Anopheles quadrimaculatus,28,7/27/2017,Egner,D,7/19/2017,88,Single
7272017EGD9,OTU258,GS,100,BOLD:ACA7555,Animalia,Arthropoda,Insecta,Diptera,Chironomidae,NA,NA,33,7/27/2017,Egner,D,7/19/2017,88,Single
7272017EGD9,OTU269,GS,97.2,BOLD:AAP9050,Animalia,Arthropoda,Insecta,Diptera,Ceratopogonidae,NA,NA,184,7/27/2017,Egner,D,7/19/2017,88,Single
7272017EGD9,OTU272,GS,100,BOLD:AAJ3819,Animalia,Arthropoda,Insecta,Diptera,Clusiidae,Sobarocephala,Sobarocephala setipes,376,7/27/2017,Egner,D,7/19/2017,88,Single
7272017EGD9,OTU295,GS,97.8,BOLD:AAG3848,Animalia,Arthropoda,Insecta,Diptera,Culicidae,Culex,Culex erraticus,48,7/27/2017,Egner,D,7/19/2017,88,Single
7272017EGD9,OTU368,US,0,BOLD:ACF7057,Animalia,Arthropoda,Insecta,Hymenoptera,NA,NA,NA,788,7/27/2017,Egner,D,7/19/2017,88,Single
7272017EGD9,OTU371,GS,100,BOLD:ABX9756,Animalia,Arthropoda,Insecta,Diptera,NA,NA,NA,108,7/27/2017,Egner,D,7/19/2017,88,Single
7272017EGD9,OTU389,US,0.986,BOLD:ACB3375,Animalia,Arthropoda,Insecta,Hemiptera,NA,NA,NA,7,7/27/2017,Egner,D,7/19/2017,88,Single
7272017EGD9,OTU390,GS,97.2,BOLD:ADC1632,Animalia,Arthropoda,Insecta,Hymenoptera,Braconidae,Dolichogenidea,NA,60,7/27/2017,Egner,D,7/19/2017,88,Single
7272017EGD9,OTU432,SS,0.78,BOLD:ACJ1534,Animalia,Arthropoda,Insecta,Hemiptera,NA,NA,NA,479,7/27/2017,Egner,D,7/19/2017,88,Single
7272017EGD9,OTU466,SS,0.16,BOLD:AAI3871,Animalia,Arthropoda,Insecta,Lepidoptera,NA,NA,NA,78,7/27/2017,Egner,D,7/19/2017,88,Single
7272017EGD9,OTU576,GS,100,BOLD:AAA5192,Animalia,Arthropoda,Insecta,Lepidoptera,Tortricidae,Platynota,Platynota idaeusalis,1,7/27/2017,Egner,D,7/19/2017,88,Single
7272017EGD9,OTU580,GS,98.3,BOLD:ABZ0908,Animalia,Arthropoda,Insecta,Diptera,Tipulidae,Nephrotoma,Nephrotoma ferruginea,390,7/27/2017,Egner,D,7/19/2017,88,Single
7272017EGD9,OTU645,GS,100,BOLD:AAG8824,Animalia,Arthropoda,Insecta,Hemiptera,Miridae,Hyaliodes,Hyaliodes harti,44,7/27/2017,Egner,D,7/19/2017,88,Single
7272017EGD9,OTU655,SS,0.61,BOLD:AAA3776,Animalia,Arthropoda,Insecta,Diptera,NA,NA,NA,52,7/27/2017,Egner,D,7/19/2017,88,Single
7272017EGD9,OTU683,SS,0.68,BOLD:ACV0077,Animalia,Arthropoda,Insecta,Hymenoptera,NA,NA,NA,347,7/27/2017,Egner,D,7/19/2017,88,Single
7272017EGD9,OTU709,GS,97.8,BOLD:ABW4416,Animalia,Arthropoda,Insecta,Diptera,NA,NA,NA,12,7/27/2017,Egner,D,7/19/2017,88,Single
7272017EGD9,OTU724,GS,97.8,BOLD:ACL2801,Animalia,Arthropoda,Insecta,Diptera,NA,NA,NA,101,7/27/2017,Egner,D,7/19/2017,88,Single
7272017EGD9,OTU779,GS,99.4,BOLD:ABW9743,Animalia,Arthropoda,Insecta,Hemiptera,Cicadellidae,Scaphoideus,NA,52,7/27/2017,Egner,D,7/19/2017,88,Single
7272017EGD9,OTU784,GS,98.9,BOLD:AAG7562,Animalia,Arthropoda,Insecta,Hymenoptera,Braconidae,Phanerotoma,NA,12,7/27/2017,Egner,D,7/19/2017,88,Single
7272017EGD9,OTU881,GS,100,BOLD:AAM6177,Animalia,Arthropoda,Insecta,Diptera,Clusiidae,Sobarocephala,Sobarocephala lachnosternum,216,7/27/2017,Egner,D,7/19/2017,88,Single
7272017EGD9,OTU982,GS,98.3,BOLD:AAP9050,Animalia,Arthropoda,Insecta,Diptera,Ceratopogonidae,NA,NA,174,7/27/2017,Egner,D,7/19/2017,88,Single
7272017EGD9,OTU1006,GS,99.4,BOLD:ABX3604,Animalia,Arthropoda,Insecta,Coleoptera,Scirtidae,NA,NA,4,7/27/2017,Egner,D,7/19/2017,88,Single
7272017EGD9,OTU1029,GS,100,BOLD:ACE4783,Animalia,Arthropoda,Insecta,Lepidoptera,Noctuidae,Spodoptera,Spodoptera frugiperda,111,7/27/2017,Egner,D,7/19/2017,88,Single
7272017EGD9,OTU1072,SS,0.54,BOLD:ABV9238,Animalia,Arthropoda,Insecta,Diptera,NA,NA,NA,6,7/27/2017,Egner,D,7/19/2017,88,Single
7272017EGD9,OTU1176,US,0.9249,BOLD:AAF4632,Animalia,Arthropoda,Insecta,Diptera,NA,NA,NA,2,7/27/2017,Egner,D,7/19/2017,88,Single
7272017EGD9,OTU1210,GS,97.2,BOLD:AAF4632,Animalia,Arthropoda,Insecta,Diptera,Limoniidae,Epiphragma,Epiphragma solatrix,96,7/27/2017,Egner,D,7/19/2017,88,Single
7272017EGD9,OTU1265,SS,0.83,BOLD:AAF4632,Animalia,Arthropoda,Insecta,Diptera,Limoniidae,Epiphragma,Epiphragma solatrix,59,7/27/2017,Egner,D,7/19/2017,88,Single
7272017EGD9,OTU1268,GS,97.8,BOLD:AAM6211,Animalia,Arthropoda,Insecta,Diptera,Chironomidae,Glyptotendipes,NA,38,7/27/2017,Egner,D,7/19/2017,88,Single
7272017EGD9,OTU1351,SS,0.94,BOLD:AAB7030,Animalia,Arthropoda,Insecta,Diptera,Chironomidae,Chironomus,Chironomus decorus,60,7/27/2017,Egner,D,7/19/2017,88,Single
7272017EGD9,OTU1403,SS,0.36,BOLD:ACV0130,Animalia,Arthropoda,Insecta,Diptera,NA,NA,NA,4,7/27/2017,Egner,D,7/19/2017,88,Single
7272017EGD9,OTU1428,SS,0.76,BOLD:ACI4204,Animalia,Arthropoda,Insecta,Hymenoptera,NA,NA,NA,35,7/27/2017,Egner,D,7/19/2017,88,Single
7272017EGD9,OTU1489,US,0.9249,BOLD:AAN4598,Animalia,Arthropoda,Insecta,Lepidoptera,NA,NA,NA,54,7/27/2017,Egner,D,7/19/2017,88,Single
7272017EGD9,OTU1494,US,0.8732,BOLD:AAF4632,Animalia,Arthropoda,Insecta,Diptera,NA,NA,NA,1,7/27/2017,Egner,D,7/19/2017,88,Single
7272017EGD9,OTU1554,SS,0.92,BOLD:AAP2734,Animalia,Arthropoda,Insecta,Diptera,Limoniidae,Erioptera,Erioptera parva,46,7/27/2017,Egner,D,7/19/2017,88,Single
7272017EGD9,OTU1575,SS,0.94,BOLD:AAM6177,Animalia,Arthropoda,Insecta,Diptera,Clusiidae,Sobarocephala,Sobarocephala lachnosternum,11,7/27/2017,Egner,D,7/19/2017,88,Single
7272017EGD9,OTU1636,SS,0.74,BOLD:AAF4632,Animalia,Arthropoda,Insecta,NA,NA,NA,NA,5,7/27/2017,Egner,D,7/19/2017,88,Single
7272017EGD9,OTU1683,SS,0.84,BOLD:AAF4632,Animalia,Arthropoda,Insecta,Diptera,Limoniidae,Epiphragma,Epiphragma solatrix,25,7/27/2017,Egner,D,7/19/2017,88,Single
7272017EGD9,OTU1705,SS,0.26,BOLD:ADH4973,Animalia,Arthropoda,Insecta,Diptera,NA,NA,NA,2,7/27/2017,Egner,D,7/19/2017,88,Single
7272017EGD9,OTU1708,US,0.8732,BOLD:ACL2801,Animalia,Arthropoda,Insecta,Diptera,NA,NA,NA,64,7/27/2017,Egner,D,7/19/2017,88,Single
7272017EGD9,OTU1740,SS,0.75,BOLD:ABV1771,Animalia,Arthropoda,Insecta,Diptera,NA,NA,NA,1,7/27/2017,Egner,D,7/19/2017,88,Single
7272017EGD9,OTU1741,GS,98.3,BOLD:AAP9050,Animalia,Arthropoda,Insecta,Diptera,Ceratopogonidae,NA,NA,99,7/27/2017,Egner,D,7/19/2017,88,Single
7272017EGD9,OTU1800,US,0.3913,None,Animalia,Arthropoda,Insecta,Diptera,NA,NA,NA,7,7/27/2017,Egner,D,7/19/2017,88,Single
7272017EGD9,OTU1834,SS,0.74,BOLD:AAF4632,Animalia,Arthropoda,Insecta,Diptera,NA,NA,NA,5,7/27/2017,Egner,D,7/19/2017,88,Single
7272017EGD9,OTU1862,GSL,100,BOLD:AAF1106,Animalia,Arthropoda,Insecta,Lepidoptera,Gelechiidae,Scrobipalpula,Scrobipalpula tussilaginis,1,7/27/2017,Egner,D,7/19/2017,88,Single
7272017EGD9,OTU1869,SS,0.67,BOLD:AAF4632,Animalia,Arthropoda,Insecta,Diptera,NA,NA,NA,1,7/27/2017,Egner,D,7/19/2017,88,Single
7272017EGD9,OTU1871,SS,0.85,BOLD:AAG3848,Animalia,Arthropoda,Insecta,Diptera,Culicidae,Culex,Culex erraticus,2,7/27/2017,Egner,D,7/19/2017,88,Single
7272017EGD9,OTU1878,SS,0.78,BOLD:ABW4215,Animalia,Arthropoda,Insecta,Diptera,NA,NA,NA,5,7/27/2017,Egner,D,7/19/2017,88,Single
7272017EgnerPoolC1,OTU5,GS,99.4,BOLD:AAN5451,Animalia,Arthropoda,Arachnida,Araneae,Araneidae,Eustala,NA,562,7/27/2017,Egner,C,7/19/2017,14,Pool
7272017EgnerPoolC1,OTU7,GS,100,BOLD:AAF4632,Animalia,Arthropoda,Insecta,Diptera,Limoniidae,Epiphragma,Epiphragma solatrix,571,7/27/2017,Egner,C,7/19/2017,14,Pool
7272017EgnerPoolC1,OTU11,GS,99.4,BOLD:AAG3848,Animalia,Arthropoda,Insecta,Diptera,Culicidae,Culex,Culex erraticus,4903,7/27/2017,Egner,C,7/19/2017,14,Pool
7272017EgnerPoolC1,OTU12,GS,100,BOLD:AAE5173,Animalia,Arthropoda,Insecta,Diptera,Psychodidae,PschodididGC,NA,565,7/27/2017,Egner,C,7/19/2017,14,Pool
7272017EgnerPoolC1,OTU17,GS,100,BOLD:AAB3702,Animalia,Arthropoda,Insecta,Trichoptera,Hydropsychidae,Potamyia,Potamyia flava,281,7/27/2017,Egner,C,7/19/2017,14,Pool
7272017EgnerPoolC1,OTU34,GS,100,BOLD:AAM6211,Animalia,Arthropoda,Insecta,Diptera,Chironomidae,Glyptotendipes,NA,3578,7/27/2017,Egner,C,7/19/2017,14,Pool
7272017EgnerPoolC1,OTU35,GS,100,BOLD:ABW4215,Animalia,Arthropoda,Insecta,Diptera,Chironomidae,Glyptotendipes,Glyptotendipes meridionalis,141,7/27/2017,Egner,C,7/19/2017,14,Pool
7272017EgnerPoolC1,OTU64,US,0.9925,BOLD:AAL8170,Animalia,Arthropoda,Insecta,Hymenoptera,NA,NA,NA,3124,7/27/2017,Egner,C,7/19/2017,14,Pool
7272017EgnerPoolC1,OTU68,GS,100,BOLD:AAB7030,Animalia,Arthropoda,Insecta,Diptera,Chironomidae,Chironomus,Chironomus decorus,167,7/27/2017,Egner,C,7/19/2017,14,Pool
7272017EgnerPoolC1,OTU77,SS,0.4,BOLD:ABU7092,Animalia,Arthropoda,Insecta,Hymenoptera,NA,NA,NA,146,7/27/2017,Egner,C,7/19/2017,14,Pool
7272017EgnerPoolC1,OTU78,US,1,BOLD:AAY8864,Animalia,Arthropoda,Insecta,Diptera,NA,NA,NA,18,7/27/2017,Egner,C,7/19/2017,14,Pool
7272017EgnerPoolC1,OTU82,GS,100,BOLD:AAE4335,Animalia,Arthropoda,Insecta,Lepidoptera,Tineidae,Nemapogon,Nemapogon acapnopennella,7043,7/27/2017,Egner,C,7/19/2017,14,Pool
7272017EgnerPoolC1,OTU85,US,0.9919,BOLD:AAH1006,Animalia,Arthropoda,Insecta,Diptera,NA,NA,NA,352,7/27/2017,Egner,C,7/19/2017,14,Pool
7272017EgnerPoolC1,OTU88,GS,100,BOLD:AAE0434,Animalia,Arthropoda,Insecta,Diptera,Culicidae,Uranotaenia,Uranotaenia sapphirina,170,7/27/2017,Egner,C,7/19/2017,14,Pool
7272017EgnerPoolC1,OTU99,US,1,BOLD:ACF7919,Animalia,Arthropoda,Collembola,Poduromorpha,NA,NA,NA,93,7/27/2017,Egner,C,7/19/2017,14,Pool
7272017EgnerPoolC1,OTU123,GS,99.4,BOLD:AAM8787,Animalia,Arthropoda,Insecta,Lepidoptera,Gelechiidae,Dichomeris,Dichomeris laetitia,32,7/27/2017,Egner,C,7/19/2017,14,Pool
7272017EgnerPoolC1,OTU146,GS,99.4,BOLD:ABV9238,Animalia,Arthropoda,Insecta,Diptera,Limoniidae,Gonomyia,NA,35,7/27/2017,Egner,C,7/19/2017,14,Pool
7272017EgnerPoolC1,OTU148,GS,100,BOLD:AAK7352,Animalia,Arthropoda,Arachnida,Araneae,Araneidae,Metepeira,Metepeira labyrinthea,103,7/27/2017,Egner,C,7/19/2017,14,Pool
7272017EgnerPoolC1,OTU175,GS,99.4,BOLD:AAC7367,Animalia,Arthropoda,Insecta,Lepidoptera,Tineidae,Isocorypha,Isocorypha mediostriatella,167,7/27/2017,Egner,C,7/19/2017,14,Pool
7272017EgnerPoolC1,OTU192,SS,0.12,BOLD:ACF9102,Animalia,Arthropoda,Insecta,Diptera,NA,NA,NA,49,7/27/2017,Egner,C,7/19/2017,14,Pool
7272017EgnerPoolC1,OTU203,GS,100,BOLD:AAB0603,Animalia,Arthropoda,Insecta,Lepidoptera,Gelechiidae,Pseudotelphusa,Pseudotelphusa quercinigracella,135,7/27/2017,Egner,C,7/19/2017,14,Pool
7272017EgnerPoolC1,OTU219,GS,100,BOLD:AAD1855,Animalia,Arthropoda,Insecta,Lepidoptera,Tortricidae,Episimus,Episimus tyrius,34,7/27/2017,Egner,C,7/19/2017,14,Pool
7272017EgnerPoolC1,OTU254,GS,100,BOLD:AAG8977,Animalia,Arthropoda,Insecta,Hemiptera,Derbidae,Apache,Apache degeerii,34,7/27/2017,Egner,C,7/19/2017,14,Pool
7272017EgnerPoolC1,OTU258,GS,100,BOLD:ACA7555,Animalia,Arthropoda,Insecta,Diptera,Chironomidae,NA,NA,202,7/27/2017,Egner,C,7/19/2017,14,Pool
7272017EgnerPoolC1,OTU259,US,0.9963,BOLD:AAL6280,Animalia,Arthropoda,Arachnida,Araneae,NA,NA,NA,19,7/27/2017,Egner,C,7/19/2017,14,Pool
7272017EgnerPoolC1,OTU269,GS,97.2,BOLD:AAP9050,Animalia,Arthropoda,Insecta,Diptera,Ceratopogonidae,NA,NA,25,7/27/2017,Egner,C,7/19/2017,14,Pool
7272017EgnerPoolC1,OTU278,GS,100,BOLD:AAB3590,Animalia,Arthropoda,Insecta,Lepidoptera,Gelechiidae,Chionodes,Chionodes discoocellella,91,7/27/2017,Egner,C,7/19/2017,14,Pool
7272017EgnerPoolC1,OTU279,US,0.9881,BOLD:AAL9881,Animalia,Arthropoda,Arachnida,Araneae,NA,NA,NA,24,7/27/2017,Egner,C,7/19/2017,14,Pool
7272017EgnerPoolC1,OTU310,GS,100,BOLD:ABX7479,Animalia,Arthropoda,Insecta,Diptera,Chironomidae,Parachironomus,NA,30,7/27/2017,Egner,C,7/19/2017,14,Pool
7272017EgnerPoolC1,OTU314,GS,98.9,BOLD:AAB0603,Animalia,Arthropoda,Insecta,Lepidoptera,Gelechiidae,Pseudotelphusa,Pseudotelphusa quercinigracella,195,7/27/2017,Egner,C,7/19/2017,14,Pool
7272017EgnerPoolC1,OTU330,GS,100,BOLD:ACL2176,Animalia,Arthropoda,Arachnida,Trombidiformes,NA,NA,NA,23,7/27/2017,Egner,C,7/19/2017,14,Pool
7272017EgnerPoolC1,OTU378,GS,100,BOLD:AAG8597,Animalia,Arthropoda,Insecta,Lepidoptera,NA,NA,NA,77,7/27/2017,Egner,C,7/19/2017,14,Pool
7272017EgnerPoolC1,OTU382,US,0.9803,BOLD:ACU8254,Animalia,Arthropoda,Insecta,Diptera,NA,NA,NA,241,7/27/2017,Egner,C,7/19/2017,14,Pool
7272017EgnerPoolC1,OTU410,SS,0.26,BOLD:ABZ3458,Animalia,Arthropoda,Insecta,Lepidoptera,NA,NA,NA,8,7/27/2017,Egner,C,7/19/2017,14,Pool
7272017EgnerPoolC1,OTU424,GS,100,BOLD:ABZ3656,Animalia,Arthropoda,Insecta,Lepidoptera,Depressariidae,Psilocorsis,Psilocorsis reflexella,59,7/27/2017,Egner,C,7/19/2017,14,Pool
7272017EgnerPoolC1,OTU463,SS,0.21,BOLD:AAF2681,Animalia,Arthropoda,Insecta,Lepidoptera,NA,NA,NA,33,7/27/2017,Egner,C,7/19/2017,14,Pool
7272017EgnerPoolC1,OTU486,GS,100,BOLD:ACL3824,Animalia,Arthropoda,Insecta,Diptera,Chironomidae,NA,NA,42,7/27/2017,Egner,C,7/19/2017,14,Pool
7272017EgnerPoolC1,OTU559,GS,100,BOLD:AAG5254,Animalia,Arthropoda,Insecta,Lepidoptera,Dryadaulidae,Dryadaula,NA,36,7/27/2017,Egner,C,7/19/2017,14,Pool
7272017EgnerPoolC1,OTU580,GS,98.3,BOLD:ABZ0908,Animalia,Arthropoda,Insecta,Diptera,Tipulidae,Nephrotoma,Nephrotoma ferruginea,33,7/27/2017,Egner,C,7/19/2017,14,Pool
7272017EgnerPoolC1,OTU589,US,0.0017,BOLD:AAF9085,Animalia,Arthropoda,Insecta,Diptera,NA,NA,NA,27,7/27/2017,Egner,C,7/19/2017,14,Pool
7272017EgnerPoolC1,OTU624,GS,100,BOLD:AAP4712,Animalia,Arthropoda,Insecta,Diptera,Psychodidae,NA,NA,28,7/27/2017,Egner,C,7/19/2017,14,Pool
7272017EgnerPoolC1,OTU636,GS,99.4,BOLD:AAM6230,Animalia,Arthropoda,Insecta,Diptera,Chironomidae,Chironomus,NA,10,7/27/2017,Egner,C,7/19/2017,14,Pool
7272017EgnerPoolC1,OTU678,GS,98.6,BOLD:AAB0602,Animalia,Arthropoda,Insecta,Lepidoptera,Gelechiidae,Pseudotelphusa,Pseudotelphusa quercinigracella,32,7/27/2017,Egner,C,7/19/2017,14,Pool
7272017EgnerPoolC1,OTU720,GS,99.4,BOLD:AAB5347,Animalia,Arthropoda,Insecta,Lepidoptera,Tortricidae,Paralobesia,Paralobesia liriodendrana,83,7/27/2017,Egner,C,7/19/2017,14,Pool
7272017EgnerPoolC1,OTU755,GS,99.4,BOLD:AAU8194,Animalia,Arthropoda,Insecta,Coleoptera,Ciidae,Cis,Cis fuscipes,52,7/27/2017,Egner,C,7/19/2017,14,Pool
7272017EgnerPoolC1,OTU766,US,0.1429,BOLD:ACA2652,Animalia,Arthropoda,Insecta,Trichoptera,NA,NA,NA,124,7/27/2017,Egner,C,7/19/2017,14,Pool
7272017EgnerPoolC1,OTU779,GS,99.4,BOLD:ABW9743,Animalia,Arthropoda,Insecta,Hemiptera,Cicadellidae,Scaphoideus,NA,38,7/27/2017,Egner,C,7/19/2017,14,Pool
7272017EgnerPoolC1,OTU793,GS,98.9,BOLD:AAB8800,Animalia,Arthropoda,Insecta,Lepidoptera,Autostichidae,Gerdana,Gerdana caritella,17,7/27/2017,Egner,C,7/19/2017,14,Pool
7272017EgnerPoolC1,OTU794,GS,100,BOLD:AAD2564,Animalia,Arthropoda,Insecta,Lepidoptera,Gelechiidae,Chionodes,Chionodes fuscomaculella,49,7/27/2017,Egner,C,7/19/2017,14,Pool
7272017EgnerPoolC1,OTU878,US,1,None,Animalia,Arthropoda,Insecta,Lepidoptera,NA,NA,NA,112,7/27/2017,Egner,C,7/19/2017,14,Pool
7272017EgnerPoolC1,OTU882,SS,0.73,BOLD:AAN5451,Animalia,Arthropoda,Arachnida,Araneae,Araneidae,NA,NA,60,7/27/2017,Egner,C,7/19/2017,14,Pool
7272017EgnerPoolC1,OTU890,GS,100,BOLD:ACE3004,Animalia,Arthropoda,Insecta,Lepidoptera,Erebidae,Hyperstrotia,Hyperstrotia nana,3,7/27/2017,Egner,C,7/19/2017,14,Pool
7272017EgnerPoolC1,OTU898,US,0,BOLD:AAN2636,Animalia,Arthropoda,Insecta,Diptera,NA,NA,NA,4,7/27/2017,Egner,C,7/19/2017,14,Pool
7272017EgnerPoolC1,OTU982,GS,98.3,BOLD:AAP9050,Animalia,Arthropoda,Insecta,Diptera,Ceratopogonidae,NA,NA,47,7/27/2017,Egner,C,7/19/2017,14,Pool
7272017EgnerPoolC1,OTU990,GS,100,BOLD:AAB2142,Animalia,Arthropoda,Insecta,Lepidoptera,Limacodidae,Prolimacodes,Prolimacodes badia,109,7/27/2017,Egner,C,7/19/2017,14,Pool
7272017EgnerPoolC1,OTU1015,GS,100,BOLD:ACX7075,Animalia,Arthropoda,Insecta,Lepidoptera,Blastobasidae,Pigritia,NA,15,7/27/2017,Egner,C,7/19/2017,14,Pool
7272017EgnerPoolC1,OTU1064,US,0.9934,BOLD:ABW8929,Animalia,Arthropoda,Maxillopoda,Cyclopoida,NA,NA,NA,168,7/27/2017,Egner,C,7/19/2017,14,Pool
7272017EgnerPoolC1,OTU1072,SS,0.54,BOLD:ABV9238,Animalia,Arthropoda,Insecta,Diptera,NA,NA,NA,3,7/27/2017,Egner,C,7/19/2017,14,Pool
7272017EgnerPoolC1,OTU1097,GS,97.2,BOLD:AAN5451,Animalia,Arthropoda,Arachnida,Araneae,Araneidae,Eustala,NA,30,7/27/2017,Egner,C,7/19/2017,14,Pool
7272017EgnerPoolC1,OTU1108,GS,97.2,BOLD:AAB0603,Animalia,Arthropoda,Insecta,Lepidoptera,Gelechiidae,Pseudotelphusa,Pseudotelphusa quercinigracella,4,7/27/2017,Egner,C,7/19/2017,14,Pool
7272017EgnerPoolC1,OTU1123,US,0,BOLD:ABW7966,Animalia,Arthropoda,Insecta,Diptera,NA,NA,NA,82,7/27/2017,Egner,C,7/19/2017,14,Pool
7272017EgnerPoolC1,OTU1210,GS,97.2,BOLD:AAF4632,Animalia,Arthropoda,Insecta,Diptera,Limoniidae,Epiphragma,Epiphragma solatrix,21,7/27/2017,Egner,C,7/19/2017,14,Pool
7272017EgnerPoolC1,OTU1265,SS,0.83,BOLD:AAF4632,Animalia,Arthropoda,Insecta,Diptera,Limoniidae,Epiphragma,Epiphragma solatrix,4,7/27/2017,Egner,C,7/19/2017,14,Pool
7272017EgnerPoolC1,OTU1268,GS,97.8,BOLD:AAM6211,Animalia,Arthropoda,Insecta,Diptera,Chironomidae,Glyptotendipes,NA,166,7/27/2017,Egner,C,7/19/2017,14,Pool
7272017EgnerPoolC1,OTU1317,SS,0.01,BOLD:AAN5451,Animalia,Arthropoda,Arachnida,Araneae,Araneidae,Eustala,NA,3,7/27/2017,Egner,C,7/19/2017,14,Pool
7272017EgnerPoolC1,OTU1325,GS,97.2,BOLD:AAD6784,Animalia,Arthropoda,Insecta,Lepidoptera,Gelechiidae,Metzneria,Metzneria metzneriella,64,7/27/2017,Egner,C,7/19/2017,14,Pool
7272017EgnerPoolC1,OTU1351,SS,0.94,BOLD:AAB7030,Animalia,Arthropoda,Insecta,Diptera,Chironomidae,Chironomus,Chironomus decorus,8,7/27/2017,Egner,C,7/19/2017,14,Pool
7272017EgnerPoolC1,OTU1379,GS,100,BOLD:AAG1739,Animalia,Arthropoda,Insecta,Diptera,Muscidae,Neodexiopsis,Neodexiopsis rufitibia,22,7/27/2017,Egner,C,7/19/2017,14,Pool
7272017EgnerPoolC1,OTU1403,SS,0.36,BOLD:ACV0130,Animalia,Arthropoda,Insecta,Diptera,NA,NA,NA,5,7/27/2017,Egner,C,7/19/2017,14,Pool
7272017EgnerPoolC1,OTU1409,GS,98.3,BOLD:AAE7788,Animalia,Arthropoda,Insecta,Diptera,Culicidae,Culex,Culex salinarius,36,7/27/2017,Egner,C,7/19/2017,14,Pool
7272017EgnerPoolC1,OTU1434,GS,97.6,BOLD:AAA7067,Animalia,Arthropoda,Insecta,Diptera,Culicidae,Aedes,Aedes vexans,3,7/27/2017,Egner,C,7/19/2017,14,Pool
7272017EgnerPoolC1,OTU1510,US,0,None,Animalia,Arthropoda,Insecta,Hymenoptera,NA,NA,NA,13,7/27/2017,Egner,C,7/19/2017,14,Pool
7272017EgnerPoolC1,OTU1554,SS,0.92,BOLD:AAP2734,Animalia,Arthropoda,Insecta,Diptera,Limoniidae,Erioptera,Erioptera parva,6,7/27/2017,Egner,C,7/19/2017,14,Pool
7272017EgnerPoolC1,OTU1645,US,1,BOLD:AAX3125,Animalia,Arthropoda,Insecta,Diptera,NA,NA,NA,13,7/27/2017,Egner,C,7/19/2017,14,Pool
7272017EgnerPoolC1,OTU1686,US,0.2061,BOLD:ABA8360,Animalia,Arthropoda,Insecta,Hemiptera,NA,NA,NA,10,7/27/2017,Egner,C,7/19/2017,14,Pool
7272017EgnerPoolC1,OTU1741,GS,98.3,BOLD:AAP9050,Animalia,Arthropoda,Insecta,Diptera,Ceratopogonidae,NA,NA,8,7/27/2017,Egner,C,7/19/2017,14,Pool
7272017EgnerPoolC1,OTU1756,SS,0.97,BOLD:AAG3848,Animalia,Arthropoda,Insecta,Diptera,Culicidae,Culex,Culex erraticus,3,7/27/2017,Egner,C,7/19/2017,14,Pool
7272017EgnerPoolC1,OTU1764,US,0.9934,BOLD:ACQ7934,Animalia,Arthropoda,Insecta,Hymenoptera,NA,NA,NA,123,7/27/2017,Egner,C,7/19/2017,14,Pool
7272017EgnerPoolC1,OTU1826,GS,100,BOLD:AAF8961,Animalia,Arthropoda,Insecta,Lepidoptera,Tischeriidae,Tischeria,Tischeria quercitella,3,7/27/2017,Egner,C,7/19/2017,14,Pool
7272017EgnerPoolC1,OTU1834,SS,0.74,BOLD:AAF4632,Animalia,Arthropoda,Insecta,Diptera,NA,NA,NA,6,7/27/2017,Egner,C,7/19/2017,14,Pool
7272017EgnerPoolC1,OTU1871,SS,0.85,BOLD:AAG3848,Animalia,Arthropoda,Insecta,Diptera,Culicidae,Culex,Culex erraticus,5,7/27/2017,Egner,C,7/19/2017,14,Pool
7272017EgnerPoolC1,OTU1878,SS,0.78,BOLD:ABW4215,Animalia,Arthropoda,Insecta,Diptera,NA,NA,NA,2,7/27/2017,Egner,C,7/19/2017,14,Pool
7272017EgnerPoolC1,OTU1919,GS,98.3,BOLD:ACJ1988,Animalia,Arthropoda,Insecta,Diptera,Ceratopogonidae,NA,NA,15,7/27/2017,Egner,C,7/19/2017,14,Pool
7272017EgnerPoolC2,OTU1,US,0.0026,BOLD:AAD6798,Animalia,Arthropoda,Insecta,Diptera,NA,NA,NA,1115,7/27/2017,Egner,C,7/19/2017,14,Pool
7272017EgnerPoolC2,OTU6,GS,99.4,BOLD:ACZ2169,Animalia,Arthropoda,Insecta,Hemiptera,Cicadellidae,Gyponana,NA,2077,7/27/2017,Egner,C,7/19/2017,14,Pool
7272017EgnerPoolC2,OTU7,GS,100,BOLD:AAF4632,Animalia,Arthropoda,Insecta,Diptera,Limoniidae,Epiphragma,Epiphragma solatrix,2573,7/27/2017,Egner,C,7/19/2017,14,Pool
7272017EgnerPoolC2,OTU11,GS,99.4,BOLD:AAG3848,Animalia,Arthropoda,Insecta,Diptera,Culicidae,Culex,Culex erraticus,2674,7/27/2017,Egner,C,7/19/2017,14,Pool
7272017EgnerPoolC2,OTU23,GS,100,BOLD:AAF9008,Animalia,Arthropoda,Insecta,Diptera,Limoniidae,Helius,Helius flavipes,886,7/27/2017,Egner,C,7/19/2017,14,Pool
7272017EgnerPoolC2,OTU34,GS,100,BOLD:AAM6211,Animalia,Arthropoda,Insecta,Diptera,Chironomidae,Glyptotendipes,NA,3843,7/27/2017,Egner,C,7/19/2017,14,Pool
7272017EgnerPoolC2,OTU64,US,0.9925,BOLD:AAL8170,Animalia,Arthropoda,Insecta,Hymenoptera,NA,NA,NA,5082,7/27/2017,Egner,C,7/19/2017,14,Pool
7272017EgnerPoolC2,OTU82,GS,100,BOLD:AAE4335,Animalia,Arthropoda,Insecta,Lepidoptera,Tineidae,Nemapogon,Nemapogon acapnopennella,1790,7/27/2017,Egner,C,7/19/2017,14,Pool
7272017EgnerPoolC2,OTU85,US,0.9919,BOLD:AAH1006,Animalia,Arthropoda,Insecta,Diptera,NA,NA,NA,775,7/27/2017,Egner,C,7/19/2017,14,Pool
7272017EgnerPoolC2,OTU88,GS,100,BOLD:AAE0434,Animalia,Arthropoda,Insecta,Diptera,Culicidae,Uranotaenia,Uranotaenia sapphirina,1930,7/27/2017,Egner,C,7/19/2017,14,Pool
7272017EgnerPoolC2,OTU105,GS,100,BOLD:AAB7936,Animalia,Arthropoda,Insecta,Lepidoptera,Oecophoridae,Inga,Inga sparsiciliella,715,7/27/2017,Egner,C,7/19/2017,14,Pool
7272017EgnerPoolC2,OTU110,GS,99.4,BOLD:AAJ0542,Animalia,Arthropoda,Arachnida,Araneae,Theridiidae,Euryopis,Euryopis funebris,1871,7/27/2017,Egner,C,7/19/2017,14,Pool
7272017EgnerPoolC2,OTU146,GS,99.4,BOLD:ABV9238,Animalia,Arthropoda,Insecta,Diptera,Limoniidae,Gonomyia,NA,398,7/27/2017,Egner,C,7/19/2017,14,Pool
7272017EgnerPoolC2,OTU258,GS,100,BOLD:ACA7555,Animalia,Arthropoda,Insecta,Diptera,Chironomidae,NA,NA,648,7/27/2017,Egner,C,7/19/2017,14,Pool
7272017EgnerPoolC2,OTU316,GS,100,BOLD:AAJ4096,Animalia,Arthropoda,Insecta,Neuroptera,Sisyridae,Climacia,Climacia areolaris,2055,7/27/2017,Egner,C,7/19/2017,14,Pool
7272017EgnerPoolC2,OTU382,US,0.9803,BOLD:ACU8254,Animalia,Arthropoda,Insecta,Diptera,NA,NA,NA,180,7/27/2017,Egner,C,7/19/2017,14,Pool
7272017EgnerPoolC2,OTU740,US,0.2887,None,Animalia,Arthropoda,Insecta,Coleoptera,NA,NA,NA,195,7/27/2017,Egner,C,7/19/2017,14,Pool
7272017EgnerPoolC2,OTU898,US,0,BOLD:AAN2636,Animalia,Arthropoda,Insecta,Diptera,NA,NA,NA,128,7/27/2017,Egner,C,7/19/2017,14,Pool
7272017EgnerPoolC2,OTU1072,SS,0.54,BOLD:ABV9238,Animalia,Arthropoda,Insecta,Diptera,NA,NA,NA,48,7/27/2017,Egner,C,7/19/2017,14,Pool
7272017EgnerPoolC2,OTU1210,GS,97.2,BOLD:AAF4632,Animalia,Arthropoda,Insecta,Diptera,Limoniidae,Epiphragma,Epiphragma solatrix,17,7/27/2017,Egner,C,7/19/2017,14,Pool
7272017EgnerPoolC2,OTU1223,GS,97.8,BOLD:ABV9238,Animalia,Arthropoda,Insecta,Diptera,Limoniidae,Gonomyia,NA,53,7/27/2017,Egner,C,7/19/2017,14,Pool
7272017EgnerPoolC2,OTU1268,GS,97.8,BOLD:AAM6211,Animalia,Arthropoda,Insecta,Diptera,Chironomidae,Glyptotendipes,NA,36,7/27/2017,Egner,C,7/19/2017,14,Pool
7272017EgnerPoolC2,OTU1401,SS,0.78,BOLD:AAF9008,Animalia,Arthropoda,Insecta,Diptera,NA,NA,NA,1,7/27/2017,Egner,C,7/19/2017,14,Pool
7272017EgnerPoolC2,OTU1419,SS,0.8,BOLD:AAF4632,Animalia,Arthropoda,Insecta,Diptera,Limoniidae,Epiphragma,Epiphragma solatrix,4,7/27/2017,Egner,C,7/19/2017,14,Pool
7272017EgnerPoolC2,OTU1764,US,0.9934,BOLD:ACQ7934,Animalia,Arthropoda,Insecta,Hymenoptera,NA,NA,NA,86,7/27/2017,Egner,C,7/19/2017,14,Pool
7272017EgnerPoolC2,OTU1818,GS,97.9,BOLD:AAF4632,Animalia,Arthropoda,Insecta,Diptera,Limoniidae,Epiphragma,Epiphragma solatrix,2,7/27/2017,Egner,C,7/19/2017,14,Pool
7272017EgnerPoolC2,OTU1834,SS,0.74,BOLD:AAF4632,Animalia,Arthropoda,Insecta,Diptera,NA,NA,NA,30,7/27/2017,Egner,C,7/19/2017,14,Pool
7272017EgnerPoolC3,OTU5,GS,99.4,BOLD:AAN5451,Animalia,Arthropoda,Arachnida,Araneae,Araneidae,Eustala,NA,1078,7/27/2017,Egner,C,7/19/2017,14,Pool
7272017EgnerPoolC3,OTU11,GS,99.4,BOLD:AAG3848,Animalia,Arthropoda,Insecta,Diptera,Culicidae,Culex,Culex erraticus,3464,7/27/2017,Egner,C,7/19/2017,14,Pool
7272017EgnerPoolC3,OTU34,GS,100,BOLD:AAM6211,Animalia,Arthropoda,Insecta,Diptera,Chironomidae,Glyptotendipes,NA,7312,7/27/2017,Egner,C,7/19/2017,14,Pool
7272017EgnerPoolC3,OTU64,US,0.9925,BOLD:AAL8170,Animalia,Arthropoda,Insecta,Hymenoptera,NA,NA,NA,2458,7/27/2017,Egner,C,7/19/2017,14,Pool
7272017EgnerPoolC3,OTU82,GS,100,BOLD:AAE4335,Animalia,Arthropoda,Insecta,Lepidoptera,Tineidae,Nemapogon,Nemapogon acapnopennella,4458,7/27/2017,Egner,C,7/19/2017,14,Pool
7272017EgnerPoolC3,OTU85,US,0.9919,BOLD:AAH1006,Animalia,Arthropoda,Insecta,Diptera,NA,NA,NA,829,7/27/2017,Egner,C,7/19/2017,14,Pool
7272017EgnerPoolC3,OTU89,GS,98.3,BOLD:ABW2415,Animalia,Arthropoda,Insecta,Diptera,Tipulidae,Nephrotoma,Nephrotoma okefenoke,2573,7/27/2017,Egner,C,7/19/2017,14,Pool
7272017EgnerPoolC3,OTU99,US,1,BOLD:ACF7919,Animalia,Arthropoda,Collembola,Poduromorpha,NA,NA,NA,116,7/27/2017,Egner,C,7/19/2017,14,Pool
7272017EgnerPoolC3,OTU175,GS,99.4,BOLD:AAC7367,Animalia,Arthropoda,Insecta,Lepidoptera,Tineidae,Isocorypha,Isocorypha mediostriatella,660,7/27/2017,Egner,C,7/19/2017,14,Pool
7272017EgnerPoolC3,OTU190,GS,100,BOLD:ABY7666,Animalia,Arthropoda,Insecta,Diptera,Culicidae,Culex,Culex territans,876,7/27/2017,Egner,C,7/19/2017,14,Pool
7272017EgnerPoolC3,OTU240,US,0.2887,BOLD:ACO7327,Animalia,Arthropoda,Insecta,Blattodea,NA,NA,NA,2340,7/27/2017,Egner,C,7/19/2017,14,Pool
7272017EgnerPoolC3,OTU258,GS,100,BOLD:ACA7555,Animalia,Arthropoda,Insecta,Diptera,Chironomidae,NA,NA,251,7/27/2017,Egner,C,7/19/2017,14,Pool
7272017EgnerPoolC3,OTU259,US,0.9963,BOLD:AAL6280,Animalia,Arthropoda,Arachnida,Araneae,NA,NA,NA,246,7/27/2017,Egner,C,7/19/2017,14,Pool
7272017EgnerPoolC3,OTU267,GS,99.4,BOLD:AAG0127,Animalia,Arthropoda,Insecta,Lepidoptera,Meessiidae,Eudarcia,Eudarcia eunitariaeella,1242,7/27/2017,Egner,C,7/19/2017,14,Pool
7272017EgnerPoolC3,OTU285,GS,100,BOLD:AAD2340,Animalia,Arthropoda,Insecta,Lepidoptera,Tineidae,Scardiella,Scardiella approximatella,2078,7/27/2017,Egner,C,7/19/2017,14,Pool
7272017EgnerPoolC3,OTU390,GS,97.2,BOLD:ADC1632,Animalia,Arthropoda,Insecta,Hymenoptera,Braconidae,Dolichogenidea,NA,966,7/27/2017,Egner,C,7/19/2017,14,Pool
7272017EgnerPoolC3,OTU444,GS,100,BOLD:AAC3075,Animalia,Arthropoda,Insecta,Lepidoptera,Gelechiidae,Theisoa,Theisoa constrictella,889,7/27/2017,Egner,C,7/19/2017,14,Pool
7272017EgnerPoolC3,OTU487,GS,100,BOLD:AAJ9298,Animalia,Arthropoda,Insecta,Lepidoptera,Geometridae,Melanolophia,Melanolophia signataria,558,7/27/2017,Egner,C,7/19/2017,14,Pool
7272017EgnerPoolC3,OTU589,US,0.0017,BOLD:AAF9085,Animalia,Arthropoda,Insecta,Diptera,NA,NA,NA,531,7/27/2017,Egner,C,7/19/2017,14,Pool
7272017EgnerPoolC3,OTU632,GS,97.8,BOLD:AAG6465,Animalia,Arthropoda,Insecta,Diptera,Ceratopogonidae,NA,NA,405,7/27/2017,Egner,C,7/19/2017,14,Pool
7272017EgnerPoolC3,OTU1242,GS,98.9,BOLD:AAW9539,Animalia,Arthropoda,Insecta,Diptera,Culicidae,Orthopodomyia,Orthopodomyia signifera,458,7/27/2017,Egner,C,7/19/2017,14,Pool
7272017EgnerPoolC3,OTU1268,GS,97.8,BOLD:AAM6211,Animalia,Arthropoda,Insecta,Diptera,Chironomidae,Glyptotendipes,NA,160,7/27/2017,Egner,C,7/19/2017,14,Pool
7272017EgnerPoolC3,OTU1756,SS,0.97,BOLD:AAG3848,Animalia,Arthropoda,Insecta,Diptera,Culicidae,Culex,Culex erraticus,1,7/27/2017,Egner,C,7/19/2017,14,Pool
7272017EgnerPoolC3,OTU1764,US,0.9934,BOLD:ACQ7934,Animalia,Arthropoda,Insecta,Hymenoptera,NA,NA,NA,70,7/27/2017,Egner,C,7/19/2017,14,Pool
7272017EgnerPoolC4,OTU7,GS,100,BOLD:AAF4632,Animalia,Arthropoda,Insecta,Diptera,Limoniidae,Epiphragma,Epiphragma solatrix,950,7/27/2017,Egner,C,7/19/2017,14,Pool
7272017EgnerPoolC4,OTU11,GS,99.4,BOLD:AAG3848,Animalia,Arthropoda,Insecta,Diptera,Culicidae,Culex,Culex erraticus,2682,7/27/2017,Egner,C,7/19/2017,14,Pool
7272017EgnerPoolC4,OTU12,GS,100,BOLD:AAE5173,Animalia,Arthropoda,Insecta,Diptera,Psychodidae,PschodididGC,NA,1741,7/27/2017,Egner,C,7/19/2017,14,Pool
7272017EgnerPoolC4,OTU14,GS,99.4,BOLD:AAO3940,Animalia,Arthropoda,Insecta,Diptera,Limoniidae,Rhipidia,NA,1474,7/27/2017,Egner,C,7/19/2017,14,Pool
7272017EgnerPoolC4,OTU18,GS,100,BOLD:ABY8739,Animalia,Arthropoda,Insecta,Diptera,Tabanidae,NA,NA,1677,7/27/2017,Egner,C,7/19/2017,14,Pool
7272017EgnerPoolC4,OTU23,GS,100,BOLD:AAF9008,Animalia,Arthropoda,Insecta,Diptera,Limoniidae,Helius,Helius flavipes,1040,7/27/2017,Egner,C,7/19/2017,14,Pool
7272017EgnerPoolC4,OTU34,GS,100,BOLD:AAM6211,Animalia,Arthropoda,Insecta,Diptera,Chironomidae,Glyptotendipes,NA,4878,7/27/2017,Egner,C,7/19/2017,14,Pool
7272017EgnerPoolC4,OTU64,US,0.9925,BOLD:AAL8170,Animalia,Arthropoda,Insecta,Hymenoptera,NA,NA,NA,5828,7/27/2017,Egner,C,7/19/2017,14,Pool
7272017EgnerPoolC4,OTU77,SS,0.4,BOLD:ABU7092,Animalia,Arthropoda,Insecta,Hymenoptera,NA,NA,NA,150,7/27/2017,Egner,C,7/19/2017,14,Pool
7272017EgnerPoolC4,OTU82,GS,100,BOLD:AAE4335,Animalia,Arthropoda,Insecta,Lepidoptera,Tineidae,Nemapogon,Nemapogon acapnopennella,6016,7/27/2017,Egner,C,7/19/2017,14,Pool
7272017EgnerPoolC4,OTU85,US,0.9919,BOLD:AAH1006,Animalia,Arthropoda,Insecta,Diptera,NA,NA,NA,540,7/27/2017,Egner,C,7/19/2017,14,Pool
7272017EgnerPoolC4,OTU146,GS,99.4,BOLD:ABV9238,Animalia,Arthropoda,Insecta,Diptera,Limoniidae,Gonomyia,NA,500,7/27/2017,Egner,C,7/19/2017,14,Pool
7272017EgnerPoolC4,OTU175,GS,99.4,BOLD:AAC7367,Animalia,Arthropoda,Insecta,Lepidoptera,Tineidae,Isocorypha,Isocorypha mediostriatella,2048,7/27/2017,Egner,C,7/19/2017,14,Pool
7272017EgnerPoolC4,OTU183,GS,100,BOLD:AAB2305,Animalia,Arthropoda,Insecta,Lepidoptera,Geometridae,Digrammia,Digrammia gnophosaria,59,7/27/2017,Egner,C,7/19/2017,14,Pool
7272017EgnerPoolC4,OTU189,GS,100,BOLD:ABV2225,Animalia,Arthropoda,Insecta,Lepidoptera,Gracillariidae,Caloptilia,NA,651,7/27/2017,Egner,C,7/19/2017,14,Pool
7272017EgnerPoolC4,OTU212,US,1,BOLD:ACE7661,Animalia,Arthropoda,Arachnida,Araneae,NA,NA,NA,182,7/27/2017,Egner,C,7/19/2017,14,Pool
7272017EgnerPoolC4,OTU254,GS,100,BOLD:AAG8977,Animalia,Arthropoda,Insecta,Hemiptera,Derbidae,Apache,Apache degeerii,58,7/27/2017,Egner,C,7/19/2017,14,Pool
7272017EgnerPoolC4,OTU314,GS,98.9,BOLD:AAB0603,Animalia,Arthropoda,Insecta,Lepidoptera,Gelechiidae,Pseudotelphusa,Pseudotelphusa quercinigracella,632,7/27/2017,Egner,C,7/19/2017,14,Pool
7272017EgnerPoolC4,OTU378,GS,100,BOLD:AAG8597,Animalia,Arthropoda,Insecta,Lepidoptera,NA,NA,NA,893,7/27/2017,Egner,C,7/19/2017,14,Pool
7272017EgnerPoolC4,OTU389,US,0.986,BOLD:ACB3375,Animalia,Arthropoda,Insecta,Hemiptera,NA,NA,NA,780,7/27/2017,Egner,C,7/19/2017,14,Pool
7272017EgnerPoolC4,OTU905,GS,100,BOLD:ACF9292,Animalia,Arthropoda,Insecta,Coleoptera,Staphylinidae,Stenistoderus,Stenistoderus rubripennis,138,7/27/2017,Egner,C,7/19/2017,14,Pool
7272017EgnerPoolC4,OTU974,GSL,97.8,BOLD:AAI4070,Animalia,Arthropoda,Insecta,Diptera,Tabanidae,Chrysops,NA,6,7/27/2017,Egner,C,7/19/2017,14,Pool
7272017EgnerPoolC4,OTU1072,SS,0.54,BOLD:ABV9238,Animalia,Arthropoda,Insecta,Diptera,NA,NA,NA,72,7/27/2017,Egner,C,7/19/2017,14,Pool
7272017EgnerPoolC4,OTU1209,GS,97.8,BOLD:ACE5111,Animalia,Arthropoda,Insecta,Lepidoptera,Depressariidae,Antaeotricha,Antaeotricha leucillana,1,7/27/2017,Egner,C,7/19/2017,14,Pool
7272017EgnerPoolC4,OTU1223,GS,97.8,BOLD:ABV9238,Animalia,Arthropoda,Insecta,Diptera,Limoniidae,Gonomyia,NA,68,7/27/2017,Egner,C,7/19/2017,14,Pool
7272017EgnerPoolC4,OTU1268,GS,97.8,BOLD:AAM6211,Animalia,Arthropoda,Insecta,Diptera,Chironomidae,Glyptotendipes,NA,71,7/27/2017,Egner,C,7/19/2017,14,Pool
7272017EgnerPoolC4,OTU1419,SS,0.8,BOLD:AAF4632,Animalia,Arthropoda,Insecta,Diptera,Limoniidae,Epiphragma,Epiphragma solatrix,4,7/27/2017,Egner,C,7/19/2017,14,Pool
7272017EgnerPoolC4,OTU1482,SS,0.87,BOLD:AAF9008,Animalia,Arthropoda,Insecta,Diptera,Limoniidae,Helius,Helius flavipes,16,7/27/2017,Egner,C,7/19/2017,14,Pool
7272017EgnerPoolC4,OTU1764,US,0.9934,BOLD:ACQ7934,Animalia,Arthropoda,Insecta,Hymenoptera,NA,NA,NA,96,7/27/2017,Egner,C,7/19/2017,14,Pool
7272017EgnerPoolC4,OTU1818,GS,97.9,BOLD:AAF4632,Animalia,Arthropoda,Insecta,Diptera,Limoniidae,Epiphragma,Epiphragma solatrix,1,7/27/2017,Egner,C,7/19/2017,14,Pool
7272017EgnerPoolC4,OTU1819,US,0.9844,BOLD:AAE5173,Animalia,Arthropoda,Insecta,Diptera,NA,NA,NA,1,7/27/2017,Egner,C,7/19/2017,14,Pool
7272017EgnerPoolC4,OTU1834,SS,0.74,BOLD:AAF4632,Animalia,Arthropoda,Insecta,Diptera,NA,NA,NA,33,7/27/2017,Egner,C,7/19/2017,14,Pool
7272017EgnerPoolC4,OTU1871,SS,0.85,BOLD:AAG3848,Animalia,Arthropoda,Insecta,Diptera,Culicidae,Culex,Culex erraticus,4,7/27/2017,Egner,C,7/19/2017,14,Pool
7272017EgnerPoolD1,OTU5,GS,99.4,BOLD:AAN5451,Animalia,Arthropoda,Arachnida,Araneae,Araneidae,Eustala,NA,541,7/27/2017,Egner,D,7/19/2017,88,Pool
7272017EgnerPoolD1,OTU7,GS,100,BOLD:AAF4632,Animalia,Arthropoda,Insecta,Diptera,Limoniidae,Epiphragma,Epiphragma solatrix,348,7/27/2017,Egner,D,7/19/2017,88,Pool
7272017EgnerPoolD1,OTU11,GS,99.4,BOLD:AAG3848,Animalia,Arthropoda,Insecta,Diptera,Culicidae,Culex,Culex erraticus,1068,7/27/2017,Egner,D,7/19/2017,88,Pool
7272017EgnerPoolD1,OTU12,GS,100,BOLD:AAE5173,Animalia,Arthropoda,Insecta,Diptera,Psychodidae,PschodididGC,NA,31185,7/27/2017,Egner,D,7/19/2017,88,Pool
7272017EgnerPoolD1,OTU14,GS,99.4,BOLD:AAO3940,Animalia,Arthropoda,Insecta,Diptera,Limoniidae,Rhipidia,NA,2226,7/27/2017,Egner,D,7/19/2017,88,Pool
7272017EgnerPoolD1,OTU15,GS,100,BOLD:ABZ0908,Animalia,Arthropoda,Insecta,Diptera,Tipulidae,Nephrotoma,Nephrotoma ferruginea,483,7/27/2017,Egner,D,7/19/2017,88,Pool
7272017EgnerPoolD1,OTU23,GS,100,BOLD:AAF9008,Animalia,Arthropoda,Insecta,Diptera,Limoniidae,Helius,Helius flavipes,825,7/27/2017,Egner,D,7/19/2017,88,Pool
7272017EgnerPoolD1,OTU27,SS,0.18,BOLD:AAC6806,Animalia,Arthropoda,Insecta,Diptera,NA,NA,NA,369,7/27/2017,Egner,D,7/19/2017,88,Pool
7272017EgnerPoolD1,OTU34,GS,100,BOLD:AAM6211,Animalia,Arthropoda,Insecta,Diptera,Chironomidae,Glyptotendipes,NA,74,7/27/2017,Egner,D,7/19/2017,88,Pool
7272017EgnerPoolD1,OTU56,GS,100,BOLD:AAN5879,Animalia,Arthropoda,Insecta,Diptera,Limoniidae,NA,NA,665,7/27/2017,Egner,D,7/19/2017,88,Pool
7272017EgnerPoolD1,OTU83,GS,100,BOLD:ABA5203,Animalia,Arthropoda,Insecta,Diptera,Limoniidae,Dicranomyia,Dicranomyia frontalis,208,7/27/2017,Egner,D,7/19/2017,88,Pool
7272017EgnerPoolD1,OTU151,GS,100,BOLD:AAA3882,Animalia,Arthropoda,Insecta,Lepidoptera,Pterophoridae,Emmelina,Emmelina monodactyla,2343,7/27/2017,Egner,D,7/19/2017,88,Pool
7272017EgnerPoolD1,OTU157,US,0,BOLD:ACJ3184,Animalia,Arthropoda,Insecta,Hymenoptera,NA,NA,NA,82,7/27/2017,Egner,D,7/19/2017,88,Pool
7272017EgnerPoolD1,OTU175,GS,99.4,BOLD:AAC7367,Animalia,Arthropoda,Insecta,Lepidoptera,Tineidae,Isocorypha,Isocorypha mediostriatella,247,7/27/2017,Egner,D,7/19/2017,88,Pool
7272017EgnerPoolD1,OTU192,SS,0.12,BOLD:ACF9102,Animalia,Arthropoda,Insecta,Diptera,NA,NA,NA,293,7/27/2017,Egner,D,7/19/2017,88,Pool
7272017EgnerPoolD1,OTU200,GS,100,BOLD:AAN8771,Animalia,Arthropoda,Insecta,Diptera,Psychodidae,NA,NA,1836,7/27/2017,Egner,D,7/19/2017,88,Pool
7272017EgnerPoolD1,OTU210,GS,100,BOLD:AAP2869,Animalia,Arthropoda,Insecta,Diptera,Dolichopodidae,Gymnopternus,Gymnopternus vockerothi,585,7/27/2017,Egner,D,7/19/2017,88,Pool
7272017EgnerPoolD1,OTU217,GS,99.4,BOLD:AAJ5015,Animalia,Arthropoda,Insecta,Hemiptera,Acanaloniidae,Acanalonia,Acanalonia conica,437,7/27/2017,Egner,D,7/19/2017,88,Pool
7272017EgnerPoolD1,OTU626,US,0.9934,BOLD:ACT3549,Animalia,Arthropoda,Insecta,Hemiptera,NA,NA,NA,221,7/27/2017,Egner,D,7/19/2017,88,Pool
7272017EgnerPoolD1,OTU706,GS,98.3,BOLD:ACV0077,Animalia,Arthropoda,Insecta,Hymenoptera,Perilampidae,Perilampus,NA,93,7/27/2017,Egner,D,7/19/2017,88,Pool
7272017EgnerPoolD1,OTU715,SS,0.71,BOLD:ABZ0908,Animalia,Arthropoda,Insecta,Diptera,NA,NA,NA,91,7/27/2017,Egner,D,7/19/2017,88,Pool
7272017EgnerPoolD1,OTU805,GS,100,BOLD:AAI6172,Animalia,Arthropoda,Insecta,Lepidoptera,Nepticulidae,Ectoedemia,Ectoedemia ulmella,197,7/27/2017,Egner,D,7/19/2017,88,Pool
7272017EgnerPoolD1,OTU894,US,0,BOLD:ABA9828,Animalia,Arthropoda,Insecta,Hymenoptera,NA,NA,NA,15,7/27/2017,Egner,D,7/19/2017,88,Pool
7272017EgnerPoolD1,OTU935,SS,0.01,BOLD:AAO3940,Animalia,Arthropoda,Insecta,Diptera,Limoniidae,Rhipidia,NA,5,7/27/2017,Egner,D,7/19/2017,88,Pool
7272017EgnerPoolD1,OTU1005,SS,0.54,BOLD:ABV3180,Animalia,Arthropoda,Insecta,Hemiptera,NA,NA,NA,1,7/27/2017,Egner,D,7/19/2017,88,Pool
7272017EgnerPoolD1,OTU1072,SS,0.54,BOLD:ABV9238,Animalia,Arthropoda,Insecta,Diptera,NA,NA,NA,175,7/27/2017,Egner,D,7/19/2017,88,Pool
7272017EgnerPoolD1,OTU1097,GS,97.2,BOLD:AAN5451,Animalia,Arthropoda,Arachnida,Araneae,Araneidae,Eustala,NA,21,7/27/2017,Egner,D,7/19/2017,88,Pool
7272017EgnerPoolD1,OTU1116,SS,0.5,BOLD:ABZ0908,Animalia,Arthropoda,Insecta,Diptera,NA,NA,NA,779,7/27/2017,Egner,D,7/19/2017,88,Pool
7272017EgnerPoolD1,OTU1131,SS,0.01,BOLD:ACV0077,Animalia,Arthropoda,Insecta,Hymenoptera,Perilampidae,Perilampus,NA,39,7/27/2017,Egner,D,7/19/2017,88,Pool
7272017EgnerPoolD1,OTU1210,GS,97.2,BOLD:AAF4632,Animalia,Arthropoda,Insecta,Diptera,Limoniidae,Epiphragma,Epiphragma solatrix,22,7/27/2017,Egner,D,7/19/2017,88,Pool
7272017EgnerPoolD1,OTU1223,GS,97.8,BOLD:ABV9238,Animalia,Arthropoda,Insecta,Diptera,Limoniidae,Gonomyia,NA,708,7/27/2017,Egner,D,7/19/2017,88,Pool
7272017EgnerPoolD1,OTU1317,SS,0.01,BOLD:AAN5451,Animalia,Arthropoda,Arachnida,Araneae,Araneidae,Eustala,NA,2,7/27/2017,Egner,D,7/19/2017,88,Pool
7272017EgnerPoolD1,OTU1482,SS,0.87,BOLD:AAF9008,Animalia,Arthropoda,Insecta,Diptera,Limoniidae,Helius,Helius flavipes,323,7/27/2017,Egner,D,7/19/2017,88,Pool
7272017EgnerPoolD1,OTU1522,SS,0.57,BOLD:AAF9008,Animalia,Arthropoda,Insecta,Diptera,NA,NA,NA,1,7/27/2017,Egner,D,7/19/2017,88,Pool
7272017EgnerPoolD1,OTU1819,US,0.9844,BOLD:AAE5173,Animalia,Arthropoda,Insecta,Diptera,NA,NA,NA,17,7/27/2017,Egner,D,7/19/2017,88,Pool
7272017EgnerPoolD1,OTU1871,SS,0.85,BOLD:AAG3848,Animalia,Arthropoda,Insecta,Diptera,Culicidae,Culex,Culex erraticus,9,7/27/2017,Egner,D,7/19/2017,88,Pool
7272017EgnerPoolD1,OTU1910,SS,0.87,BOLD:ABZ0908,Animalia,Arthropoda,Insecta,Diptera,Tipulidae,Nephrotoma,Nephrotoma ferruginea,1,7/27/2017,Egner,D,7/19/2017,88,Pool
7272017EgnerPoolD2,OTU4,GS,100,BOLD:AAN5882,Animalia,Arthropoda,Insecta,Diptera,Limoniidae,Erioptera,Erioptera caliptera,366,7/27/2017,Egner,D,7/19/2017,88,Pool
7272017EgnerPoolD2,OTU11,GS,99.4,BOLD:AAG3848,Animalia,Arthropoda,Insecta,Diptera,Culicidae,Culex,Culex erraticus,568,7/27/2017,Egner,D,7/19/2017,88,Pool
7272017EgnerPoolD2,OTU12,GS,100,BOLD:AAE5173,Animalia,Arthropoda,Insecta,Diptera,Psychodidae,PschodididGC,NA,30951,7/27/2017,Egner,D,7/19/2017,88,Pool
7272017EgnerPoolD2,OTU14,GS,99.4,BOLD:AAO3940,Animalia,Arthropoda,Insecta,Diptera,Limoniidae,Rhipidia,NA,2374,7/27/2017,Egner,D,7/19/2017,88,Pool
7272017EgnerPoolD2,OTU15,GS,100,BOLD:ABZ0908,Animalia,Arthropoda,Insecta,Diptera,Tipulidae,Nephrotoma,Nephrotoma ferruginea,898,7/27/2017,Egner,D,7/19/2017,88,Pool
7272017EgnerPoolD2,OTU23,GS,100,BOLD:AAF9008,Animalia,Arthropoda,Insecta,Diptera,Limoniidae,Helius,Helius flavipes,1589,7/27/2017,Egner,D,7/19/2017,88,Pool
7272017EgnerPoolD2,OTU27,SS,0.18,BOLD:AAC6806,Animalia,Arthropoda,Insecta,Diptera,NA,NA,NA,317,7/27/2017,Egner,D,7/19/2017,88,Pool
7272017EgnerPoolD2,OTU34,GS,100,BOLD:AAM6211,Animalia,Arthropoda,Insecta,Diptera,Chironomidae,Glyptotendipes,NA,145,7/27/2017,Egner,D,7/19/2017,88,Pool
7272017EgnerPoolD2,OTU65,GS,100,BOLD:AAA1517,Animalia,Arthropoda,Insecta,Lepidoptera,Tortricidae,Choristoneura,Choristoneura rosaceana,88,7/27/2017,Egner,D,7/19/2017,88,Pool
7272017EgnerPoolD2,OTU88,GS,100,BOLD:AAE0434,Animalia,Arthropoda,Insecta,Diptera,Culicidae,Uranotaenia,Uranotaenia sapphirina,34,7/27/2017,Egner,D,7/19/2017,88,Pool
7272017EgnerPoolD2,OTU146,GS,99.4,BOLD:ABV9238,Animalia,Arthropoda,Insecta,Diptera,Limoniidae,Gonomyia,NA,130,7/27/2017,Egner,D,7/19/2017,88,Pool
7272017EgnerPoolD2,OTU151,GS,100,BOLD:AAA3882,Animalia,Arthropoda,Insecta,Lepidoptera,Pterophoridae,Emmelina,Emmelina monodactyla,3077,7/27/2017,Egner,D,7/19/2017,88,Pool
7272017EgnerPoolD2,OTU177,US,0.9934,BOLD:ACS7571,Animalia,Arthropoda,Insecta,Coleoptera,NA,NA,NA,346,7/27/2017,Egner,D,7/19/2017,88,Pool
7272017EgnerPoolD2,OTU192,SS,0.12,BOLD:ACF9102,Animalia,Arthropoda,Insecta,Diptera,NA,NA,NA,838,7/27/2017,Egner,D,7/19/2017,88,Pool
7272017EgnerPoolD2,OTU200,GS,100,BOLD:AAN8771,Animalia,Arthropoda,Insecta,Diptera,Psychodidae,NA,NA,1329,7/27/2017,Egner,D,7/19/2017,88,Pool
7272017EgnerPoolD2,OTU210,GS,100,BOLD:AAP2869,Animalia,Arthropoda,Insecta,Diptera,Dolichopodidae,Gymnopternus,Gymnopternus vockerothi,939,7/27/2017,Egner,D,7/19/2017,88,Pool
7272017EgnerPoolD2,OTU217,GS,99.4,BOLD:AAJ5015,Animalia,Arthropoda,Insecta,Hemiptera,Acanaloniidae,Acanalonia,Acanalonia conica,618,7/27/2017,Egner,D,7/19/2017,88,Pool
7272017EgnerPoolD2,OTU317,GS,99.4,BOLD:ACA8818,Animalia,Arthropoda,Insecta,Hemiptera,Derbidae,Patara,Patara vanduzeei,110,7/27/2017,Egner,D,7/19/2017,88,Pool
7272017EgnerPoolD2,OTU580,GS,98.3,BOLD:ABZ0908,Animalia,Arthropoda,Insecta,Diptera,Tipulidae,Nephrotoma,Nephrotoma ferruginea,13,7/27/2017,Egner,D,7/19/2017,88,Pool
7272017EgnerPoolD2,OTU626,US,0.9934,BOLD:ACT3549,Animalia,Arthropoda,Insecta,Hemiptera,NA,NA,NA,52,7/27/2017,Egner,D,7/19/2017,88,Pool
7272017EgnerPoolD2,OTU635,GS,97.2,BOLD:AAN5882,Animalia,Arthropoda,Insecta,Diptera,Limoniidae,Erioptera,Erioptera caliptera,17,7/27/2017,Egner,D,7/19/2017,88,Pool
7272017EgnerPoolD2,OTU683,SS,0.68,BOLD:ACV0077,Animalia,Arthropoda,Insecta,Hymenoptera,NA,NA,NA,164,7/27/2017,Egner,D,7/19/2017,88,Pool
7272017EgnerPoolD2,OTU706,GS,98.3,BOLD:ACV0077,Animalia,Arthropoda,Insecta,Hymenoptera,Perilampidae,Perilampus,NA,101,7/27/2017,Egner,D,7/19/2017,88,Pool
7272017EgnerPoolD2,OTU715,SS,0.71,BOLD:ABZ0908,Animalia,Arthropoda,Insecta,Diptera,NA,NA,NA,167,7/27/2017,Egner,D,7/19/2017,88,Pool
7272017EgnerPoolD2,OTU894,US,0,BOLD:ABA9828,Animalia,Arthropoda,Insecta,Hymenoptera,NA,NA,NA,17,7/27/2017,Egner,D,7/19/2017,88,Pool
7272017EgnerPoolD2,OTU907,SS,0.01,BOLD:AAO3940,Animalia,Arthropoda,Insecta,Diptera,Limoniidae,Rhipidia,NA,3,7/27/2017,Egner,D,7/19/2017,88,Pool
7272017EgnerPoolD2,OTU935,SS,0.01,BOLD:AAO3940,Animalia,Arthropoda,Insecta,Diptera,Limoniidae,Rhipidia,NA,6,7/27/2017,Egner,D,7/19/2017,88,Pool
7272017EgnerPoolD2,OTU1072,SS,0.54,BOLD:ABV9238,Animalia,Arthropoda,Insecta,Diptera,NA,NA,NA,39,7/27/2017,Egner,D,7/19/2017,88,Pool
7272017EgnerPoolD2,OTU1116,SS,0.5,BOLD:ABZ0908,Animalia,Arthropoda,Insecta,Diptera,NA,NA,NA,680,7/27/2017,Egner,D,7/19/2017,88,Pool
7272017EgnerPoolD2,OTU1131,SS,0.01,BOLD:ACV0077,Animalia,Arthropoda,Insecta,Hymenoptera,Perilampidae,Perilampus,NA,32,7/27/2017,Egner,D,7/19/2017,88,Pool
7272017EgnerPoolD2,OTU1210,GS,97.2,BOLD:AAF4632,Animalia,Arthropoda,Insecta,Diptera,Limoniidae,Epiphragma,Epiphragma solatrix,8,7/27/2017,Egner,D,7/19/2017,88,Pool
7272017EgnerPoolD2,OTU1223,GS,97.8,BOLD:ABV9238,Animalia,Arthropoda,Insecta,Diptera,Limoniidae,Gonomyia,NA,41,7/27/2017,Egner,D,7/19/2017,88,Pool
7272017EgnerPoolD2,OTU1292,GS,97.8,BOLD:AAN5882,Animalia,Arthropoda,Insecta,Diptera,Limoniidae,Erioptera,Erioptera caliptera,154,7/27/2017,Egner,D,7/19/2017,88,Pool
7272017EgnerPoolD2,OTU1482,SS,0.87,BOLD:AAF9008,Animalia,Arthropoda,Insecta,Diptera,Limoniidae,Helius,Helius flavipes,621,7/27/2017,Egner,D,7/19/2017,88,Pool
7272017EgnerPoolD2,OTU1664,SS,0.26,BOLD:AAF9008,Animalia,Arthropoda,Insecta,Diptera,NA,NA,NA,4,7/27/2017,Egner,D,7/19/2017,88,Pool
7272017EgnerPoolD2,OTU1819,US,0.9844,BOLD:AAE5173,Animalia,Arthropoda,Insecta,Diptera,NA,NA,NA,17,7/27/2017,Egner,D,7/19/2017,88,Pool
7272017EgnerPoolD2,OTU1871,SS,0.85,BOLD:AAG3848,Animalia,Arthropoda,Insecta,Diptera,Culicidae,Culex,Culex erraticus,1,7/27/2017,Egner,D,7/19/2017,88,Pool
7272017EgnerPoolD2,OTU1882,SS,0.18,BOLD:ACN0347,Animalia,Arthropoda,Insecta,Diptera,NA,NA,NA,1,7/27/2017,Egner,D,7/19/2017,88,Pool
7272017EgnerPoolD2,OTU1910,SS,0.87,BOLD:ABZ0908,Animalia,Arthropoda,Insecta,Diptera,Tipulidae,Nephrotoma,Nephrotoma ferruginea,3,7/27/2017,Egner,D,7/19/2017,88,Pool
7272017EgnerPoolD3,OTU7,GS,100,BOLD:AAF4632,Animalia,Arthropoda,Insecta,Diptera,Limoniidae,Epiphragma,Epiphragma solatrix,519,7/27/2017,Egner,D,7/19/2017,88,Pool
7272017EgnerPoolD3,OTU12,GS,100,BOLD:AAE5173,Animalia,Arthropoda,Insecta,Diptera,Psychodidae,PschodididGC,NA,27985,7/27/2017,Egner,D,7/19/2017,88,Pool
7272017EgnerPoolD3,OTU14,GS,99.4,BOLD:AAO3940,Animalia,Arthropoda,Insecta,Diptera,Limoniidae,Rhipidia,NA,2043,7/27/2017,Egner,D,7/19/2017,88,Pool
7272017EgnerPoolD3,OTU15,GS,100,BOLD:ABZ0908,Animalia,Arthropoda,Insecta,Diptera,Tipulidae,Nephrotoma,Nephrotoma ferruginea,1110,7/27/2017,Egner,D,7/19/2017,88,Pool
7272017EgnerPoolD3,OTU23,GS,100,BOLD:AAF9008,Animalia,Arthropoda,Insecta,Diptera,Limoniidae,Helius,Helius flavipes,1394,7/27/2017,Egner,D,7/19/2017,88,Pool
7272017EgnerPoolD3,OTU27,SS,0.18,BOLD:AAC6806,Animalia,Arthropoda,Insecta,Diptera,NA,NA,NA,364,7/27/2017,Egner,D,7/19/2017,88,Pool
7272017EgnerPoolD3,OTU34,GS,100,BOLD:AAM6211,Animalia,Arthropoda,Insecta,Diptera,Chironomidae,Glyptotendipes,NA,66,7/27/2017,Egner,D,7/19/2017,88,Pool
7272017EgnerPoolD3,OTU54,GS,99.4,BOLD:ABA5202,Animalia,Arthropoda,Insecta,Diptera,Limoniidae,Pseudolimnophila,Pseudolimnophila luteipennis,134,7/27/2017,Egner,D,7/19/2017,88,Pool
7272017EgnerPoolD3,OTU56,GS,100,BOLD:AAN5879,Animalia,Arthropoda,Insecta,Diptera,Limoniidae,NA,NA,187,7/27/2017,Egner,D,7/19/2017,88,Pool
7272017EgnerPoolD3,OTU81,US,0,BOLD:ABV3248,Animalia,Arthropoda,Insecta,Diptera,NA,NA,NA,364,7/27/2017,Egner,D,7/19/2017,88,Pool
7272017EgnerPoolD3,OTU83,GS,100,BOLD:ABA5203,Animalia,Arthropoda,Insecta,Diptera,Limoniidae,Dicranomyia,Dicranomyia frontalis,349,7/27/2017,Egner,D,7/19/2017,88,Pool
7272017EgnerPoolD3,OTU146,GS,99.4,BOLD:ABV9238,Animalia,Arthropoda,Insecta,Diptera,Limoniidae,Gonomyia,NA,360,7/27/2017,Egner,D,7/19/2017,88,Pool
7272017EgnerPoolD3,OTU151,GS,100,BOLD:AAA3882,Animalia,Arthropoda,Insecta,Lepidoptera,Pterophoridae,Emmelina,Emmelina monodactyla,1784,7/27/2017,Egner,D,7/19/2017,88,Pool
7272017EgnerPoolD3,OTU192,SS,0.12,BOLD:ACF9102,Animalia,Arthropoda,Insecta,Diptera,NA,NA,NA,134,7/27/2017,Egner,D,7/19/2017,88,Pool
7272017EgnerPoolD3,OTU200,GS,100,BOLD:AAN8771,Animalia,Arthropoda,Insecta,Diptera,Psychodidae,NA,NA,1357,7/27/2017,Egner,D,7/19/2017,88,Pool
7272017EgnerPoolD3,OTU210,GS,100,BOLD:AAP2869,Animalia,Arthropoda,Insecta,Diptera,Dolichopodidae,Gymnopternus,Gymnopternus vockerothi,598,7/27/2017,Egner,D,7/19/2017,88,Pool
7272017EgnerPoolD3,OTU217,GS,99.4,BOLD:AAJ5015,Animalia,Arthropoda,Insecta,Hemiptera,Acanaloniidae,Acanalonia,Acanalonia conica,862,7/27/2017,Egner,D,7/19/2017,88,Pool
7272017EgnerPoolD3,OTU317,GS,99.4,BOLD:ACA8818,Animalia,Arthropoda,Insecta,Hemiptera,Derbidae,Patara,Patara vanduzeei,70,7/27/2017,Egner,D,7/19/2017,88,Pool
7272017EgnerPoolD3,OTU340,GS,100,BOLD:AAA6129,Animalia,Arthropoda,Insecta,Lepidoptera,NA,NA,NA,128,7/27/2017,Egner,D,7/19/2017,88,Pool
7272017EgnerPoolD3,OTU580,GS,98.3,BOLD:ABZ0908,Animalia,Arthropoda,Insecta,Diptera,Tipulidae,Nephrotoma,Nephrotoma ferruginea,16,7/27/2017,Egner,D,7/19/2017,88,Pool
7272017EgnerPoolD3,OTU626,US,0.9934,BOLD:ACT3549,Animalia,Arthropoda,Insecta,Hemiptera,NA,NA,NA,3,7/27/2017,Egner,D,7/19/2017,88,Pool
7272017EgnerPoolD3,OTU706,GS,98.3,BOLD:ACV0077,Animalia,Arthropoda,Insecta,Hymenoptera,Perilampidae,Perilampus,NA,158,7/27/2017,Egner,D,7/19/2017,88,Pool
7272017EgnerPoolD3,OTU715,SS,0.71,BOLD:ABZ0908,Animalia,Arthropoda,Insecta,Diptera,NA,NA,NA,261,7/27/2017,Egner,D,7/19/2017,88,Pool
7272017EgnerPoolD3,OTU794,GS,100,BOLD:AAD2564,Animalia,Arthropoda,Insecta,Lepidoptera,Gelechiidae,Chionodes,Chionodes fuscomaculella,171,7/27/2017,Egner,D,7/19/2017,88,Pool
7272017EgnerPoolD3,OTU894,US,0,BOLD:ABA9828,Animalia,Arthropoda,Insecta,Hymenoptera,NA,NA,NA,54,7/27/2017,Egner,D,7/19/2017,88,Pool
7272017EgnerPoolD3,OTU907,SS,0.01,BOLD:AAO3940,Animalia,Arthropoda,Insecta,Diptera,Limoniidae,Rhipidia,NA,4,7/27/2017,Egner,D,7/19/2017,88,Pool
7272017EgnerPoolD3,OTU950,GS,100,BOLD:ACT6925,Animalia,Arthropoda,Arachnida,Mesostigmata,Phytoseiidae,NA,NA,114,7/27/2017,Egner,D,7/19/2017,88,Pool
7272017EgnerPoolD3,OTU1072,SS,0.54,BOLD:ABV9238,Animalia,Arthropoda,Insecta,Diptera,NA,NA,NA,201,7/27/2017,Egner,D,7/19/2017,88,Pool
7272017EgnerPoolD3,OTU1116,SS,0.5,BOLD:ABZ0908,Animalia,Arthropoda,Insecta,Diptera,NA,NA,NA,777,7/27/2017,Egner,D,7/19/2017,88,Pool
7272017EgnerPoolD3,OTU1131,SS,0.01,BOLD:ACV0077,Animalia,Arthropoda,Insecta,Hymenoptera,Perilampidae,Perilampus,NA,43,7/27/2017,Egner,D,7/19/2017,88,Pool
7272017EgnerPoolD3,OTU1210,GS,97.2,BOLD:AAF4632,Animalia,Arthropoda,Insecta,Diptera,Limoniidae,Epiphragma,Epiphragma solatrix,47,7/27/2017,Egner,D,7/19/2017,88,Pool
7272017EgnerPoolD3,OTU1223,GS,97.8,BOLD:ABV9238,Animalia,Arthropoda,Insecta,Diptera,Limoniidae,Gonomyia,NA,230,7/27/2017,Egner,D,7/19/2017,88,Pool
7272017EgnerPoolD3,OTU1265,SS,0.83,BOLD:AAF4632,Animalia,Arthropoda,Insecta,Diptera,Limoniidae,Epiphragma,Epiphragma solatrix,5,7/27/2017,Egner,D,7/19/2017,88,Pool
7272017EgnerPoolD3,OTU1292,GS,97.8,BOLD:AAN5882,Animalia,Arthropoda,Insecta,Diptera,Limoniidae,Erioptera,Erioptera caliptera,36,7/27/2017,Egner,D,7/19/2017,88,Pool
7272017EgnerPoolD3,OTU1401,SS,0.78,BOLD:AAF9008,Animalia,Arthropoda,Insecta,Diptera,NA,NA,NA,2,7/27/2017,Egner,D,7/19/2017,88,Pool
7272017EgnerPoolD3,OTU1480,US,0.9249,BOLD:AAN5882,Animalia,Arthropoda,Insecta,Diptera,NA,NA,NA,1,7/27/2017,Egner,D,7/19/2017,88,Pool
7272017EgnerPoolD3,OTU1482,SS,0.87,BOLD:AAF9008,Animalia,Arthropoda,Insecta,Diptera,Limoniidae,Helius,Helius flavipes,441,7/27/2017,Egner,D,7/19/2017,88,Pool
7272017EgnerPoolD3,OTU1819,US,0.9844,BOLD:AAE5173,Animalia,Arthropoda,Insecta,Diptera,NA,NA,NA,11,7/27/2017,Egner,D,7/19/2017,88,Pool
7272017EgnerPoolD3,OTU1910,SS,0.87,BOLD:ABZ0908,Animalia,Arthropoda,Insecta,Diptera,Tipulidae,Nephrotoma,Nephrotoma ferruginea,3,7/27/2017,Egner,D,7/19/2017,88,Pool
7272017EgnerPoolD4,OTU7,GS,100,BOLD:AAF4632,Animalia,Arthropoda,Insecta,Diptera,Limoniidae,Epiphragma,Epiphragma solatrix,415,7/27/2017,Egner,D,7/19/2017,88,Pool
7272017EgnerPoolD4,OTU11,GS,99.4,BOLD:AAG3848,Animalia,Arthropoda,Insecta,Diptera,Culicidae,Culex,Culex erraticus,716,7/27/2017,Egner,D,7/19/2017,88,Pool
7272017EgnerPoolD4,OTU12,GS,100,BOLD:AAE5173,Animalia,Arthropoda,Insecta,Diptera,Psychodidae,PschodididGC,NA,25630,7/27/2017,Egner,D,7/19/2017,88,Pool
7272017EgnerPoolD4,OTU14,GS,99.4,BOLD:AAO3940,Animalia,Arthropoda,Insecta,Diptera,Limoniidae,Rhipidia,NA,2414,7/27/2017,Egner,D,7/19/2017,88,Pool
7272017EgnerPoolD4,OTU15,GS,100,BOLD:ABZ0908,Animalia,Arthropoda,Insecta,Diptera,Tipulidae,Nephrotoma,Nephrotoma ferruginea,790,7/27/2017,Egner,D,7/19/2017,88,Pool
7272017EgnerPoolD4,OTU23,GS,100,BOLD:AAF9008,Animalia,Arthropoda,Insecta,Diptera,Limoniidae,Helius,Helius flavipes,1124,7/27/2017,Egner,D,7/19/2017,88,Pool
7272017EgnerPoolD4,OTU34,GS,100,BOLD:AAM6211,Animalia,Arthropoda,Insecta,Diptera,Chironomidae,Glyptotendipes,NA,215,7/27/2017,Egner,D,7/19/2017,88,Pool
7272017EgnerPoolD4,OTU37,GS,100,BOLD:AAB0484,Animalia,Arthropoda,Insecta,Lepidoptera,Tortricidae,Gypsonoma,Gypsonoma salicicolana,211,7/27/2017,Egner,D,7/19/2017,88,Pool
7272017EgnerPoolD4,OTU88,GS,100,BOLD:AAE0434,Animalia,Arthropoda,Insecta,Diptera,Culicidae,Uranotaenia,Uranotaenia sapphirina,96,7/27/2017,Egner,D,7/19/2017,88,Pool
7272017EgnerPoolD4,OTU146,GS,99.4,BOLD:ABV9238,Animalia,Arthropoda,Insecta,Diptera,Limoniidae,Gonomyia,NA,43,7/27/2017,Egner,D,7/19/2017,88,Pool
7272017EgnerPoolD4,OTU151,GS,100,BOLD:AAA3882,Animalia,Arthropoda,Insecta,Lepidoptera,Pterophoridae,Emmelina,Emmelina monodactyla,1499,7/27/2017,Egner,D,7/19/2017,88,Pool
7272017EgnerPoolD4,OTU192,SS,0.12,BOLD:ACF9102,Animalia,Arthropoda,Insecta,Diptera,NA,NA,NA,245,7/27/2017,Egner,D,7/19/2017,88,Pool
7272017EgnerPoolD4,OTU200,GS,100,BOLD:AAN8771,Animalia,Arthropoda,Insecta,Diptera,Psychodidae,NA,NA,1347,7/27/2017,Egner,D,7/19/2017,88,Pool
7272017EgnerPoolD4,OTU210,GS,100,BOLD:AAP2869,Animalia,Arthropoda,Insecta,Diptera,Dolichopodidae,Gymnopternus,Gymnopternus vockerothi,1258,7/27/2017,Egner,D,7/19/2017,88,Pool
7272017EgnerPoolD4,OTU217,GS,99.4,BOLD:AAJ5015,Animalia,Arthropoda,Insecta,Hemiptera,Acanaloniidae,Acanalonia,Acanalonia conica,199,7/27/2017,Egner,D,7/19/2017,88,Pool
7272017EgnerPoolD4,OTU317,GS,99.4,BOLD:ACA8818,Animalia,Arthropoda,Insecta,Hemiptera,Derbidae,Patara,Patara vanduzeei,100,7/27/2017,Egner,D,7/19/2017,88,Pool
7272017EgnerPoolD4,OTU580,GS,98.3,BOLD:ABZ0908,Animalia,Arthropoda,Insecta,Diptera,Tipulidae,Nephrotoma,Nephrotoma ferruginea,10,7/27/2017,Egner,D,7/19/2017,88,Pool
7272017EgnerPoolD4,OTU626,US,0.9934,BOLD:ACT3549,Animalia,Arthropoda,Insecta,Hemiptera,NA,NA,NA,41,7/27/2017,Egner,D,7/19/2017,88,Pool
7272017EgnerPoolD4,OTU715,SS,0.71,BOLD:ABZ0908,Animalia,Arthropoda,Insecta,Diptera,NA,NA,NA,191,7/27/2017,Egner,D,7/19/2017,88,Pool
7272017EgnerPoolD4,OTU808,GS,100,BOLD:AAJ5027,Animalia,Arthropoda,Insecta,Orthoptera,Trigonidiidae,Cyrtoxipha,Cyrtoxipha columbiana,207,7/27/2017,Egner,D,7/19/2017,88,Pool
7272017EgnerPoolD4,OTU894,US,0,BOLD:ABA9828,Animalia,Arthropoda,Insecta,Hymenoptera,NA,NA,NA,50,7/27/2017,Egner,D,7/19/2017,88,Pool
7272017EgnerPoolD4,OTU1072,SS,0.54,BOLD:ABV9238,Animalia,Arthropoda,Insecta,Diptera,NA,NA,NA,102,7/27/2017,Egner,D,7/19/2017,88,Pool
7272017EgnerPoolD4,OTU1116,SS,0.5,BOLD:ABZ0908,Animalia,Arthropoda,Insecta,Diptera,NA,NA,NA,1003,7/27/2017,Egner,D,7/19/2017,88,Pool
7272017EgnerPoolD4,OTU1130,SS,0.64,BOLD:AAN4385,Animalia,Arthropoda,Insecta,Diptera,NA,NA,NA,1,7/27/2017,Egner,D,7/19/2017,88,Pool
7272017EgnerPoolD4,OTU1176,US,0.9249,BOLD:AAF4632,Animalia,Arthropoda,Insecta,Diptera,NA,NA,NA,2,7/27/2017,Egner,D,7/19/2017,88,Pool
7272017EgnerPoolD4,OTU1210,GS,97.2,BOLD:AAF4632,Animalia,Arthropoda,Insecta,Diptera,Limoniidae,Epiphragma,Epiphragma solatrix,46,7/27/2017,Egner,D,7/19/2017,88,Pool
7272017EgnerPoolD4,OTU1223,GS,97.8,BOLD:ABV9238,Animalia,Arthropoda,Insecta,Diptera,Limoniidae,Gonomyia,NA,284,7/27/2017,Egner,D,7/19/2017,88,Pool
7272017EgnerPoolD4,OTU1292,GS,97.8,BOLD:AAN5882,Animalia,Arthropoda,Insecta,Diptera,Limoniidae,Erioptera,Erioptera caliptera,61,7/27/2017,Egner,D,7/19/2017,88,Pool
7272017EgnerPoolD4,OTU1311,GS,100,BOLD:ACB9392,Animalia,Arthropoda,Insecta,Diptera,Chironomidae,NA,NA,38,7/27/2017,Egner,D,7/19/2017,88,Pool
7272017EgnerPoolD4,OTU1401,SS,0.78,BOLD:AAF9008,Animalia,Arthropoda,Insecta,Diptera,NA,NA,NA,3,7/27/2017,Egner,D,7/19/2017,88,Pool
7272017EgnerPoolD4,OTU1482,SS,0.87,BOLD:AAF9008,Animalia,Arthropoda,Insecta,Diptera,Limoniidae,Helius,Helius flavipes,419,7/27/2017,Egner,D,7/19/2017,88,Pool
7272017EgnerPoolD4,OTU1522,SS,0.57,BOLD:AAF9008,Animalia,Arthropoda,Insecta,Diptera,NA,NA,NA,4,7/27/2017,Egner,D,7/19/2017,88,Pool
7272017EgnerPoolD4,OTU1756,SS,0.97,BOLD:AAG3848,Animalia,Arthropoda,Insecta,Diptera,Culicidae,Culex,Culex erraticus,1,7/27/2017,Egner,D,7/19/2017,88,Pool
7272017EgnerPoolD4,OTU1764,US,0.9934,BOLD:ACQ7934,Animalia,Arthropoda,Insecta,Hymenoptera,NA,NA,NA,1,7/27/2017,Egner,D,7/19/2017,88,Pool
7272017EgnerPoolD4,OTU1819,US,0.9844,BOLD:AAE5173,Animalia,Arthropoda,Insecta,Diptera,NA,NA,NA,23,7/27/2017,Egner,D,7/19/2017,88,Pool
7272017EgnerPoolD4,OTU1871,SS,0.85,BOLD:AAG3848,Animalia,Arthropoda,Insecta,Diptera,Culicidae,Culex,Culex erraticus,6,7/27/2017,Egner,D,7/19/2017,88,Pool
7272017EgnerPoolD4,OTU1910,SS,0.87,BOLD:ABZ0908,Animalia,Arthropoda,Insecta,Diptera,Tipulidae,Nephrotoma,Nephrotoma ferruginea,1,7/27/2017,Egner,D,7/19/2017,88,Pool
7272017HBA1,OTU7,GS,100,BOLD:AAF4632,Animalia,Arthropoda,Insecta,Diptera,Limoniidae,Epiphragma,Epiphragma solatrix,1008,7/27/2017,HickoryBottoms,A,7/12/2017,11,Single
7272017HBA1,OTU20,US,0.9885,BOLD:ACL8445,Animalia,Arthropoda,Insecta,Diptera,NA,NA,NA,22485,7/27/2017,HickoryBottoms,A,7/12/2017,11,Single
7272017HBA1,OTU64,US,0.9925,BOLD:AAL8170,Animalia,Arthropoda,Insecta,Hymenoptera,NA,NA,NA,1033,7/27/2017,HickoryBottoms,A,7/12/2017,11,Single
7272017HBA1,OTU68,GS,100,BOLD:AAB7030,Animalia,Arthropoda,Insecta,Diptera,Chironomidae,Chironomus,Chironomus decorus,68,7/27/2017,HickoryBottoms,A,7/12/2017,11,Single
7272017HBA1,OTU88,GS,100,BOLD:AAE0434,Animalia,Arthropoda,Insecta,Diptera,Culicidae,Uranotaenia,Uranotaenia sapphirina,1356,7/27/2017,HickoryBottoms,A,7/12/2017,11,Single
7272017HBA1,OTU100,US,0,BOLD:ACD6759,Animalia,Arthropoda,Insecta,Hymenoptera,NA,NA,NA,3322,7/27/2017,HickoryBottoms,A,7/12/2017,11,Single
7272017HBA1,OTU222,GS,100,BOLD:AAU7129,Animalia,Arthropoda,Insecta,Coleoptera,Bostrichidae,Xylobiops,Xylobiops basilaris,768,7/27/2017,HickoryBottoms,A,7/12/2017,11,Single
7272017HBA1,OTU244,GS,100,BOLD:AAB1096,Animalia,Arthropoda,Insecta,Lepidoptera,Blastobasidae,Blastobasis,Blastobasis glandulella,48,7/27/2017,HickoryBottoms,A,7/12/2017,11,Single
7272017HBA1,OTU271,GS,98.9,BOLD:ABX3627,Animalia,Arthropoda,Insecta,Diptera,Limoniidae,NA,NA,26,7/27/2017,HickoryBottoms,A,7/12/2017,11,Single
7272017HBA1,OTU320,US,0,BOLD:ACQ9987,Animalia,Arthropoda,Insecta,Hemiptera,NA,NA,NA,529,7/27/2017,HickoryBottoms,A,7/12/2017,11,Single
7272017HBA1,OTU360,US,0.9803,BOLD:ACA7899,Animalia,Arthropoda,Insecta,Lepidoptera,NA,NA,NA,8,7/27/2017,HickoryBottoms,A,7/12/2017,11,Single
7272017HBA1,OTU371,GS,100,BOLD:ABX9756,Animalia,Arthropoda,Insecta,Diptera,NA,NA,NA,17,7/27/2017,HickoryBottoms,A,7/12/2017,11,Single
7272017HBA1,OTU397,GS,100,BOLD:ACA9043,Animalia,Arthropoda,Insecta,Coleoptera,NA,NA,NA,211,7/27/2017,HickoryBottoms,A,7/12/2017,11,Single
7272017HBA1,OTU409,US,0.9916,BOLD:ACS0084,Animalia,Arthropoda,Insecta,Hemiptera,NA,NA,NA,15,7/27/2017,HickoryBottoms,A,7/12/2017,11,Single
7272017HBA1,OTU418,US,0,None,Animalia,Arthropoda,Insecta,Lepidoptera,NA,NA,NA,3,7/27/2017,HickoryBottoms,A,7/12/2017,11,Single
7272017HBA1,OTU473,US,0,BOLD:ACL5453,Animalia,Arthropoda,Arachnida,Trombidiformes,NA,NA,NA,14,7/27/2017,HickoryBottoms,A,7/12/2017,11,Single
7272017HBA1,OTU503,GS,99.4,BOLD:AAG6486,Animalia,Arthropoda,Insecta,Diptera,Ceratopogonidae,Bezzia,Bezzia nobilis,23,7/27/2017,HickoryBottoms,A,7/12/2017,11,Single
7272017HBA1,OTU584,SS,0.59,BOLD:ACN8830,Animalia,Arthropoda,Insecta,Diptera,NA,NA,NA,77,7/27/2017,HickoryBottoms,A,7/12/2017,11,Single
7272017HBA1,OTU636,GS,99.4,BOLD:AAM6230,Animalia,Arthropoda,Insecta,Diptera,Chironomidae,Chironomus,NA,3,7/27/2017,HickoryBottoms,A,7/12/2017,11,Single
7272017HBA1,OTU655,SS,0.61,BOLD:AAA3776,Animalia,Arthropoda,Insecta,Diptera,NA,NA,NA,27,7/27/2017,HickoryBottoms,A,7/12/2017,11,Single
7272017HBA1,OTU662,GS,98.6,BOLD:AAU1776,Animalia,Arthropoda,Insecta,Hymenoptera,Formicidae,NA,NA,13,7/27/2017,HickoryBottoms,A,7/12/2017,11,Single
7272017HBA1,OTU678,GS,98.6,BOLD:AAB0602,Animalia,Arthropoda,Insecta,Lepidoptera,Gelechiidae,Pseudotelphusa,Pseudotelphusa quercinigracella,183,7/27/2017,HickoryBottoms,A,7/12/2017,11,Single
7272017HBA1,OTU769,GS,100,BOLD:AAE8646,Animalia,Arthropoda,Insecta,Hymenoptera,Formicidae,Solenopsis,Solenopsis molesta,18,7/27/2017,HickoryBottoms,A,7/12/2017,11,Single
7272017HBA1,OTU772,US,0.9249,BOLD:ACE1732,Animalia,Arthropoda,Insecta,Diptera,NA,NA,NA,190,7/27/2017,HickoryBottoms,A,7/12/2017,11,Single
7272017HBA1,OTU871,GS,100,BOLD:AAA6740,Animalia,Arthropoda,Insecta,Lepidoptera,Tortricidae,Proteoteras,Proteoteras aesculana,2,7/27/2017,HickoryBottoms,A,7/12/2017,11,Single
7272017HBA1,OTU881,GS,100,BOLD:AAM6177,Animalia,Arthropoda,Insecta,Diptera,Clusiidae,Sobarocephala,Sobarocephala lachnosternum,4,7/27/2017,HickoryBottoms,A,7/12/2017,11,Single
7272017HBA1,OTU888,GS,100,BOLD:AAG5541,Animalia,Arthropoda,Insecta,Diptera,Chironomidae,Polypedilum,NA,9,7/27/2017,HickoryBottoms,A,7/12/2017,11,Single
7272017HBA1,OTU893,GS,100,BOLD:AAN5546,Animalia,Arthropoda,Insecta,Diptera,Drosophilidae,Mycodrosophila,Mycodrosophila claytonae,178,7/27/2017,HickoryBottoms,A,7/12/2017,11,Single
7272017HBA1,OTU939,US,0.9885,BOLD:ACL9981,Animalia,Arthropoda,Insecta,Diptera,NA,NA,NA,89,7/27/2017,HickoryBottoms,A,7/12/2017,11,Single
7272017HBA1,OTU945,GS,99.4,BOLD:AAG1350,Animalia,Arthropoda,Insecta,Hymenoptera,Braconidae,Aleiodes,NA,21,7/27/2017,HickoryBottoms,A,7/12/2017,11,Single
7272017HBA1,OTU978,SS,0.71,BOLD:AAG5479,Animalia,Arthropoda,Insecta,Diptera,Chironomidae,NA,NA,25,7/27/2017,HickoryBottoms,A,7/12/2017,11,Single
7272017HBA1,OTU995,GS,100,BOLD:AAN6208,Animalia,Arthropoda,Insecta,Coleoptera,Aderidae,NA,NA,27,7/27/2017,HickoryBottoms,A,7/12/2017,11,Single
7272017HBA1,OTU1216,GS,97.1,BOLD:ACW2628,Animalia,Arthropoda,Insecta,Diptera,NA,NA,NA,140,7/27/2017,HickoryBottoms,A,7/12/2017,11,Single
7272017HBA1,OTU1265,SS,0.83,BOLD:AAF4632,Animalia,Arthropoda,Insecta,Diptera,Limoniidae,Epiphragma,Epiphragma solatrix,12,7/27/2017,HickoryBottoms,A,7/12/2017,11,Single
7272017HBA1,OTU1291,GS,98.9,BOLD:AAB8467,Animalia,Arthropoda,Insecta,Lepidoptera,Erebidae,Phalaenostola,Phalaenostola eumelusalis,8,7/27/2017,HickoryBottoms,A,7/12/2017,11,Single
7272017HBA1,OTU1351,SS,0.94,BOLD:AAB7030,Animalia,Arthropoda,Insecta,Diptera,Chironomidae,Chironomus,Chironomus decorus,57,7/27/2017,HickoryBottoms,A,7/12/2017,11,Single
7272017HBA1,OTU1403,SS,0.36,BOLD:ACV0130,Animalia,Arthropoda,Insecta,Diptera,NA,NA,NA,2,7/27/2017,HickoryBottoms,A,7/12/2017,11,Single
7272017HBA1,OTU1527,US,0.9885,BOLD:ACA9043,Animalia,Arthropoda,Insecta,Diptera,NA,NA,NA,27,7/27/2017,HickoryBottoms,A,7/12/2017,11,Single
7272017HBA1,OTU1537,SS,0.66,BOLD:AAC1892,Animalia,Arthropoda,Insecta,NA,NA,NA,NA,159,7/27/2017,HickoryBottoms,A,7/12/2017,11,Single
7272017HBA1,OTU1559,US,0.9963,BOLD:ACA9043,Animalia,Arthropoda,Insecta,Diptera,NA,NA,NA,31,7/27/2017,HickoryBottoms,A,7/12/2017,11,Single
7272017HBA1,OTU1575,SS,0.94,BOLD:AAM6177,Animalia,Arthropoda,Insecta,Diptera,Clusiidae,Sobarocephala,Sobarocephala lachnosternum,22,7/27/2017,HickoryBottoms,A,7/12/2017,11,Single
7272017HBA1,OTU1582,GS,98.9,BOLD:AAF9984,Animalia,Arthropoda,Insecta,Lepidoptera,Gelechiidae,Glauce,NA,1,7/27/2017,HickoryBottoms,A,7/12/2017,11,Single
7272017HBA1,OTU1684,GS,97.8,BOLD:AAH7094,Animalia,Arthropoda,Insecta,Neuroptera,Chrysopidae,Ceraeochrysa,Ceraeochrysa lineaticornis,52,7/27/2017,HickoryBottoms,A,7/12/2017,11,Single
7272017HBA1,OTU1742,GS,98.3,BOLD:AAB0602,Animalia,Arthropoda,Insecta,Lepidoptera,Gelechiidae,Pseudotelphusa,Pseudotelphusa quercinigracella,72,7/27/2017,HickoryBottoms,A,7/12/2017,11,Single
7272017HBA1,OTU1764,US,0.9934,BOLD:ACQ7934,Animalia,Arthropoda,Insecta,Hymenoptera,NA,NA,NA,36,7/27/2017,HickoryBottoms,A,7/12/2017,11,Single
7272017HBA1,OTU1795,US,0.9963,BOLD:AAG3179,Animalia,Arthropoda,Insecta,Diptera,NA,NA,NA,51,7/27/2017,HickoryBottoms,A,7/12/2017,11,Single
7272017HBA1,OTU1824,US,0.0049,BOLD:AAB3269,Animalia,Arthropoda,Insecta,Diptera,NA,NA,NA,28,7/27/2017,HickoryBottoms,A,7/12/2017,11,Single
7272017HBA1,OTU1834,SS,0.74,BOLD:AAF4632,Animalia,Arthropoda,Insecta,Diptera,NA,NA,NA,3,7/27/2017,HickoryBottoms,A,7/12/2017,11,Single
7272017HBA1,OTU1863,SS,0.07,BOLD:ACD1241,Animalia,Arthropoda,Insecta,Diptera,Cecidomyiidae,NA,NA,13,7/27/2017,HickoryBottoms,A,7/12/2017,11,Single
7272017HBA10,OTU5,GS,99.4,BOLD:AAN5451,Animalia,Arthropoda,Arachnida,Araneae,Araneidae,Eustala,NA,30140,7/27/2017,HickoryBottoms,A,7/12/2017,11,Single
7272017HBA10,OTU96,US,0,BOLD:ACL3138,Animalia,Arthropoda,Insecta,Diptera,NA,NA,NA,11951,7/27/2017,HickoryBottoms,A,7/12/2017,11,Single
7272017HBA2,OTU75,GS,99.4,BOLD:AAF4974,Animalia,Arthropoda,Arachnida,Araneae,Theridiidae,Dipoena,Dipoena nigra,15980,7/27/2017,HickoryBottoms,A,7/12/2017,11,Single
7272017HBA2,OTU116,GS,100,BOLD:AAG0758,Animalia,Arthropoda,Insecta,Coleoptera,Pyrochroidae,Dendroides,Dendroides canadensis,6901,7/27/2017,HickoryBottoms,A,7/12/2017,11,Single
7272017HBA2,OTU135,GS,99.4,BOLD:AAA5872,Animalia,Arthropoda,Insecta,Lepidoptera,Gelechiidae,Chionodes,Chionodes mediofuscella,4383,7/27/2017,HickoryBottoms,A,7/12/2017,11,Single
7272017HBA2,OTU140,GS,100,BOLD:AAK1656,Animalia,Arthropoda,Insecta,Lepidoptera,Tischeriidae,Coptotriche,Coptotriche aenea,7201,7/27/2017,HickoryBottoms,A,7/12/2017,11,Single
7272017HBA2,OTU254,GS,100,BOLD:AAG8977,Animalia,Arthropoda,Insecta,Hemiptera,Derbidae,Apache,Apache degeerii,1574,7/27/2017,HickoryBottoms,A,7/12/2017,11,Single
7272017HBA2,OTU342,GS,99.4,BOLD:AAI1931,Animalia,Arthropoda,Insecta,Lepidoptera,Blastobasidae,Holcocera,Holcocera chalcofrontella,1045,7/27/2017,HickoryBottoms,A,7/12/2017,11,Single
7272017HBA2,OTU347,GS,100,BOLD:AAD2111,Animalia,Arthropoda,Arachnida,Araneae,Thomisidae,Tmarus,Tmarus angulatus,1452,7/27/2017,HickoryBottoms,A,7/12/2017,11,Single
7272017HBA2,OTU529,GS,100,BOLD:AAG3825,Animalia,Arthropoda,Arachnida,Araneae,Anyphaenidae,Wulfila,NA,6,7/27/2017,HickoryBottoms,A,7/12/2017,11,Single
7272017HBA2,OTU1721,GSL,97.8,BOLD:AAE4545,Animalia,Arthropoda,Insecta,Lepidoptera,NA,NA,NA,1,7/27/2017,HickoryBottoms,A,7/12/2017,11,Single
7272017HBA3,OTU5,GS,99.4,BOLD:AAN5451,Animalia,Arthropoda,Arachnida,Araneae,Araneidae,Eustala,NA,406,7/27/2017,HickoryBottoms,A,7/12/2017,11,Single
7272017HBA3,OTU7,GS,100,BOLD:AAF4632,Animalia,Arthropoda,Insecta,Diptera,Limoniidae,Epiphragma,Epiphragma solatrix,1250,7/27/2017,HickoryBottoms,A,7/12/2017,11,Single
7272017HBA3,OTU11,GS,99.4,BOLD:AAG3848,Animalia,Arthropoda,Insecta,Diptera,Culicidae,Culex,Culex erraticus,1032,7/27/2017,HickoryBottoms,A,7/12/2017,11,Single
7272017HBA3,OTU20,US,0.9885,BOLD:ACL8445,Animalia,Arthropoda,Insecta,Diptera,NA,NA,NA,3217,7/27/2017,HickoryBottoms,A,7/12/2017,11,Single
7272017HBA3,OTU27,SS,0.18,BOLD:AAC6806,Animalia,Arthropoda,Insecta,Diptera,NA,NA,NA,9656,7/27/2017,HickoryBottoms,A,7/12/2017,11,Single
7272017HBA3,OTU57,GS,100,BOLD:AAI1618,Animalia,Arthropoda,Insecta,Diptera,Culicidae,Coquillettidia,Coquillettidia perturbans,90,7/27/2017,HickoryBottoms,A,7/12/2017,11,Single
7272017HBA3,OTU64,US,0.9925,BOLD:AAL8170,Animalia,Arthropoda,Insecta,Hymenoptera,NA,NA,NA,5117,7/27/2017,HickoryBottoms,A,7/12/2017,11,Single
7272017HBA3,OTU68,GS,100,BOLD:AAB7030,Animalia,Arthropoda,Insecta,Diptera,Chironomidae,Chironomus,Chironomus decorus,109,7/27/2017,HickoryBottoms,A,7/12/2017,11,Single
7272017HBA3,OTU76,US,1,BOLD:ACY1454,Animalia,Arthropoda,Insecta,Hemiptera,NA,NA,NA,106,7/27/2017,HickoryBottoms,A,7/12/2017,11,Single
7272017HBA3,OTU77,SS,0.4,BOLD:ABU7092,Animalia,Arthropoda,Insecta,Hymenoptera,NA,NA,NA,105,7/27/2017,HickoryBottoms,A,7/12/2017,11,Single
7272017HBA3,OTU81,US,0,BOLD:ABV3248,Animalia,Arthropoda,Insecta,Diptera,NA,NA,NA,13641,7/27/2017,HickoryBottoms,A,7/12/2017,11,Single
7272017HBA3,OTU88,GS,100,BOLD:AAE0434,Animalia,Arthropoda,Insecta,Diptera,Culicidae,Uranotaenia,Uranotaenia sapphirina,558,7/27/2017,HickoryBottoms,A,7/12/2017,11,Single
7272017HBA3,OTU89,GS,98.3,BOLD:ABW2415,Animalia,Arthropoda,Insecta,Diptera,Tipulidae,Nephrotoma,Nephrotoma okefenoke,90,7/27/2017,HickoryBottoms,A,7/12/2017,11,Single
7272017HBA3,OTU100,US,0,BOLD:ACD6759,Animalia,Arthropoda,Insecta,Hymenoptera,NA,NA,NA,1396,7/27/2017,HickoryBottoms,A,7/12/2017,11,Single
7272017HBA3,OTU124,SS,0.3,BOLD:ABZ5204,Animalia,Arthropoda,Insecta,Hemiptera,Miridae,NA,NA,339,7/27/2017,HickoryBottoms,A,7/12/2017,11,Single
7272017HBA3,OTU185,GS,100,BOLD:AAA7667,Animalia,Arthropoda,Insecta,Lepidoptera,Tortricidae,Acleris,Acleris chalybeana,655,7/27/2017,HickoryBottoms,A,7/12/2017,11,Single
7272017HBA3,OTU198,GS,99.4,BOLD:ABZ1242,Animalia,Arthropoda,Insecta,Diptera,Chironomidae,NA,NA,15,7/27/2017,HickoryBottoms,A,7/12/2017,11,Single
7272017HBA3,OTU203,GS,100,BOLD:AAB0603,Animalia,Arthropoda,Insecta,Lepidoptera,Gelechiidae,Pseudotelphusa,Pseudotelphusa quercinigracella,11,7/27/2017,HickoryBottoms,A,7/12/2017,11,Single
7272017HBA3,OTU222,GS,100,BOLD:AAU7129,Animalia,Arthropoda,Insecta,Coleoptera,Bostrichidae,Xylobiops,Xylobiops basilaris,177,7/27/2017,HickoryBottoms,A,7/12/2017,11,Single
7272017HBA3,OTU238,GS,100,BOLD:AAC2281,Animalia,Arthropoda,Insecta,Diptera,Culicidae,Anopheles,Anopheles quadrimaculatus,84,7/27/2017,HickoryBottoms,A,7/12/2017,11,Single
7272017HBA3,OTU249,SS,0.04,BOLD:AAU6540,Animalia,Arthropoda,Insecta,Diptera,Psychodidae,NA,NA,7,7/27/2017,HickoryBottoms,A,7/12/2017,11,Single
7272017HBA3,OTU279,US,0.9881,BOLD:AAL9881,Animalia,Arthropoda,Arachnida,Araneae,NA,NA,NA,45,7/27/2017,HickoryBottoms,A,7/12/2017,11,Single
7272017HBA3,OTU323,GS,98.9,BOLD:AAA5103,Animalia,Arthropoda,Insecta,Diptera,Culicidae,Anopheles,Anopheles crucians,46,7/27/2017,HickoryBottoms,A,7/12/2017,11,Single
7272017HBA3,OTU325,GS,100,BOLD:AAB6013,Animalia,Arthropoda,Insecta,Lepidoptera,Tortricidae,Phaecasiophora,Phaecasiophora confixana,166,7/27/2017,HickoryBottoms,A,7/12/2017,11,Single
7272017HBA3,OTU354,SS,0.48,BOLD:AAM6278,Animalia,Arthropoda,Insecta,Diptera,NA,NA,NA,4,7/27/2017,HickoryBottoms,A,7/12/2017,11,Single
7272017HBA3,OTU362,GS,100,BOLD:ABZ2935,Animalia,Arthropoda,Insecta,Lepidoptera,Erebidae,Zanclognatha,Zanclognatha pedipilalis,12,7/27/2017,HickoryBottoms,A,7/12/2017,11,Single
7272017HBA3,OTU372,GS,100,BOLD:AAC0182,Animalia,Arthropoda,Insecta,Lepidoptera,Tineidae,Niditinea,Niditinea orleansella,37,7/27/2017,HickoryBottoms,A,7/12/2017,11,Single
7272017HBA3,OTU375,GS,100,BOLD:AAG2878,Animalia,Arthropoda,Insecta,Hemiptera,Cicadellidae,Gyponana,Gyponana extenda,12,7/27/2017,HickoryBottoms,A,7/12/2017,11,Single
7272017HBA3,OTU379,GS,99.4,BOLD:AAG2878,Animalia,Arthropoda,Insecta,Hemiptera,Cicadellidae,Gyponana,Gyponana extenda,35,7/27/2017,HickoryBottoms,A,7/12/2017,11,Single
7272017HBA3,OTU383,GS,100,BOLD:AAA1467,Animalia,Arthropoda,Insecta,Hymenoptera,Formicidae,Formica,Formica neogagates group,43,7/27/2017,HickoryBottoms,A,7/12/2017,11,Single
7272017HBA3,OTU397,GS,100,BOLD:ACA9043,Animalia,Arthropoda,Insecta,Coleoptera,NA,NA,NA,281,7/27/2017,HickoryBottoms,A,7/12/2017,11,Single
7272017HBA3,OTU409,US,0.9916,BOLD:ACS0084,Animalia,Arthropoda,Insecta,Hemiptera,NA,NA,NA,7,7/27/2017,HickoryBottoms,A,7/12/2017,11,Single
7272017HBA3,OTU473,US,0,BOLD:ACL5453,Animalia,Arthropoda,Arachnida,Trombidiformes,NA,NA,NA,823,7/27/2017,HickoryBottoms,A,7/12/2017,11,Single
7272017HBA3,OTU636,GS,99.4,BOLD:AAM6230,Animalia,Arthropoda,Insecta,Diptera,Chironomidae,Chironomus,NA,2,7/27/2017,HickoryBottoms,A,7/12/2017,11,Single
7272017HBA3,OTU655,SS,0.61,BOLD:AAA3776,Animalia,Arthropoda,Insecta,Diptera,NA,NA,NA,7,7/27/2017,HickoryBottoms,A,7/12/2017,11,Single
7272017HBA3,OTU662,GS,98.6,BOLD:AAU1776,Animalia,Arthropoda,Insecta,Hymenoptera,Formicidae,NA,NA,6,7/27/2017,HickoryBottoms,A,7/12/2017,11,Single
7272017HBA3,OTU682,GS,100,BOLD:AAG1717,Animalia,Arthropoda,Insecta,Diptera,Muscidae,Helina,Helina troene,402,7/27/2017,HickoryBottoms,A,7/12/2017,11,Single
7272017HBA3,OTU769,GS,100,BOLD:AAE8646,Animalia,Arthropoda,Insecta,Hymenoptera,Formicidae,Solenopsis,Solenopsis molesta,5,7/27/2017,HickoryBottoms,A,7/12/2017,11,Single
7272017HBA3,OTU772,US,0.9249,BOLD:ACE1732,Animalia,Arthropoda,Insecta,Diptera,NA,NA,NA,10,7/27/2017,HickoryBottoms,A,7/12/2017,11,Single
7272017HBA3,OTU893,GS,100,BOLD:AAN5546,Animalia,Arthropoda,Insecta,Diptera,Drosophilidae,Mycodrosophila,Mycodrosophila claytonae,44,7/27/2017,HickoryBottoms,A,7/12/2017,11,Single
7272017HBA3,OTU918,GS,100,BOLD:AAF9310,Animalia,Arthropoda,Insecta,Diptera,Psychodidae,NA,NA,64,7/27/2017,HickoryBottoms,A,7/12/2017,11,Single
7272017HBA3,OTU939,US,0.9885,BOLD:ACL9981,Animalia,Arthropoda,Insecta,Diptera,NA,NA,NA,48,7/27/2017,HickoryBottoms,A,7/12/2017,11,Single
7272017HBA3,OTU945,GS,99.4,BOLD:AAG1350,Animalia,Arthropoda,Insecta,Hymenoptera,Braconidae,Aleiodes,NA,5,7/27/2017,HickoryBottoms,A,7/12/2017,11,Single
7272017HBA3,OTU978,SS,0.71,BOLD:AAG5479,Animalia,Arthropoda,Insecta,Diptera,Chironomidae,NA,NA,5,7/27/2017,HickoryBottoms,A,7/12/2017,11,Single
7272017HBA3,OTU995,GS,100,BOLD:AAN6208,Animalia,Arthropoda,Insecta,Coleoptera,Aderidae,NA,NA,1,7/27/2017,HickoryBottoms,A,7/12/2017,11,Single
7272017HBA3,OTU1017,GS,100,BOLD:ACA9001,Animalia,Arthropoda,Insecta,Coleoptera,Laemophloeidae,Laemophloeus,Laemophloeus fasciatus,1,7/27/2017,HickoryBottoms,A,7/12/2017,11,Single
7272017HBA3,OTU1097,GS,97.2,BOLD:AAN5451,Animalia,Arthropoda,Arachnida,Araneae,Araneidae,Eustala,NA,18,7/27/2017,HickoryBottoms,A,7/12/2017,11,Single
7272017HBA3,OTU1144,US,0,BOLD:AAL5466,Animalia,Arthropoda,Insecta,Diptera,NA,NA,NA,18,7/27/2017,HickoryBottoms,A,7/12/2017,11,Single
7272017HBA3,OTU1210,GS,97.2,BOLD:AAF4632,Animalia,Arthropoda,Insecta,Diptera,Limoniidae,Epiphragma,Epiphragma solatrix,67,7/27/2017,HickoryBottoms,A,7/12/2017,11,Single
7272017HBA3,OTU1213,SS,1,BOLD:AAG8977,Animalia,Arthropoda,Insecta,Hemiptera,Derbidae,Apache,Apache degeerii,10,7/27/2017,HickoryBottoms,A,7/12/2017,11,Single
7272017HBA3,OTU1216,GS,97.1,BOLD:ACW2628,Animalia,Arthropoda,Insecta,Diptera,NA,NA,NA,30,7/27/2017,HickoryBottoms,A,7/12/2017,11,Single
7272017HBA3,OTU1263,GS,98.3,BOLD:ACY7461,Animalia,Arthropoda,Insecta,Coleoptera,NA,NA,NA,7,7/27/2017,HickoryBottoms,A,7/12/2017,11,Single
7272017HBA3,OTU1265,SS,0.83,BOLD:AAF4632,Animalia,Arthropoda,Insecta,Diptera,Limoniidae,Epiphragma,Epiphragma solatrix,38,7/27/2017,HickoryBottoms,A,7/12/2017,11,Single
7272017HBA3,OTU1270,US,0.0049,BOLD:ACA8954,Animalia,Arthropoda,Insecta,Trichoptera,NA,NA,NA,1,7/27/2017,HickoryBottoms,A,7/12/2017,11,Single
7272017HBA3,OTU1351,SS,0.94,BOLD:AAB7030,Animalia,Arthropoda,Insecta,Diptera,Chironomidae,Chironomus,Chironomus decorus,11,7/27/2017,HickoryBottoms,A,7/12/2017,11,Single
7272017HBA3,OTU1361,GS,100,BOLD:AAC0584,Animalia,Arthropoda,Insecta,Diptera,Culicidae,Anopheles,Anopheles punctipennis,3,7/27/2017,HickoryBottoms,A,7/12/2017,11,Single
7272017HBA3,OTU1403,SS,0.36,BOLD:ACV0130,Animalia,Arthropoda,Insecta,Diptera,NA,NA,NA,4,7/27/2017,HickoryBottoms,A,7/12/2017,11,Single
7272017HBA3,OTU1415,SS,0.43,BOLD:ACN5082,Animalia,Arthropoda,Insecta,Diptera,NA,NA,NA,53,7/27/2017,HickoryBottoms,A,7/12/2017,11,Single
7272017HBA3,OTU1537,SS,0.66,BOLD:AAC1892,Animalia,Arthropoda,Insecta,NA,NA,NA,NA,63,7/27/2017,HickoryBottoms,A,7/12/2017,11,Single
7272017HBA3,OTU1616,GS,99.4,BOLD:ABX1702,Animalia,Arthropoda,Insecta,Coleoptera,Staphylinidae,NA,NA,15,7/27/2017,HickoryBottoms,A,7/12/2017,11,Single
7272017HBA3,OTU1764,US,0.9934,BOLD:ACQ7934,Animalia,Arthropoda,Insecta,Hymenoptera,NA,NA,NA,133,7/27/2017,HickoryBottoms,A,7/12/2017,11,Single
7272017HBA3,OTU1795,US,0.9963,BOLD:AAG3179,Animalia,Arthropoda,Insecta,Diptera,NA,NA,NA,5,7/27/2017,HickoryBottoms,A,7/12/2017,11,Single
7272017HBA3,OTU1824,US,0.0049,BOLD:AAB3269,Animalia,Arthropoda,Insecta,Diptera,NA,NA,NA,3,7/27/2017,HickoryBottoms,A,7/12/2017,11,Single
7272017HBA3,OTU1864,US,0,BOLD:ACC8123,Animalia,Arthropoda,Insecta,Hymenoptera,NA,NA,NA,8,7/27/2017,HickoryBottoms,A,7/12/2017,11,Single
7272017HBA3,OTU1882,SS,0.18,BOLD:ACN0347,Animalia,Arthropoda,Insecta,Diptera,NA,NA,NA,3,7/27/2017,HickoryBottoms,A,7/12/2017,11,Single
7272017HBA4,OTU3,GS,100,BOLD:AAP2734,Animalia,Arthropoda,Insecta,Diptera,Limoniidae,Erioptera,Erioptera parva,21772,7/27/2017,HickoryBottoms,A,7/12/2017,11,Single
7272017HBA4,OTU4,GS,100,BOLD:AAN5882,Animalia,Arthropoda,Insecta,Diptera,Limoniidae,Erioptera,Erioptera caliptera,868,7/27/2017,HickoryBottoms,A,7/12/2017,11,Single
7272017HBA4,OTU92,GS,100,BOLD:AAG8582,Animalia,Arthropoda,Insecta,Lepidoptera,Blastobasidae,Asaphocrita,Asaphocrita aphidiella,44,7/27/2017,HickoryBottoms,A,7/12/2017,11,Single
7272017HBA4,OTU100,US,0,BOLD:ACD6759,Animalia,Arthropoda,Insecta,Hymenoptera,NA,NA,NA,125,7/27/2017,HickoryBottoms,A,7/12/2017,11,Single
7272017HBA4,OTU148,GS,100,BOLD:AAK7352,Animalia,Arthropoda,Arachnida,Araneae,Araneidae,Metepeira,Metepeira labyrinthea,19,7/27/2017,HickoryBottoms,A,7/12/2017,11,Single
7272017HBA4,OTU198,GS,99.4,BOLD:ABZ1242,Animalia,Arthropoda,Insecta,Diptera,Chironomidae,NA,NA,5,7/27/2017,HickoryBottoms,A,7/12/2017,11,Single
7272017HBA4,OTU213,GS,100,BOLD:AAD4936,Animalia,Arthropoda,Insecta,Lepidoptera,Gracillariidae,Caloptilia,Caloptilia sassafrasella,13,7/27/2017,HickoryBottoms,A,7/12/2017,11,Single
7272017HBA4,OTU219,GS,100,BOLD:AAD1855,Animalia,Arthropoda,Insecta,Lepidoptera,Tortricidae,Episimus,Episimus tyrius,6,7/27/2017,HickoryBottoms,A,7/12/2017,11,Single
7272017HBA4,OTU238,GS,100,BOLD:AAC2281,Animalia,Arthropoda,Insecta,Diptera,Culicidae,Anopheles,Anopheles quadrimaculatus,22,7/27/2017,HickoryBottoms,A,7/12/2017,11,Single
7272017HBA4,OTU244,GS,100,BOLD:AAB1096,Animalia,Arthropoda,Insecta,Lepidoptera,Blastobasidae,Blastobasis,Blastobasis glandulella,12,7/27/2017,HickoryBottoms,A,7/12/2017,11,Single
7272017HBA4,OTU309,GS,100,BOLD:AAH5582,Animalia,Arthropoda,Insecta,Lepidoptera,Gelechiidae,Battaristis,NA,20,7/27/2017,HickoryBottoms,A,7/12/2017,11,Single
7272017HBA4,OTU310,GS,100,BOLD:ABX7479,Animalia,Arthropoda,Insecta,Diptera,Chironomidae,Parachironomus,NA,16,7/27/2017,HickoryBottoms,A,7/12/2017,11,Single
7272017HBA4,OTU358,GS,99.4,BOLD:ACY3454,Animalia,Arthropoda,Insecta,Coleoptera,Curculionidae,Conotrachelus,NA,12,7/27/2017,HickoryBottoms,A,7/12/2017,11,Single
7272017HBA4,OTU406,US,0.9916,BOLD:ACL2991,Animalia,Arthropoda,Insecta,Coleoptera,NA,NA,NA,5,7/27/2017,HickoryBottoms,A,7/12/2017,11,Single
7272017HBA4,OTU466,SS,0.16,BOLD:AAI3871,Animalia,Arthropoda,Insecta,Lepidoptera,NA,NA,NA,23,7/27/2017,HickoryBottoms,A,7/12/2017,11,Single
7272017HBA4,OTU492,GS,97.8,BOLD:AAF5253,Animalia,Arthropoda,Insecta,Lepidoptera,Argyresthiidae,Argyresthia,NA,4,7/27/2017,HickoryBottoms,A,7/12/2017,11,Single
7272017HBA4,OTU517,US,0,None,Animalia,Arthropoda,Insecta,Diptera,NA,NA,NA,1,7/27/2017,HickoryBottoms,A,7/12/2017,11,Single
7272017HBA4,OTU543,GS,100,BOLD:AAA7928,Animalia,Arthropoda,Insecta,Lepidoptera,Blastobasidae,Blastobasis,Blastobasis taurusella,4,7/27/2017,HickoryBottoms,A,7/12/2017,11,Single
7272017HBA4,OTU603,GS,99.4,BOLD:AAO3944,Animalia,Arthropoda,Insecta,Diptera,Limoniidae,Geranomyia,NA,16,7/27/2017,HickoryBottoms,A,7/12/2017,11,Single
7272017HBA4,OTU611,GS,98.9,BOLD:ABW1511,Animalia,Arthropoda,Insecta,Diptera,Ceratopogonidae,NA,NA,7,7/27/2017,HickoryBottoms,A,7/12/2017,11,Single
7272017HBA4,OTU636,GS,99.4,BOLD:AAM6230,Animalia,Arthropoda,Insecta,Diptera,Chironomidae,Chironomus,NA,17,7/27/2017,HickoryBottoms,A,7/12/2017,11,Single
7272017HBA4,OTU752,GS,99.4,BOLD:ACE6858,Animalia,Arthropoda,Insecta,Diptera,Chironomidae,Polypedilum,NA,4,7/27/2017,HickoryBottoms,A,7/12/2017,11,Single
7272017HBA4,OTU786,SS,0.09,BOLD:AAM5298,Animalia,Arthropoda,Insecta,Lepidoptera,NA,NA,NA,13,7/27/2017,HickoryBottoms,A,7/12/2017,11,Single
7272017HBA4,OTU815,GS,100,BOLD:AAG1448,Animalia,Arthropoda,Insecta,Hymenoptera,Braconidae,Meteorus,NA,2,7/27/2017,HickoryBottoms,A,7/12/2017,11,Single
7272017HBA4,OTU890,GS,100,BOLD:ACE3004,Animalia,Arthropoda,Insecta,Lepidoptera,Erebidae,Hyperstrotia,Hyperstrotia nana,1,7/27/2017,HickoryBottoms,A,7/12/2017,11,Single
7272017HBA4,OTU918,GS,100,BOLD:AAF9310,Animalia,Arthropoda,Insecta,Diptera,Psychodidae,NA,NA,4,7/27/2017,HickoryBottoms,A,7/12/2017,11,Single
7272017HBA4,OTU1042,US,1,BOLD:ACU0827,Animalia,Arthropoda,Insecta,Diptera,NA,NA,NA,3,7/27/2017,HickoryBottoms,A,7/12/2017,11,Single
7272017HBA4,OTU1181,US,0.986,BOLD:AAN6163,Animalia,Arthropoda,Insecta,Coleoptera,NA,NA,NA,13,7/27/2017,HickoryBottoms,A,7/12/2017,11,Single
7272017HBA4,OTU1292,GS,97.8,BOLD:AAN5882,Animalia,Arthropoda,Insecta,Diptera,Limoniidae,Erioptera,Erioptera caliptera,48,7/27/2017,HickoryBottoms,A,7/12/2017,11,Single
7272017HBA4,OTU1318,SS,0.75,BOLD:ABV9403,Animalia,Arthropoda,Insecta,NA,NA,NA,NA,1,7/27/2017,HickoryBottoms,A,7/12/2017,11,Single
7272017HBA4,OTU1361,GS,100,BOLD:AAC0584,Animalia,Arthropoda,Insecta,Diptera,Culicidae,Anopheles,Anopheles punctipennis,3,7/27/2017,HickoryBottoms,A,7/12/2017,11,Single
7272017HBA4,OTU1480,US,0.9249,BOLD:AAN5882,Animalia,Arthropoda,Insecta,Diptera,NA,NA,NA,46,7/27/2017,HickoryBottoms,A,7/12/2017,11,Single
7272017HBA4,OTU1494,US,0.8732,BOLD:AAF4632,Animalia,Arthropoda,Insecta,Diptera,NA,NA,NA,1,7/27/2017,HickoryBottoms,A,7/12/2017,11,Single
7272017HBA4,OTU1497,SS,0.97,BOLD:AAI1618,Animalia,Arthropoda,Insecta,Diptera,Culicidae,Coquillettidia,Coquillettidia perturbans,20,7/27/2017,HickoryBottoms,A,7/12/2017,11,Single
7272017HBA4,OTU1504,SS,0.08,BOLD:ACB5181,Animalia,Arthropoda,Insecta,Diptera,NA,NA,NA,687,7/27/2017,HickoryBottoms,A,7/12/2017,11,Single
7272017HBA4,OTU1554,SS,0.92,BOLD:AAP2734,Animalia,Arthropoda,Insecta,Diptera,Limoniidae,Erioptera,Erioptera parva,140,7/27/2017,HickoryBottoms,A,7/12/2017,11,Single
7272017HBA4,OTU1740,SS,0.75,BOLD:ABV1771,Animalia,Arthropoda,Insecta,Diptera,NA,NA,NA,1,7/27/2017,HickoryBottoms,A,7/12/2017,11,Single
7272017HBA4,OTU1782,US,0.9249,BOLD:AAO3940,Animalia,Arthropoda,Insecta,Diptera,NA,NA,NA,2,7/27/2017,HickoryBottoms,A,7/12/2017,11,Single
7272017HBA5,OTU1,US,0.0026,BOLD:AAD6798,Animalia,Arthropoda,Insecta,Diptera,NA,NA,NA,242,7/27/2017,HickoryBottoms,A,7/12/2017,11,Single
7272017HBA5,OTU4,GS,100,BOLD:AAN5882,Animalia,Arthropoda,Insecta,Diptera,Limoniidae,Erioptera,Erioptera caliptera,3330,7/27/2017,HickoryBottoms,A,7/12/2017,11,Single
7272017HBA5,OTU5,GS,99.4,BOLD:AAN5451,Animalia,Arthropoda,Arachnida,Araneae,Araneidae,Eustala,NA,969,7/27/2017,HickoryBottoms,A,7/12/2017,11,Single
7272017HBA5,OTU7,GS,100,BOLD:AAF4632,Animalia,Arthropoda,Insecta,Diptera,Limoniidae,Epiphragma,Epiphragma solatrix,10539,7/27/2017,HickoryBottoms,A,7/12/2017,11,Single
7272017HBA5,OTU11,GS,99.4,BOLD:AAG3848,Animalia,Arthropoda,Insecta,Diptera,Culicidae,Culex,Culex erraticus,790,7/27/2017,HickoryBottoms,A,7/12/2017,11,Single
7272017HBA5,OTU23,GS,100,BOLD:AAF9008,Animalia,Arthropoda,Insecta,Diptera,Limoniidae,Helius,Helius flavipes,1594,7/27/2017,HickoryBottoms,A,7/12/2017,11,Single
7272017HBA5,OTU42,US,1,None,Animalia,Arthropoda,Insecta,Diptera,NA,NA,NA,611,7/27/2017,HickoryBottoms,A,7/12/2017,11,Single
7272017HBA5,OTU57,GS,100,BOLD:AAI1618,Animalia,Arthropoda,Insecta,Diptera,Culicidae,Coquillettidia,Coquillettidia perturbans,336,7/27/2017,HickoryBottoms,A,7/12/2017,11,Single
7272017HBA5,OTU64,US,0.9925,BOLD:AAL8170,Animalia,Arthropoda,Insecta,Hymenoptera,NA,NA,NA,3672,7/27/2017,HickoryBottoms,A,7/12/2017,11,Single
7272017HBA5,OTU68,GS,100,BOLD:AAB7030,Animalia,Arthropoda,Insecta,Diptera,Chironomidae,Chironomus,Chironomus decorus,150,7/27/2017,HickoryBottoms,A,7/12/2017,11,Single
7272017HBA5,OTU89,GS,98.3,BOLD:ABW2415,Animalia,Arthropoda,Insecta,Diptera,Tipulidae,Nephrotoma,Nephrotoma okefenoke,750,7/27/2017,HickoryBottoms,A,7/12/2017,11,Single
7272017HBA5,OTU92,GS,100,BOLD:AAG8582,Animalia,Arthropoda,Insecta,Lepidoptera,Blastobasidae,Asaphocrita,Asaphocrita aphidiella,547,7/27/2017,HickoryBottoms,A,7/12/2017,11,Single
7272017HBA5,OTU100,US,0,BOLD:ACD6759,Animalia,Arthropoda,Insecta,Hymenoptera,NA,NA,NA,5340,7/27/2017,HickoryBottoms,A,7/12/2017,11,Single
7272017HBA5,OTU118,US,1,None,Animalia,Arthropoda,Arachnida,Mesostigmata,NA,NA,NA,72,7/27/2017,HickoryBottoms,A,7/12/2017,11,Single
7272017HBA5,OTU129,GS,100,BOLD:AAG2647,Animalia,Arthropoda,Insecta,Diptera,Chaoboridae,Chaoborus,Chaoborus punctipennis,46,7/27/2017,HickoryBottoms,A,7/12/2017,11,Single
7272017HBA5,OTU133,US,0,BOLD:AAH1180,Animalia,Arthropoda,Insecta,Hemiptera,NA,NA,NA,5665,7/27/2017,HickoryBottoms,A,7/12/2017,11,Single
7272017HBA5,OTU148,GS,100,BOLD:AAK7352,Animalia,Arthropoda,Arachnida,Araneae,Araneidae,Metepeira,Metepeira labyrinthea,133,7/27/2017,HickoryBottoms,A,7/12/2017,11,Single
7272017HBA5,OTU149,GS,99.4,BOLD:AAH4942,Animalia,Arthropoda,Insecta,Lepidoptera,Gelechiidae,Dichomeris,NA,361,7/27/2017,HickoryBottoms,A,7/12/2017,11,Single
7272017HBA5,OTU167,GS,100,BOLD:ACA7651,Animalia,Arthropoda,Insecta,Hymenoptera,Ichneumonidae,NA,NA,117,7/27/2017,HickoryBottoms,A,7/12/2017,11,Single
7272017HBA5,OTU196,GS,99.4,BOLD:ACE4102,Animalia,Arthropoda,Arachnida,Araneae,Araneidae,Mangora,Mangora placida,3671,7/27/2017,HickoryBottoms,A,7/12/2017,11,Single
7272017HBA5,OTU198,GS,99.4,BOLD:ABZ1242,Animalia,Arthropoda,Insecta,Diptera,Chironomidae,NA,NA,86,7/27/2017,HickoryBottoms,A,7/12/2017,11,Single
7272017HBA5,OTU201,GS,100,BOLD:AAG0906,Animalia,Arthropoda,Insecta,Neuroptera,Hemerobiidae,Micromus,Micromus posticus,87,7/27/2017,HickoryBottoms,A,7/12/2017,11,Single
7272017HBA5,OTU211,GS,99.4,BOLD:ACA5630,Animalia,Arthropoda,Insecta,Coleoptera,Ptinidae,NA,NA,39,7/27/2017,HickoryBottoms,A,7/12/2017,11,Single
7272017HBA5,OTU238,GS,100,BOLD:AAC2281,Animalia,Arthropoda,Insecta,Diptera,Culicidae,Anopheles,Anopheles quadrimaculatus,68,7/27/2017,HickoryBottoms,A,7/12/2017,11,Single
7272017HBA5,OTU244,GS,100,BOLD:AAB1096,Animalia,Arthropoda,Insecta,Lepidoptera,Blastobasidae,Blastobasis,Blastobasis glandulella,81,7/27/2017,HickoryBottoms,A,7/12/2017,11,Single
7272017HBA5,OTU249,SS,0.04,BOLD:AAU6540,Animalia,Arthropoda,Insecta,Diptera,Psychodidae,NA,NA,33,7/27/2017,HickoryBottoms,A,7/12/2017,11,Single
7272017HBA5,OTU255,GS,100,BOLD:AAG4956,Animalia,Arthropoda,Insecta,Diptera,Mycetophilidae,Greenomyia,NA,215,7/27/2017,HickoryBottoms,A,7/12/2017,11,Single
7272017HBA5,OTU260,US,1,None,Animalia,Arthropoda,Insecta,Diptera,NA,NA,NA,69,7/27/2017,HickoryBottoms,A,7/12/2017,11,Single
7272017HBA5,OTU309,GS,100,BOLD:AAH5582,Animalia,Arthropoda,Insecta,Lepidoptera,Gelechiidae,Battaristis,NA,171,7/27/2017,HickoryBottoms,A,7/12/2017,11,Single
7272017HBA5,OTU320,US,0,BOLD:ACQ9987,Animalia,Arthropoda,Insecta,Hemiptera,NA,NA,NA,8,7/27/2017,HickoryBottoms,A,7/12/2017,11,Single
7272017HBA5,OTU355,GS,99.4,BOLD:AAB3917,Animalia,Arthropoda,Insecta,Lepidoptera,Depressariidae,Psilocorsis,Psilocorsis quercicella,16,7/27/2017,HickoryBottoms,A,7/12/2017,11,Single
7272017HBA5,OTU358,GS,99.4,BOLD:ACY3454,Animalia,Arthropoda,Insecta,Coleoptera,Curculionidae,Conotrachelus,NA,1405,7/27/2017,HickoryBottoms,A,7/12/2017,11,Single
7272017HBA5,OTU447,US,0.9916,BOLD:AAW5176,Animalia,Arthropoda,Arachnida,Araneae,NA,NA,NA,4,7/27/2017,HickoryBottoms,A,7/12/2017,11,Single
7272017HBA5,OTU543,GS,100,BOLD:AAA7928,Animalia,Arthropoda,Insecta,Lepidoptera,Blastobasidae,Blastobasis,Blastobasis taurusella,55,7/27/2017,HickoryBottoms,A,7/12/2017,11,Single
7272017HBA5,OTU593,GS,100,BOLD:ACN2382,Animalia,Arthropoda,Insecta,Diptera,Chironomidae,Polypedilum,NA,201,7/27/2017,HickoryBottoms,A,7/12/2017,11,Single
7272017HBA5,OTU635,GS,97.2,BOLD:AAN5882,Animalia,Arthropoda,Insecta,Diptera,Limoniidae,Erioptera,Erioptera caliptera,116,7/27/2017,HickoryBottoms,A,7/12/2017,11,Single
7272017HBA5,OTU636,GS,99.4,BOLD:AAM6230,Animalia,Arthropoda,Insecta,Diptera,Chironomidae,Chironomus,NA,30,7/27/2017,HickoryBottoms,A,7/12/2017,11,Single
7272017HBA5,OTU697,GS,100,BOLD:AAM7623,Animalia,Arthropoda,Insecta,Coleoptera,Phalacridae,Acylomus,NA,8,7/27/2017,HickoryBottoms,A,7/12/2017,11,Single
7272017HBA5,OTU827,US,0,BOLD:ACQ9987,Animalia,Arthropoda,Insecta,Hemiptera,NA,NA,NA,2027,7/27/2017,HickoryBottoms,A,7/12/2017,11,Single
7272017HBA5,OTU1042,US,1,BOLD:ACU0827,Animalia,Arthropoda,Insecta,Diptera,NA,NA,NA,63,7/27/2017,HickoryBottoms,A,7/12/2017,11,Single
7272017HBA5,OTU1082,US,1,None,Animalia,Arthropoda,Insecta,Diptera,NA,NA,NA,77,7/27/2017,HickoryBottoms,A,7/12/2017,11,Single
7272017HBA5,OTU1092,US,0.9967,BOLD:ACO6848,Animalia,Arthropoda,Insecta,Hymenoptera,NA,NA,NA,96,7/27/2017,HickoryBottoms,A,7/12/2017,11,Single
7272017HBA5,OTU1097,GS,97.2,BOLD:AAN5451,Animalia,Arthropoda,Arachnida,Araneae,Araneidae,Eustala,NA,19,7/27/2017,HickoryBottoms,A,7/12/2017,11,Single
7272017HBA5,OTU1147,SS,0.15,BOLD:AAG1658,Animalia,Arthropoda,Insecta,Diptera,NA,NA,NA,91,7/27/2017,HickoryBottoms,A,7/12/2017,11,Single
7272017HBA5,OTU1176,US,0.9249,BOLD:AAF4632,Animalia,Arthropoda,Insecta,Diptera,NA,NA,NA,5,7/27/2017,HickoryBottoms,A,7/12/2017,11,Single
7272017HBA5,OTU1181,US,0.986,BOLD:AAN6163,Animalia,Arthropoda,Insecta,Coleoptera,NA,NA,NA,60,7/27/2017,HickoryBottoms,A,7/12/2017,11,Single
7272017HBA5,OTU1210,GS,97.2,BOLD:AAF4632,Animalia,Arthropoda,Insecta,Diptera,Limoniidae,Epiphragma,Epiphragma solatrix,61,7/27/2017,HickoryBottoms,A,7/12/2017,11,Single
7272017HBA5,OTU1265,SS,0.83,BOLD:AAF4632,Animalia,Arthropoda,Insecta,Diptera,Limoniidae,Epiphragma,Epiphragma solatrix,28,7/27/2017,HickoryBottoms,A,7/12/2017,11,Single
7272017HBA5,OTU1289,US,0.9715,BOLD:AAH3555,Animalia,Arthropoda,Insecta,Mecoptera,NA,NA,NA,49,7/27/2017,HickoryBottoms,A,7/12/2017,11,Single
7272017HBA5,OTU1292,GS,97.8,BOLD:AAN5882,Animalia,Arthropoda,Insecta,Diptera,Limoniidae,Erioptera,Erioptera caliptera,6,7/27/2017,HickoryBottoms,A,7/12/2017,11,Single
7272017HBA5,OTU1317,SS,0.01,BOLD:AAN5451,Animalia,Arthropoda,Arachnida,Araneae,Araneidae,Eustala,NA,4,7/27/2017,HickoryBottoms,A,7/12/2017,11,Single
7272017HBA5,OTU1351,SS,0.94,BOLD:AAB7030,Animalia,Arthropoda,Insecta,Diptera,Chironomidae,Chironomus,Chironomus decorus,18,7/27/2017,HickoryBottoms,A,7/12/2017,11,Single
7272017HBA5,OTU1361,GS,100,BOLD:AAC0584,Animalia,Arthropoda,Insecta,Diptera,Culicidae,Anopheles,Anopheles punctipennis,19,7/27/2017,HickoryBottoms,A,7/12/2017,11,Single
7272017HBA5,OTU1401,SS,0.78,BOLD:AAF9008,Animalia,Arthropoda,Insecta,Diptera,NA,NA,NA,3,7/27/2017,HickoryBottoms,A,7/12/2017,11,Single
7272017HBA5,OTU1403,SS,0.36,BOLD:ACV0130,Animalia,Arthropoda,Insecta,Diptera,NA,NA,NA,8,7/27/2017,HickoryBottoms,A,7/12/2017,11,Single
7272017HBA5,OTU1480,US,0.9249,BOLD:AAN5882,Animalia,Arthropoda,Insecta,Diptera,NA,NA,NA,1,7/27/2017,HickoryBottoms,A,7/12/2017,11,Single
7272017HBA5,OTU1494,US,0.8732,BOLD:AAF4632,Animalia,Arthropoda,Insecta,Diptera,NA,NA,NA,1,7/27/2017,HickoryBottoms,A,7/12/2017,11,Single
7272017HBA5,OTU1504,SS,0.08,BOLD:ACB5181,Animalia,Arthropoda,Insecta,Diptera,NA,NA,NA,35,7/27/2017,HickoryBottoms,A,7/12/2017,11,Single
7272017HBA5,OTU1522,SS,0.57,BOLD:AAF9008,Animalia,Arthropoda,Insecta,Diptera,NA,NA,NA,32,7/27/2017,HickoryBottoms,A,7/12/2017,11,Single
7272017HBA5,OTU1531,GS,100,BOLD:AAG1658,Animalia,Arthropoda,Insecta,Diptera,Pipunculidae,Cephalops,Cephalops pallidivittipes,23,7/27/2017,HickoryBottoms,A,7/12/2017,11,Single
7272017HBA5,OTU1554,SS,0.92,BOLD:AAP2734,Animalia,Arthropoda,Insecta,Diptera,Limoniidae,Erioptera,Erioptera parva,9,7/27/2017,HickoryBottoms,A,7/12/2017,11,Single
7272017HBA5,OTU1605,US,1,BOLD:ACH2070,Animalia,Arthropoda,Collembola,Symphypleona,NA,NA,NA,25,7/27/2017,HickoryBottoms,A,7/12/2017,11,Single
7272017HBA5,OTU1636,SS,0.74,BOLD:AAF4632,Animalia,Arthropoda,Insecta,NA,NA,NA,NA,4,7/27/2017,HickoryBottoms,A,7/12/2017,11,Single
7272017HBA5,OTU1683,SS,0.84,BOLD:AAF4632,Animalia,Arthropoda,Insecta,Diptera,Limoniidae,Epiphragma,Epiphragma solatrix,52,7/27/2017,HickoryBottoms,A,7/12/2017,11,Single
7272017HBA5,OTU1764,US,0.9934,BOLD:ACQ7934,Animalia,Arthropoda,Insecta,Hymenoptera,NA,NA,NA,56,7/27/2017,HickoryBottoms,A,7/12/2017,11,Single
7272017HBA5,OTU1818,GS,97.9,BOLD:AAF4632,Animalia,Arthropoda,Insecta,Diptera,Limoniidae,Epiphragma,Epiphragma solatrix,1,7/27/2017,HickoryBottoms,A,7/12/2017,11,Single
7272017HBA5,OTU1834,SS,0.74,BOLD:AAF4632,Animalia,Arthropoda,Insecta,Diptera,NA,NA,NA,279,7/27/2017,HickoryBottoms,A,7/12/2017,11,Single
7272017HBA6,OTU28,GS,100,BOLD:AAM6784,Animalia,Arthropoda,Insecta,Diptera,Dolichopodidae,NA,NA,54390,7/27/2017,HickoryBottoms,A,7/12/2017,11,Single
7272017HBA7,OTU7,GS,100,BOLD:AAF4632,Animalia,Arthropoda,Insecta,Diptera,Limoniidae,Epiphragma,Epiphragma solatrix,61462,7/27/2017,HickoryBottoms,A,7/12/2017,11,Single
7272017HBA7,OTU20,US,0.9885,BOLD:ACL8445,Animalia,Arthropoda,Insecta,Diptera,NA,NA,NA,8861,7/27/2017,HickoryBottoms,A,7/12/2017,11,Single
7272017HBA7,OTU81,US,0,BOLD:ABV3248,Animalia,Arthropoda,Insecta,Diptera,NA,NA,NA,26043,7/27/2017,HickoryBottoms,A,7/12/2017,11,Single
7272017HBA7,OTU203,GS,100,BOLD:AAB0603,Animalia,Arthropoda,Insecta,Lepidoptera,Gelechiidae,Pseudotelphusa,Pseudotelphusa quercinigracella,32,7/27/2017,HickoryBottoms,A,7/12/2017,11,Single
7272017HBA7,OTU397,GS,100,BOLD:ACA9043,Animalia,Arthropoda,Insecta,Coleoptera,NA,NA,NA,16,7/27/2017,HickoryBottoms,A,7/12/2017,11,Single
7272017HBA7,OTU410,SS,0.26,BOLD:ABZ3458,Animalia,Arthropoda,Insecta,Lepidoptera,NA,NA,NA,7,7/27/2017,HickoryBottoms,A,7/12/2017,11,Single
7272017HBA7,OTU513,SS,0.71,BOLD:ABY8891,Animalia,Arthropoda,Insecta,Diptera,NA,NA,NA,28,7/27/2017,HickoryBottoms,A,7/12/2017,11,Single
7272017HBA7,OTU609,GS,100,BOLD:AAG1032,Animalia,Arthropoda,Insecta,Lepidoptera,NA,NA,NA,12,7/27/2017,HickoryBottoms,A,7/12/2017,11,Single
7272017HBA7,OTU856,GS,99.4,BOLD:AAD3799,Animalia,Arthropoda,Insecta,Lepidoptera,Tineidae,Hybroma,Hybroma servulella,4,7/27/2017,HickoryBottoms,A,7/12/2017,11,Single
7272017HBA7,OTU1029,GS,100,BOLD:ACE4783,Animalia,Arthropoda,Insecta,Lepidoptera,Noctuidae,Spodoptera,Spodoptera frugiperda,1,7/27/2017,HickoryBottoms,A,7/12/2017,11,Single
7272017HBA7,OTU1210,GS,97.2,BOLD:AAF4632,Animalia,Arthropoda,Insecta,Diptera,Limoniidae,Epiphragma,Epiphragma solatrix,1031,7/27/2017,HickoryBottoms,A,7/12/2017,11,Single
7272017HBA7,OTU1263,GS,98.3,BOLD:ACY7461,Animalia,Arthropoda,Insecta,Coleoptera,NA,NA,NA,3,7/27/2017,HickoryBottoms,A,7/12/2017,11,Single
7272017HBA7,OTU1265,SS,0.83,BOLD:AAF4632,Animalia,Arthropoda,Insecta,Diptera,Limoniidae,Epiphragma,Epiphragma solatrix,77,7/27/2017,HickoryBottoms,A,7/12/2017,11,Single
7272017HBA7,OTU1266,GS,98.9,BOLD:ABX7727,Animalia,Arthropoda,Arachnida,Araneae,Philodromidae,Philodromus,Philodromus vulgaris,1,7/27/2017,HickoryBottoms,A,7/12/2017,11,Single
7272017HBA7,OTU1403,SS,0.36,BOLD:ACV0130,Animalia,Arthropoda,Insecta,Diptera,NA,NA,NA,2,7/27/2017,HickoryBottoms,A,7/12/2017,11,Single
7272017HBA7,OTU1489,US,0.9249,BOLD:AAN4598,Animalia,Arthropoda,Insecta,Lepidoptera,NA,NA,NA,4,7/27/2017,HickoryBottoms,A,7/12/2017,11,Single
7272017HBA7,OTU1537,SS,0.66,BOLD:AAC1892,Animalia,Arthropoda,Insecta,NA,NA,NA,NA,3,7/27/2017,HickoryBottoms,A,7/12/2017,11,Single
7272017HBA7,OTU1636,SS,0.74,BOLD:AAF4632,Animalia,Arthropoda,Insecta,NA,NA,NA,NA,7,7/27/2017,HickoryBottoms,A,7/12/2017,11,Single
7272017HBA7,OTU1683,SS,0.84,BOLD:AAF4632,Animalia,Arthropoda,Insecta,Diptera,Limoniidae,Epiphragma,Epiphragma solatrix,13,7/27/2017,HickoryBottoms,A,7/12/2017,11,Single
7272017HBA7,OTU1795,US,0.9963,BOLD:AAG3179,Animalia,Arthropoda,Insecta,Diptera,NA,NA,NA,12,7/27/2017,HickoryBottoms,A,7/12/2017,11,Single
7272017HBA7,OTU1820,GS,100,BOLD:ABX3450,Animalia,Arthropoda,Insecta,Hemiptera,Issidae,Thionia,Thionia bullata,1,7/27/2017,HickoryBottoms,A,7/12/2017,11,Single
7272017HBA7,OTU1824,US,0.0049,BOLD:AAB3269,Animalia,Arthropoda,Insecta,Diptera,NA,NA,NA,232,7/27/2017,HickoryBottoms,A,7/12/2017,11,Single
7272017HBA7,OTU1834,SS,0.74,BOLD:AAF4632,Animalia,Arthropoda,Insecta,Diptera,NA,NA,NA,19,7/27/2017,HickoryBottoms,A,7/12/2017,11,Single
7272017HBA8,OTU4,GS,100,BOLD:AAN5882,Animalia,Arthropoda,Insecta,Diptera,Limoniidae,Erioptera,Erioptera caliptera,735,7/27/2017,HickoryBottoms,A,7/12/2017,11,Single
7272017HBA8,OTU5,GS,99.4,BOLD:AAN5451,Animalia,Arthropoda,Arachnida,Araneae,Araneidae,Eustala,NA,5320,7/27/2017,HickoryBottoms,A,7/12/2017,11,Single
7272017HBA8,OTU9,US,0.7924,BOLD:AAG8502,Animalia,Arthropoda,Insecta,NA,NA,NA,NA,466,7/27/2017,HickoryBottoms,A,7/12/2017,11,Single
7272017HBA8,OTU11,GS,99.4,BOLD:AAG3848,Animalia,Arthropoda,Insecta,Diptera,Culicidae,Culex,Culex erraticus,2712,7/27/2017,HickoryBottoms,A,7/12/2017,11,Single
7272017HBA8,OTU13,GS,100,BOLD:ABV1771,Animalia,Arthropoda,Insecta,Diptera,Limoniidae,NA,NA,3284,7/27/2017,HickoryBottoms,A,7/12/2017,11,Single
7272017HBA8,OTU16,GS,100,BOLD:AAA7067,Animalia,Arthropoda,Insecta,Diptera,Culicidae,Aedes,Aedes vexans,1367,7/27/2017,HickoryBottoms,A,7/12/2017,11,Single
7272017HBA8,OTU17,GS,100,BOLD:AAB3702,Animalia,Arthropoda,Insecta,Trichoptera,Hydropsychidae,Potamyia,Potamyia flava,2367,7/27/2017,HickoryBottoms,A,7/12/2017,11,Single
7272017HBA8,OTU71,GSL,100,BOLD:AAA7661,Animalia,Arthropoda,Insecta,Diptera,Culicidae,NA,NA,180,7/27/2017,HickoryBottoms,A,7/12/2017,11,Single
7272017HBA8,OTU88,GS,100,BOLD:AAE0434,Animalia,Arthropoda,Insecta,Diptera,Culicidae,Uranotaenia,Uranotaenia sapphirina,1388,7/27/2017,HickoryBottoms,A,7/12/2017,11,Single
7272017HBA8,OTU99,US,1,BOLD:ACF7919,Animalia,Arthropoda,Collembola,Poduromorpha,NA,NA,NA,76,7/27/2017,HickoryBottoms,A,7/12/2017,11,Single
7272017HBA8,OTU105,GS,100,BOLD:AAB7936,Animalia,Arthropoda,Insecta,Lepidoptera,Oecophoridae,Inga,Inga sparsiciliella,277,7/27/2017,HickoryBottoms,A,7/12/2017,11,Single
7272017HBA8,OTU129,GS,100,BOLD:AAG2647,Animalia,Arthropoda,Insecta,Diptera,Chaoboridae,Chaoborus,Chaoborus punctipennis,507,7/27/2017,HickoryBottoms,A,7/12/2017,11,Single
7272017HBA8,OTU153,GS,100,BOLD:AAN8186,Animalia,Arthropoda,Insecta,Hymenoptera,NA,NA,NA,1436,7/27/2017,HickoryBottoms,A,7/12/2017,11,Single
7272017HBA8,OTU198,GS,99.4,BOLD:ABZ1242,Animalia,Arthropoda,Insecta,Diptera,Chironomidae,NA,NA,205,7/27/2017,HickoryBottoms,A,7/12/2017,11,Single
7272017HBA8,OTU214,GS,99.4,BOLD:AAW6795,Animalia,Arthropoda,Insecta,Diptera,NA,NA,NA,206,7/27/2017,HickoryBottoms,A,7/12/2017,11,Single
7272017HBA8,OTU223,GS,100,BOLD:ABZ0282,Animalia,Arthropoda,Insecta,Orthoptera,Trigonidiidae,Anaxipha,Anaxipha exigua,317,7/27/2017,HickoryBottoms,A,7/12/2017,11,Single
7272017HBA8,OTU267,GS,99.4,BOLD:AAG0127,Animalia,Arthropoda,Insecta,Lepidoptera,Meessiidae,Eudarcia,Eudarcia eunitariaeella,292,7/27/2017,HickoryBottoms,A,7/12/2017,11,Single
7272017HBA8,OTU296,GS,98.9,BOLD:AAB5837,Animalia,Arthropoda,Insecta,Orthoptera,NA,NA,NA,2023,7/27/2017,HickoryBottoms,A,7/12/2017,11,Single
7272017HBA8,OTU310,GS,100,BOLD:ABX7479,Animalia,Arthropoda,Insecta,Diptera,Chironomidae,Parachironomus,NA,239,7/27/2017,HickoryBottoms,A,7/12/2017,11,Single
7272017HBA8,OTU323,GS,98.9,BOLD:AAA5103,Animalia,Arthropoda,Insecta,Diptera,Culicidae,Anopheles,Anopheles crucians,124,7/27/2017,HickoryBottoms,A,7/12/2017,11,Single
7272017HBA8,OTU469,GS,100,BOLD:AAR7014,Animalia,Arthropoda,Insecta,Lepidoptera,Gracillariidae,Neurobathra,Neurobathra strigifinitella,51,7/27/2017,HickoryBottoms,A,7/12/2017,11,Single
7272017HBA8,OTU528,SS,0.02,BOLD:AAE1061,Animalia,Arthropoda,Insecta,Orthoptera,NA,NA,NA,1259,7/27/2017,HickoryBottoms,A,7/12/2017,11,Single
7272017HBA8,OTU570,SS,0.63,BOLD:ACA3248,Animalia,Arthropoda,Insecta,Hymenoptera,NA,NA,NA,204,7/27/2017,HickoryBottoms,A,7/12/2017,11,Single
7272017HBA8,OTU613,GS,100,BOLD:AAC1001,Animalia,Arthropoda,Insecta,Lepidoptera,Gracillariidae,Caloptilia,Caloptilia blandella,152,7/27/2017,HickoryBottoms,A,7/12/2017,11,Single
7272017HBA8,OTU807,GS,99.4,BOLD:AAD2595,Animalia,Arthropoda,Insecta,Diptera,Culicidae,Anopheles,Anopheles walkeri,201,7/27/2017,HickoryBottoms,A,7/12/2017,11,Single
7272017HBA8,OTU821,GS,99.4,BOLD:AAD9634,Animalia,Arthropoda,Insecta,Lepidoptera,Tineidae,Diachorisia,Diachorisia velatella,31,7/27/2017,HickoryBottoms,A,7/12/2017,11,Single
7272017HBA8,OTU909,GS,100,BOLD:ABY4956,Animalia,Arthropoda,Insecta,Lepidoptera,Bucculatricidae,Bucculatrix,NA,155,7/27/2017,HickoryBottoms,A,7/12/2017,11,Single
7272017HBA8,OTU948,GS,100,BOLD:AAD7273,Animalia,Arthropoda,Insecta,Lepidoptera,Tortricidae,Sparganothoides,Sparganothoides lentiginosana,127,7/27/2017,HickoryBottoms,A,7/12/2017,11,Single
7272017HBA8,OTU973,US,0,BOLD:ACW5825,Animalia,Arthropoda,Arachnida,Trombidiformes,NA,NA,NA,10,7/27/2017,HickoryBottoms,A,7/12/2017,11,Single
7272017HBA8,OTU1097,GS,97.2,BOLD:AAN5451,Animalia,Arthropoda,Arachnida,Araneae,Araneidae,Eustala,NA,93,7/27/2017,HickoryBottoms,A,7/12/2017,11,Single
7272017HBA8,OTU1210,GS,97.2,BOLD:AAF4632,Animalia,Arthropoda,Insecta,Diptera,Limoniidae,Epiphragma,Epiphragma solatrix,7,7/27/2017,HickoryBottoms,A,7/12/2017,11,Single
7272017HBA8,OTU1317,SS,0.01,BOLD:AAN5451,Animalia,Arthropoda,Arachnida,Araneae,Araneidae,Eustala,NA,12,7/27/2017,HickoryBottoms,A,7/12/2017,11,Single
7272017HBA8,OTU1350,GS,97.2,BOLD:AAA7067,Animalia,Arthropoda,Insecta,Diptera,Culicidae,Aedes,Aedes vexans,375,7/27/2017,HickoryBottoms,A,7/12/2017,11,Single
7272017HBA8,OTU1381,GS,100,BOLD:ACF3514,Animalia,Arthropoda,Insecta,Trichoptera,Leptoceridae,Oecetis,Oecetis inconspicua,2,7/27/2017,HickoryBottoms,A,7/12/2017,11,Single
7272017HBA8,OTU1589,US,0.3913,None,Animalia,Arthropoda,Arachnida,Araneae,NA,NA,NA,28,7/27/2017,HickoryBottoms,A,7/12/2017,11,Single
7272017HBA8,OTU1590,GS,100,BOLD:AAB0826,Animalia,Arthropoda,Insecta,Lepidoptera,Noctuidae,Acronicta,Acronicta impleta,30,7/27/2017,HickoryBottoms,A,7/12/2017,11,Single
7272017HBA8,OTU1719,GS,97.2,BOLD:AAG0149,Animalia,Arthropoda,Insecta,Lepidoptera,NA,NA,NA,1,7/27/2017,HickoryBottoms,A,7/12/2017,11,Single
7272017HBA8,OTU1756,SS,0.97,BOLD:AAG3848,Animalia,Arthropoda,Insecta,Diptera,Culicidae,Culex,Culex erraticus,5,7/27/2017,HickoryBottoms,A,7/12/2017,11,Single
7272017HBA9,OTU7,GS,100,BOLD:AAF4632,Animalia,Arthropoda,Insecta,Diptera,Limoniidae,Epiphragma,Epiphragma solatrix,1475,7/27/2017,HickoryBottoms,A,7/12/2017,11,Single
7272017HBA9,OTU11,GS,99.4,BOLD:AAG3848,Animalia,Arthropoda,Insecta,Diptera,Culicidae,Culex,Culex erraticus,263,7/27/2017,HickoryBottoms,A,7/12/2017,11,Single
7272017HBA9,OTU13,GS,100,BOLD:ABV1771,Animalia,Arthropoda,Insecta,Diptera,Limoniidae,NA,NA,290,7/27/2017,HickoryBottoms,A,7/12/2017,11,Single
7272017HBA9,OTU17,GS,100,BOLD:AAB3702,Animalia,Arthropoda,Insecta,Trichoptera,Hydropsychidae,Potamyia,Potamyia flava,7306,7/27/2017,HickoryBottoms,A,7/12/2017,11,Single
7272017HBA9,OTU20,US,0.9885,BOLD:ACL8445,Animalia,Arthropoda,Insecta,Diptera,NA,NA,NA,35258,7/27/2017,HickoryBottoms,A,7/12/2017,11,Single
7272017HBA9,OTU21,GS,100,BOLD:ACR3763,Animalia,Arthropoda,Insecta,Coleoptera,Ptilodactylidae,Ptilodactyla,Ptilodactyla serricollis,216,7/27/2017,HickoryBottoms,A,7/12/2017,11,Single
7272017HBA9,OTU64,US,0.9925,BOLD:AAL8170,Animalia,Arthropoda,Insecta,Hymenoptera,NA,NA,NA,158,7/27/2017,HickoryBottoms,A,7/12/2017,11,Single
7272017HBA9,OTU67,GS,100,BOLD:AAO3948,Animalia,Arthropoda,Insecta,Diptera,Tipulidae,Nephrotoma,Nephrotoma macrocera,961,7/27/2017,HickoryBottoms,A,7/12/2017,11,Single
7272017HBA9,OTU100,US,0,BOLD:ACD6759,Animalia,Arthropoda,Insecta,Hymenoptera,NA,NA,NA,981,7/27/2017,HickoryBottoms,A,7/12/2017,11,Single
7272017HBA9,OTU129,GS,100,BOLD:AAG2647,Animalia,Arthropoda,Insecta,Diptera,Chaoboridae,Chaoborus,Chaoborus punctipennis,125,7/27/2017,HickoryBottoms,A,7/12/2017,11,Single
7272017HBA9,OTU162,GS,100,BOLD:ACI5326,Animalia,Arthropoda,Insecta,Hemiptera,Miridae,Hyaliodes,Hyaliodes vitripennis,120,7/27/2017,HickoryBottoms,A,7/12/2017,11,Single
7272017HBA9,OTU192,SS,0.12,BOLD:ACF9102,Animalia,Arthropoda,Insecta,Diptera,NA,NA,NA,104,7/27/2017,HickoryBottoms,A,7/12/2017,11,Single
7272017HBA9,OTU198,GS,99.4,BOLD:ABZ1242,Animalia,Arthropoda,Insecta,Diptera,Chironomidae,NA,NA,29,7/27/2017,HickoryBottoms,A,7/12/2017,11,Single
7272017HBA9,OTU275,GS,100,BOLD:AAA5695,Animalia,Arthropoda,Insecta,Trichoptera,Hydropsychidae,Cheumatopsyche,Cheumatopsyche analis,56,7/27/2017,HickoryBottoms,A,7/12/2017,11,Single
7272017HBA9,OTU309,GS,100,BOLD:AAH5582,Animalia,Arthropoda,Insecta,Lepidoptera,Gelechiidae,Battaristis,NA,32,7/27/2017,HickoryBottoms,A,7/12/2017,11,Single
7272017HBA9,OTU354,SS,0.48,BOLD:AAM6278,Animalia,Arthropoda,Insecta,Diptera,NA,NA,NA,91,7/27/2017,HickoryBottoms,A,7/12/2017,11,Single
7272017HBA9,OTU424,GS,100,BOLD:ABZ3656,Animalia,Arthropoda,Insecta,Lepidoptera,Depressariidae,Psilocorsis,Psilocorsis reflexella,5,7/27/2017,HickoryBottoms,A,7/12/2017,11,Single
7272017HBA9,OTU427,GS,97.8,BOLD:AAZ4903,Animalia,Arthropoda,Insecta,Diptera,Pipunculidae,Chalarus,NA,7,7/27/2017,HickoryBottoms,A,7/12/2017,11,Single
7272017HBA9,OTU457,GS,100,BOLD:ABY9153,Animalia,Arthropoda,Insecta,Lepidoptera,Oecophoridae,Epicallima,Epicallima argenticinctella,59,7/27/2017,HickoryBottoms,A,7/12/2017,11,Single
7272017HBA9,OTU543,GS,100,BOLD:AAA7928,Animalia,Arthropoda,Insecta,Lepidoptera,Blastobasidae,Blastobasis,Blastobasis taurusella,1,7/27/2017,HickoryBottoms,A,7/12/2017,11,Single
7272017HBA9,OTU557,GS,98.3,BOLD:AAO7609,Animalia,Arthropoda,Insecta,Diptera,NA,NA,NA,33,7/27/2017,HickoryBottoms,A,7/12/2017,11,Single
7272017HBA9,OTU584,SS,0.59,BOLD:ACN8830,Animalia,Arthropoda,Insecta,Diptera,NA,NA,NA,26,7/27/2017,HickoryBottoms,A,7/12/2017,11,Single
7272017HBA9,OTU593,GS,100,BOLD:ACN2382,Animalia,Arthropoda,Insecta,Diptera,Chironomidae,Polypedilum,NA,57,7/27/2017,HickoryBottoms,A,7/12/2017,11,Single
7272017HBA9,OTU636,GS,99.4,BOLD:AAM6230,Animalia,Arthropoda,Insecta,Diptera,Chironomidae,Chironomus,NA,2,7/27/2017,HickoryBottoms,A,7/12/2017,11,Single
7272017HBA9,OTU653,GS,100,BOLD:AAH8773,Animalia,Arthropoda,Insecta,Hymenoptera,Braconidae,Clinocentrus,NA,458,7/27/2017,HickoryBottoms,A,7/12/2017,11,Single
7272017HBA9,OTU655,SS,0.61,BOLD:AAA3776,Animalia,Arthropoda,Insecta,Diptera,NA,NA,NA,45,7/27/2017,HickoryBottoms,A,7/12/2017,11,Single
7272017HBA9,OTU658,US,0,BOLD:AAN5415,Animalia,Arthropoda,Insecta,Diptera,NA,NA,NA,60,7/27/2017,HickoryBottoms,A,7/12/2017,11,Single
7272017HBA9,OTU660,GS,99.4,BOLD:AAF1659,Animalia,Arthropoda,Insecta,Lepidoptera,Tineidae,Nemapogon,Nemapogon angulifasciella,8,7/27/2017,HickoryBottoms,A,7/12/2017,11,Single
7272017HBA9,OTU827,US,0,BOLD:ACQ9987,Animalia,Arthropoda,Insecta,Hemiptera,NA,NA,NA,94,7/27/2017,HickoryBottoms,A,7/12/2017,11,Single
7272017HBA9,OTU861,SS,0.32,BOLD:AAG8269,Animalia,Arthropoda,Insecta,Diptera,NA,NA,NA,38,7/27/2017,HickoryBottoms,A,7/12/2017,11,Single
7272017HBA9,OTU964,GS,98.2,BOLD:AAG5460,Animalia,Arthropoda,Insecta,Diptera,Chironomidae,NA,NA,1,7/27/2017,HickoryBottoms,A,7/12/2017,11,Single
7272017HBA9,OTU994,GS,99.4,BOLD:AAA4893,Animalia,Arthropoda,Insecta,Lepidoptera,Crambidae,Microcrambus,Microcrambus elegans,96,7/27/2017,HickoryBottoms,A,7/12/2017,11,Single
7272017HBA9,OTU1070,GS,99.4,BOLD:AAC0184,Animalia,Arthropoda,Insecta,Lepidoptera,Tineidae,Niditinea,Niditinea orleansella,15,7/27/2017,HickoryBottoms,A,7/12/2017,11,Single
7272017HBA9,OTU1092,US,0.9967,BOLD:ACO6848,Animalia,Arthropoda,Insecta,Hymenoptera,NA,NA,NA,8,7/27/2017,HickoryBottoms,A,7/12/2017,11,Single
7272017HBA9,OTU1144,US,0,BOLD:AAL5466,Animalia,Arthropoda,Insecta,Diptera,NA,NA,NA,21,7/27/2017,HickoryBottoms,A,7/12/2017,11,Single
7272017HBA9,OTU1210,GS,97.2,BOLD:AAF4632,Animalia,Arthropoda,Insecta,Diptera,Limoniidae,Epiphragma,Epiphragma solatrix,12,7/27/2017,HickoryBottoms,A,7/12/2017,11,Single
7272017HBA9,OTU1216,GS,97.1,BOLD:ACW2628,Animalia,Arthropoda,Insecta,Diptera,NA,NA,NA,160,7/27/2017,HickoryBottoms,A,7/12/2017,11,Single
7272017HBA9,OTU1219,GS,100,BOLD:AAM6287,Animalia,Arthropoda,Insecta,Diptera,Chironomidae,Phaenopsectra,NA,22,7/27/2017,HickoryBottoms,A,7/12/2017,11,Single
7272017HBA9,OTU1236,GS,99.4,BOLD:AAN5354,Animalia,Arthropoda,Insecta,Diptera,Chironomidae,NA,NA,17,7/27/2017,HickoryBottoms,A,7/12/2017,11,Single
7272017HBA9,OTU1265,SS,0.83,BOLD:AAF4632,Animalia,Arthropoda,Insecta,Diptera,Limoniidae,Epiphragma,Epiphragma solatrix,19,7/27/2017,HickoryBottoms,A,7/12/2017,11,Single
7272017HBA9,OTU1438,SS,0.5,BOLD:ACI7238,Animalia,Arthropoda,Insecta,Diptera,NA,NA,NA,46,7/27/2017,HickoryBottoms,A,7/12/2017,11,Single
7272017HBA9,OTU1504,SS,0.08,BOLD:ACB5181,Animalia,Arthropoda,Insecta,Diptera,NA,NA,NA,208,7/27/2017,HickoryBottoms,A,7/12/2017,11,Single
7272017HBA9,OTU1513,GS,97.8,BOLD:ACL2801,Animalia,Arthropoda,Insecta,Diptera,Tipulidae,Nephrotoma,Nephrotoma macrocera,5,7/27/2017,HickoryBottoms,A,7/12/2017,11,Single
7272017HBA9,OTU1547,GS,98.9,BOLD:AAA9667,Animalia,Arthropoda,Insecta,Lepidoptera,Oecophoridae,Epicallima,Epicallima argenticinctella,3,7/27/2017,HickoryBottoms,A,7/12/2017,11,Single
7272017HBA9,OTU1554,SS,0.92,BOLD:AAP2734,Animalia,Arthropoda,Insecta,Diptera,Limoniidae,Erioptera,Erioptera parva,5,7/27/2017,HickoryBottoms,A,7/12/2017,11,Single
7272017HBA9,OTU1569,SS,0.91,BOLD:AAB3702,Animalia,Arthropoda,Insecta,Trichoptera,Hydropsychidae,Potamyia,Potamyia flava,91,7/27/2017,HickoryBottoms,A,7/12/2017,11,Single
7272017HBA9,OTU1616,GS,99.4,BOLD:ABX1702,Animalia,Arthropoda,Insecta,Coleoptera,Staphylinidae,NA,NA,19,7/27/2017,HickoryBottoms,A,7/12/2017,11,Single
7272017HBA9,OTU1683,SS,0.84,BOLD:AAF4632,Animalia,Arthropoda,Insecta,Diptera,Limoniidae,Epiphragma,Epiphragma solatrix,10,7/27/2017,HickoryBottoms,A,7/12/2017,11,Single
7272017HBA9,OTU1764,US,0.9934,BOLD:ACQ7934,Animalia,Arthropoda,Insecta,Hymenoptera,NA,NA,NA,1,7/27/2017,HickoryBottoms,A,7/12/2017,11,Single
7272017HBA9,OTU1772,GS,98.9,BOLD:ACA3275,Animalia,Arthropoda,Insecta,Diptera,Chironomidae,Dicrotendipes,NA,1,7/27/2017,HickoryBottoms,A,7/12/2017,11,Single
7272017HBA9,OTU1793,US,5e-04,BOLD:AAM7672,Animalia,Arthropoda,Insecta,Coleoptera,NA,NA,NA,34,7/27/2017,HickoryBottoms,A,7/12/2017,11,Single
7272017HBA9,OTU1795,US,0.9963,BOLD:AAG3179,Animalia,Arthropoda,Insecta,Diptera,NA,NA,NA,102,7/27/2017,HickoryBottoms,A,7/12/2017,11,Single
7272017HBA9,OTU1824,US,0.0049,BOLD:AAB3269,Animalia,Arthropoda,Insecta,Diptera,NA,NA,NA,38,7/27/2017,HickoryBottoms,A,7/12/2017,11,Single
7272017HBA9,OTU1834,SS,0.74,BOLD:AAF4632,Animalia,Arthropoda,Insecta,Diptera,NA,NA,NA,2,7/27/2017,HickoryBottoms,A,7/12/2017,11,Single
7272017HBA9,OTU1864,US,0,BOLD:ACC8123,Animalia,Arthropoda,Insecta,Hymenoptera,NA,NA,NA,12,7/27/2017,HickoryBottoms,A,7/12/2017,11,Single
7272017HBB1,OTU1,US,0.0026,BOLD:AAD6798,Animalia,Arthropoda,Insecta,Diptera,NA,NA,NA,487,7/27/2017,HickoryBottoms,B,7/12/2017,142,Single
7272017HBB1,OTU3,GS,100,BOLD:AAP2734,Animalia,Arthropoda,Insecta,Diptera,Limoniidae,Erioptera,Erioptera parva,14336,7/27/2017,HickoryBottoms,B,7/12/2017,142,Single
7272017HBB1,OTU5,GS,99.4,BOLD:AAN5451,Animalia,Arthropoda,Arachnida,Araneae,Araneidae,Eustala,NA,634,7/27/2017,HickoryBottoms,B,7/12/2017,142,Single
7272017HBB1,OTU7,GS,100,BOLD:AAF4632,Animalia,Arthropoda,Insecta,Diptera,Limoniidae,Epiphragma,Epiphragma solatrix,3706,7/27/2017,HickoryBottoms,B,7/12/2017,142,Single
7272017HBB1,OTU27,SS,0.18,BOLD:AAC6806,Animalia,Arthropoda,Insecta,Diptera,NA,NA,NA,1517,7/27/2017,HickoryBottoms,B,7/12/2017,142,Single
7272017HBB1,OTU31,GS,100,BOLD:AAM6212,Animalia,Arthropoda,Insecta,Diptera,Chironomidae,Axarus,Axarus festivus,227,7/27/2017,HickoryBottoms,B,7/12/2017,142,Single
7272017HBB1,OTU47,GS,100,BOLD:AAN5881,Animalia,Arthropoda,Insecta,Diptera,Limoniidae,NA,NA,223,7/27/2017,HickoryBottoms,B,7/12/2017,142,Single
7272017HBB1,OTU124,SS,0.3,BOLD:ABZ5204,Animalia,Arthropoda,Insecta,Hemiptera,Miridae,NA,NA,52,7/27/2017,HickoryBottoms,B,7/12/2017,142,Single
7272017HBB1,OTU197,GS,100,BOLD:AAN6380,Animalia,Arthropoda,Arachnida,Araneae,Araneidae,Neoscona,NA,2199,7/27/2017,HickoryBottoms,B,7/12/2017,142,Single
7272017HBB1,OTU198,GS,99.4,BOLD:ABZ1242,Animalia,Arthropoda,Insecta,Diptera,Chironomidae,NA,NA,6,7/27/2017,HickoryBottoms,B,7/12/2017,142,Single
7272017HBB1,OTU229,GS,100,BOLD:AAH3555,Animalia,Arthropoda,Insecta,Mecoptera,NA,NA,NA,105,7/27/2017,HickoryBottoms,B,7/12/2017,142,Single
7272017HBB1,OTU254,GS,100,BOLD:AAG8977,Animalia,Arthropoda,Insecta,Hemiptera,Derbidae,Apache,Apache degeerii,12,7/27/2017,HickoryBottoms,B,7/12/2017,142,Single
7272017HBB1,OTU309,GS,100,BOLD:AAH5582,Animalia,Arthropoda,Insecta,Lepidoptera,Gelechiidae,Battaristis,NA,11,7/27/2017,HickoryBottoms,B,7/12/2017,142,Single
7272017HBB1,OTU325,GS,100,BOLD:AAB6013,Animalia,Arthropoda,Insecta,Lepidoptera,Tortricidae,Phaecasiophora,Phaecasiophora confixana,56,7/27/2017,HickoryBottoms,B,7/12/2017,142,Single
7272017HBB1,OTU396,SS,0.98,BOLD:AAP2734,Animalia,Arthropoda,Insecta,Diptera,Limoniidae,Erioptera,Erioptera parva,31,7/27/2017,HickoryBottoms,B,7/12/2017,142,Single
7272017HBB1,OTU425,GS,98.9,BOLD:ACC4755,Animalia,Arthropoda,Insecta,Diptera,Culicidae,Aedes,Aedes atlanticus,7,7/27/2017,HickoryBottoms,B,7/12/2017,142,Single
7272017HBB1,OTU489,GS,100,BOLD:ABX9225,Animalia,Arthropoda,Insecta,Diptera,Limoniidae,Rhipidia,NA,3,7/27/2017,HickoryBottoms,B,7/12/2017,142,Single
7272017HBB1,OTU658,US,0,BOLD:AAN5415,Animalia,Arthropoda,Insecta,Diptera,NA,NA,NA,13,7/27/2017,HickoryBottoms,B,7/12/2017,142,Single
7272017HBB1,OTU741,GS,100,BOLD:AAA4123,Animalia,Arthropoda,Arachnida,Araneae,Araneidae,Neoscona,Neoscona arabesca,24,7/27/2017,HickoryBottoms,B,7/12/2017,142,Single
7272017HBB1,OTU1176,US,0.9249,BOLD:AAF4632,Animalia,Arthropoda,Insecta,Diptera,NA,NA,NA,4,7/27/2017,HickoryBottoms,B,7/12/2017,142,Single
7272017HBB1,OTU1210,GS,97.2,BOLD:AAF4632,Animalia,Arthropoda,Insecta,Diptera,Limoniidae,Epiphragma,Epiphragma solatrix,272,7/27/2017,HickoryBottoms,B,7/12/2017,142,Single
7272017HBB1,OTU1213,SS,1,BOLD:AAG8977,Animalia,Arthropoda,Insecta,Hemiptera,Derbidae,Apache,Apache degeerii,6,7/27/2017,HickoryBottoms,B,7/12/2017,142,Single
7272017HBB1,OTU1265,SS,0.83,BOLD:AAF4632,Animalia,Arthropoda,Insecta,Diptera,Limoniidae,Epiphragma,Epiphragma solatrix,25,7/27/2017,HickoryBottoms,B,7/12/2017,142,Single
7272017HBB1,OTU1317,SS,0.01,BOLD:AAN5451,Animalia,Arthropoda,Arachnida,Araneae,Araneidae,Eustala,NA,8,7/27/2017,HickoryBottoms,B,7/12/2017,142,Single
7272017HBB1,OTU1341,US,0,None,Animalia,Arthropoda,Arachnida,Trombidiformes,NA,NA,NA,1,7/27/2017,HickoryBottoms,B,7/12/2017,142,Single
7272017HBB1,OTU1480,US,0.9249,BOLD:AAN5882,Animalia,Arthropoda,Insecta,Diptera,NA,NA,NA,2,7/27/2017,HickoryBottoms,B,7/12/2017,142,Single
7272017HBB1,OTU1494,US,0.8732,BOLD:AAF4632,Animalia,Arthropoda,Insecta,Diptera,NA,NA,NA,154,7/27/2017,HickoryBottoms,B,7/12/2017,142,Single
7272017HBB1,OTU1497,SS,0.97,BOLD:AAI1618,Animalia,Arthropoda,Insecta,Diptera,Culicidae,Coquillettidia,Coquillettidia perturbans,2,7/27/2017,HickoryBottoms,B,7/12/2017,142,Single
7272017HBB1,OTU1554,SS,0.92,BOLD:AAP2734,Animalia,Arthropoda,Insecta,Diptera,Limoniidae,Erioptera,Erioptera parva,22,7/27/2017,HickoryBottoms,B,7/12/2017,142,Single
7272017HBB1,OTU1686,US,0.2061,BOLD:ABA8360,Animalia,Arthropoda,Insecta,Hemiptera,NA,NA,NA,6,7/27/2017,HickoryBottoms,B,7/12/2017,142,Single
7272017HBB1,OTU1724,US,0.8732,BOLD:ABW0552,Animalia,Arthropoda,Insecta,Lepidoptera,NA,NA,NA,2,7/27/2017,HickoryBottoms,B,7/12/2017,142,Single
7272017HBB1,OTU1818,GS,97.9,BOLD:AAF4632,Animalia,Arthropoda,Insecta,Diptera,Limoniidae,Epiphragma,Epiphragma solatrix,3,7/27/2017,HickoryBottoms,B,7/12/2017,142,Single
7272017HBB1,OTU1834,SS,0.74,BOLD:AAF4632,Animalia,Arthropoda,Insecta,Diptera,NA,NA,NA,5,7/27/2017,HickoryBottoms,B,7/12/2017,142,Single
7272017HBB10,OTU1,US,0.0026,BOLD:AAD6798,Animalia,Arthropoda,Insecta,Diptera,NA,NA,NA,19410,7/27/2017,HickoryBottoms,B,7/12/2017,142,Single
7272017HBB10,OTU5,GS,99.4,BOLD:AAN5451,Animalia,Arthropoda,Arachnida,Araneae,Araneidae,Eustala,NA,9352,7/27/2017,HickoryBottoms,B,7/12/2017,142,Single
7272017HBB10,OTU7,GS,100,BOLD:AAF4632,Animalia,Arthropoda,Insecta,Diptera,Limoniidae,Epiphragma,Epiphragma solatrix,5141,7/27/2017,HickoryBottoms,B,7/12/2017,142,Single
7272017HBB10,OTU14,GS,99.4,BOLD:AAO3940,Animalia,Arthropoda,Insecta,Diptera,Limoniidae,Rhipidia,NA,499,7/27/2017,HickoryBottoms,B,7/12/2017,142,Single
7272017HBB10,OTU87,US,0,BOLD:ABY2339,Animalia,Arthropoda,Insecta,Diptera,NA,NA,NA,3060,7/27/2017,HickoryBottoms,B,7/12/2017,142,Single
7272017HBB10,OTU141,GS,100,BOLD:ABX6186,Animalia,Arthropoda,Insecta,Diptera,Tipulidae,Nephrotoma,Nephrotoma ferruginea,75,7/27/2017,HickoryBottoms,B,7/12/2017,142,Single
7272017HBB10,OTU148,GS,100,BOLD:AAK7352,Animalia,Arthropoda,Arachnida,Araneae,Araneidae,Metepeira,Metepeira labyrinthea,129,7/27/2017,HickoryBottoms,B,7/12/2017,142,Single
7272017HBB10,OTU185,GS,100,BOLD:AAA7667,Animalia,Arthropoda,Insecta,Lepidoptera,Tortricidae,Acleris,Acleris chalybeana,41,7/27/2017,HickoryBottoms,B,7/12/2017,142,Single
7272017HBB10,OTU209,GS,100,BOLD:AAF9019,Animalia,Arthropoda,Insecta,Diptera,NA,NA,NA,53,7/27/2017,HickoryBottoms,B,7/12/2017,142,Single
7272017HBB10,OTU212,US,1,BOLD:ACE7661,Animalia,Arthropoda,Arachnida,Araneae,NA,NA,NA,123,7/27/2017,HickoryBottoms,B,7/12/2017,142,Single
7272017HBB10,OTU219,GS,100,BOLD:AAD1855,Animalia,Arthropoda,Insecta,Lepidoptera,Tortricidae,Episimus,Episimus tyrius,174,7/27/2017,HickoryBottoms,B,7/12/2017,142,Single
7272017HBB10,OTU366,US,0.3056,None,Animalia,Arthropoda,Insecta,Diptera,NA,NA,NA,1125,7/27/2017,HickoryBottoms,B,7/12/2017,142,Single
7272017HBB10,OTU402,US,1,BOLD:AAN6364,Animalia,Arthropoda,Arachnida,Scorpiones,NA,NA,NA,627,7/27/2017,HickoryBottoms,B,7/12/2017,142,Single
7272017HBB10,OTU425,GS,98.9,BOLD:ACC4755,Animalia,Arthropoda,Insecta,Diptera,Culicidae,Aedes,Aedes atlanticus,150,7/27/2017,HickoryBottoms,B,7/12/2017,142,Single
7272017HBB10,OTU451,US,1,None,Animalia,Arthropoda,Insecta,Hymenoptera,NA,NA,NA,886,7/27/2017,HickoryBottoms,B,7/12/2017,142,Single
7272017HBB10,OTU477,US,1,None,Animalia,Arthropoda,Insecta,Coleoptera,NA,NA,NA,575,7/27/2017,HickoryBottoms,B,7/12/2017,142,Single
7272017HBB10,OTU487,GS,100,BOLD:AAJ9298,Animalia,Arthropoda,Insecta,Lepidoptera,Geometridae,Melanolophia,Melanolophia signataria,127,7/27/2017,HickoryBottoms,B,7/12/2017,142,Single
7272017HBB10,OTU573,GS,98.9,BOLD:AAB8921,Animalia,Arthropoda,Insecta,Lepidoptera,Zygaenidae,Harrisina,Harrisina americana,206,7/27/2017,HickoryBottoms,B,7/12/2017,142,Single
7272017HBB10,OTU671,US,1,None,Animalia,Arthropoda,Arachnida,Araneae,NA,NA,NA,416,7/27/2017,HickoryBottoms,B,7/12/2017,142,Single
7272017HBB10,OTU712,US,1,None,Animalia,Arthropoda,Insecta,Hymenoptera,NA,NA,NA,71,7/27/2017,HickoryBottoms,B,7/12/2017,142,Single
7272017HBB10,OTU828,US,1,None,Animalia,Arthropoda,Insecta,Orthoptera,NA,NA,NA,188,7/27/2017,HickoryBottoms,B,7/12/2017,142,Single
7272017HBB10,OTU850,US,1,BOLD:AAZ0997,Animalia,Arthropoda,Insecta,Hymenoptera,NA,NA,NA,5,7/27/2017,HickoryBottoms,B,7/12/2017,142,Single
7272017HBB10,OTU929,GS,100,BOLD:AAA5051,Animalia,Arthropoda,Insecta,Lepidoptera,Crambidae,Desmia,Desmia funeralis,98,7/27/2017,HickoryBottoms,B,7/12/2017,142,Single
7272017HBB10,OTU1097,GS,97.2,BOLD:AAN5451,Animalia,Arthropoda,Arachnida,Araneae,Araneidae,Eustala,NA,76,7/27/2017,HickoryBottoms,B,7/12/2017,142,Single
7272017HBB10,OTU1210,GS,97.2,BOLD:AAF4632,Animalia,Arthropoda,Insecta,Diptera,Limoniidae,Epiphragma,Epiphragma solatrix,9,7/27/2017,HickoryBottoms,B,7/12/2017,142,Single
7272017HBB10,OTU1317,SS,0.01,BOLD:AAN5451,Animalia,Arthropoda,Arachnida,Araneae,Araneidae,Eustala,NA,4,7/27/2017,HickoryBottoms,B,7/12/2017,142,Single
7272017HBB10,OTU1722,GS,97.8,BOLD:AAB8920,Animalia,Arthropoda,Insecta,Lepidoptera,Zygaenidae,Harrisina,Harrisina americana,2,7/27/2017,HickoryBottoms,B,7/12/2017,142,Single
7272017HBB10,OTU1800,US,0.3913,None,Animalia,Arthropoda,Insecta,Diptera,NA,NA,NA,87,7/27/2017,HickoryBottoms,B,7/12/2017,142,Single
7272017HBB10,OTU1818,GS,97.9,BOLD:AAF4632,Animalia,Arthropoda,Insecta,Diptera,Limoniidae,Epiphragma,Epiphragma solatrix,2,7/27/2017,HickoryBottoms,B,7/12/2017,142,Single
7272017HBB10,OTU1834,SS,0.74,BOLD:AAF4632,Animalia,Arthropoda,Insecta,Diptera,NA,NA,NA,67,7/27/2017,HickoryBottoms,B,7/12/2017,142,Single
7272017HBB2,OTU1,US,0.0026,BOLD:AAD6798,Animalia,Arthropoda,Insecta,Diptera,NA,NA,NA,14110,7/27/2017,HickoryBottoms,B,7/12/2017,142,Single
7272017HBB2,OTU7,GS,100,BOLD:AAF4632,Animalia,Arthropoda,Insecta,Diptera,Limoniidae,Epiphragma,Epiphragma solatrix,6972,7/27/2017,HickoryBottoms,B,7/12/2017,142,Single
7272017HBB2,OTU11,GS,99.4,BOLD:AAG3848,Animalia,Arthropoda,Insecta,Diptera,Culicidae,Culex,Culex erraticus,353,7/27/2017,HickoryBottoms,B,7/12/2017,142,Single
7272017HBB2,OTU16,GS,100,BOLD:AAA7067,Animalia,Arthropoda,Insecta,Diptera,Culicidae,Aedes,Aedes vexans,225,7/27/2017,HickoryBottoms,B,7/12/2017,142,Single
7272017HBB2,OTU88,GS,100,BOLD:AAE0434,Animalia,Arthropoda,Insecta,Diptera,Culicidae,Uranotaenia,Uranotaenia sapphirina,338,7/27/2017,HickoryBottoms,B,7/12/2017,142,Single
7272017HBB2,OTU89,GS,98.3,BOLD:ABW2415,Animalia,Arthropoda,Insecta,Diptera,Tipulidae,Nephrotoma,Nephrotoma okefenoke,1690,7/27/2017,HickoryBottoms,B,7/12/2017,142,Single
7272017HBB2,OTU110,GS,99.4,BOLD:AAJ0542,Animalia,Arthropoda,Arachnida,Araneae,Theridiidae,Euryopis,Euryopis funebris,937,7/27/2017,HickoryBottoms,B,7/12/2017,142,Single
7272017HBB2,OTU129,GS,100,BOLD:AAG2647,Animalia,Arthropoda,Insecta,Diptera,Chaoboridae,Chaoborus,Chaoborus punctipennis,180,7/27/2017,HickoryBottoms,B,7/12/2017,142,Single
7272017HBB2,OTU148,GS,100,BOLD:AAK7352,Animalia,Arthropoda,Arachnida,Araneae,Araneidae,Metepeira,Metepeira labyrinthea,53,7/27/2017,HickoryBottoms,B,7/12/2017,142,Single
7272017HBB2,OTU165,US,0.9936,BOLD:ACF8271,Animalia,Arthropoda,Insecta,Diptera,NA,NA,NA,17,7/27/2017,HickoryBottoms,B,7/12/2017,142,Single
7272017HBB2,OTU198,GS,99.4,BOLD:ABZ1242,Animalia,Arthropoda,Insecta,Diptera,Chironomidae,NA,NA,130,7/27/2017,HickoryBottoms,B,7/12/2017,142,Single
7272017HBB2,OTU201,GS,100,BOLD:AAG0906,Animalia,Arthropoda,Insecta,Neuroptera,Hemerobiidae,Micromus,Micromus posticus,719,7/27/2017,HickoryBottoms,B,7/12/2017,142,Single
7272017HBB2,OTU229,GS,100,BOLD:AAH3555,Animalia,Arthropoda,Insecta,Mecoptera,NA,NA,NA,2956,7/27/2017,HickoryBottoms,B,7/12/2017,142,Single
7272017HBB2,OTU235,GS,100,BOLD:AAG3918,Animalia,Arthropoda,Insecta,Diptera,Chironomidae,Procladius,NA,26,7/27/2017,HickoryBottoms,B,7/12/2017,142,Single
7272017HBB2,OTU238,GS,100,BOLD:AAC2281,Animalia,Arthropoda,Insecta,Diptera,Culicidae,Anopheles,Anopheles quadrimaculatus,45,7/27/2017,HickoryBottoms,B,7/12/2017,142,Single
7272017HBB2,OTU285,GS,100,BOLD:AAD2340,Animalia,Arthropoda,Insecta,Lepidoptera,Tineidae,Scardiella,Scardiella approximatella,109,7/27/2017,HickoryBottoms,B,7/12/2017,142,Single
7272017HBB2,OTU352,GS,100,BOLD:AAM7592,Animalia,Arthropoda,Insecta,Coleoptera,Heteroceridae,Tropicus,Tropicus pusillus,166,7/27/2017,HickoryBottoms,B,7/12/2017,142,Single
7272017HBB2,OTU354,SS,0.48,BOLD:AAM6278,Animalia,Arthropoda,Insecta,Diptera,NA,NA,NA,98,7/27/2017,HickoryBottoms,B,7/12/2017,142,Single
7272017HBB2,OTU513,SS,0.71,BOLD:ABY8891,Animalia,Arthropoda,Insecta,Diptera,NA,NA,NA,41,7/27/2017,HickoryBottoms,B,7/12/2017,142,Single
7272017HBB2,OTU604,GS,100,BOLD:AAA8109,Animalia,Arthropoda,Insecta,Lepidoptera,Gelechiidae,Dichomeris,Dichomeris ligulella,43,7/27/2017,HickoryBottoms,B,7/12/2017,142,Single
7272017HBB2,OTU642,GS,100,BOLD:AAM7778,Animalia,Arthropoda,Insecta,Coleoptera,Hydrophilidae,Enochrus,Enochrus ochraceus,82,7/27/2017,HickoryBottoms,B,7/12/2017,142,Single
7272017HBB2,OTU723,GS,100,BOLD:AAG5453,Animalia,Arthropoda,Insecta,Diptera,Chironomidae,Chironomus,Chironomus bifurcatus,143,7/27/2017,HickoryBottoms,B,7/12/2017,142,Single
7272017HBB2,OTU761,US,0,None,Animalia,Arthropoda,Arachnida,Mesostigmata,NA,NA,NA,201,7/27/2017,HickoryBottoms,B,7/12/2017,142,Single
7272017HBB2,OTU995,GS,100,BOLD:AAN6208,Animalia,Arthropoda,Insecta,Coleoptera,Aderidae,NA,NA,24,7/27/2017,HickoryBottoms,B,7/12/2017,142,Single
7272017HBB2,OTU1138,US,0,BOLD:ACF8271,Animalia,Arthropoda,Insecta,Hymenoptera,NA,NA,NA,6,7/27/2017,HickoryBottoms,B,7/12/2017,142,Single
7272017HBB2,OTU1210,GS,97.2,BOLD:AAF4632,Animalia,Arthropoda,Insecta,Diptera,Limoniidae,Epiphragma,Epiphragma solatrix,17,7/27/2017,HickoryBottoms,B,7/12/2017,142,Single
7272017HBB2,OTU1236,GS,99.4,BOLD:AAN5354,Animalia,Arthropoda,Insecta,Diptera,Chironomidae,NA,NA,50,7/27/2017,HickoryBottoms,B,7/12/2017,142,Single
7272017HBB2,OTU1265,SS,0.83,BOLD:AAF4632,Animalia,Arthropoda,Insecta,Diptera,Limoniidae,Epiphragma,Epiphragma solatrix,4,7/27/2017,HickoryBottoms,B,7/12/2017,142,Single
7272017HBB2,OTU1680,GS,99.4,BOLD:AAP5120,Animalia,Arthropoda,Insecta,Diptera,Chironomidae,Polypedilum,NA,26,7/27/2017,HickoryBottoms,B,7/12/2017,142,Single
7272017HBB2,OTU1683,SS,0.84,BOLD:AAF4632,Animalia,Arthropoda,Insecta,Diptera,Limoniidae,Epiphragma,Epiphragma solatrix,34,7/27/2017,HickoryBottoms,B,7/12/2017,142,Single
7272017HBB2,OTU1692,GS,98.9,BOLD:ACN2628,Animalia,Arthropoda,Insecta,Diptera,Chironomidae,Dicrotendipes,NA,19,7/27/2017,HickoryBottoms,B,7/12/2017,142,Single
7272017HBB2,OTU1818,GS,97.9,BOLD:AAF4632,Animalia,Arthropoda,Insecta,Diptera,Limoniidae,Epiphragma,Epiphragma solatrix,2,7/27/2017,HickoryBottoms,B,7/12/2017,142,Single
7272017HBB2,OTU1834,SS,0.74,BOLD:AAF4632,Animalia,Arthropoda,Insecta,Diptera,NA,NA,NA,197,7/27/2017,HickoryBottoms,B,7/12/2017,142,Single
7272017HBB3,OTU1,US,0.0026,BOLD:AAD6798,Animalia,Arthropoda,Insecta,Diptera,NA,NA,NA,11598,7/27/2017,HickoryBottoms,B,7/12/2017,142,Single
7272017HBB3,OTU5,GS,99.4,BOLD:AAN5451,Animalia,Arthropoda,Arachnida,Araneae,Araneidae,Eustala,NA,5548,7/27/2017,HickoryBottoms,B,7/12/2017,142,Single
7272017HBB3,OTU11,GS,99.4,BOLD:AAG3848,Animalia,Arthropoda,Insecta,Diptera,Culicidae,Culex,Culex erraticus,3874,7/27/2017,HickoryBottoms,B,7/12/2017,142,Single
7272017HBB3,OTU13,GS,100,BOLD:ABV1771,Animalia,Arthropoda,Insecta,Diptera,Limoniidae,NA,NA,240,7/27/2017,HickoryBottoms,B,7/12/2017,142,Single
7272017HBB3,OTU24,GS,98.9,BOLD:ABW3499,Animalia,Arthropoda,Insecta,Diptera,NA,NA,NA,685,7/27/2017,HickoryBottoms,B,7/12/2017,142,Single
7272017HBB3,OTU42,US,1,None,Animalia,Arthropoda,Insecta,Diptera,NA,NA,NA,173,7/27/2017,HickoryBottoms,B,7/12/2017,142,Single
7272017HBB3,OTU68,GS,100,BOLD:AAB7030,Animalia,Arthropoda,Insecta,Diptera,Chironomidae,Chironomus,Chironomus decorus,195,7/27/2017,HickoryBottoms,B,7/12/2017,142,Single
7272017HBB3,OTU76,US,1,BOLD:ACY1454,Animalia,Arthropoda,Insecta,Hemiptera,NA,NA,NA,5079,7/27/2017,HickoryBottoms,B,7/12/2017,142,Single
7272017HBB3,OTU88,GS,100,BOLD:AAE0434,Animalia,Arthropoda,Insecta,Diptera,Culicidae,Uranotaenia,Uranotaenia sapphirina,768,7/27/2017,HickoryBottoms,B,7/12/2017,142,Single
7272017HBB3,OTU118,US,1,None,Animalia,Arthropoda,Arachnida,Mesostigmata,NA,NA,NA,58,7/27/2017,HickoryBottoms,B,7/12/2017,142,Single
7272017HBB3,OTU126,US,0,BOLD:ACY1490,Animalia,Arthropoda,Insecta,Diptera,NA,NA,NA,9693,7/27/2017,HickoryBottoms,B,7/12/2017,142,Single
7272017HBB3,OTU141,GS,100,BOLD:ABX6186,Animalia,Arthropoda,Insecta,Diptera,Tipulidae,Nephrotoma,Nephrotoma ferruginea,11,7/27/2017,HickoryBottoms,B,7/12/2017,142,Single
7272017HBB3,OTU158,GS,100,BOLD:AAH3230,Animalia,Arthropoda,Insecta,Psocodea,Psocidae,NA,NA,20,7/27/2017,HickoryBottoms,B,7/12/2017,142,Single
7272017HBB3,OTU168,GS,100,BOLD:AAC3609,Animalia,Arthropoda,Insecta,Lepidoptera,Euteliidae,Paectes,Paectes abrostoloides,91,7/27/2017,HickoryBottoms,B,7/12/2017,142,Single
7272017HBB3,OTU190,GS,100,BOLD:ABY7666,Animalia,Arthropoda,Insecta,Diptera,Culicidae,Culex,Culex territans,13,7/27/2017,HickoryBottoms,B,7/12/2017,142,Single
7272017HBB3,OTU198,GS,99.4,BOLD:ABZ1242,Animalia,Arthropoda,Insecta,Diptera,Chironomidae,NA,NA,101,7/27/2017,HickoryBottoms,B,7/12/2017,142,Single
7272017HBB3,OTU203,GS,100,BOLD:AAB0603,Animalia,Arthropoda,Insecta,Lepidoptera,Gelechiidae,Pseudotelphusa,Pseudotelphusa quercinigracella,18,7/27/2017,HickoryBottoms,B,7/12/2017,142,Single
7272017HBB3,OTU238,GS,100,BOLD:AAC2281,Animalia,Arthropoda,Insecta,Diptera,Culicidae,Anopheles,Anopheles quadrimaculatus,163,7/27/2017,HickoryBottoms,B,7/12/2017,142,Single
7272017HBB3,OTU316,GS,100,BOLD:AAJ4096,Animalia,Arthropoda,Insecta,Neuroptera,Sisyridae,Climacia,Climacia areolaris,12,7/27/2017,HickoryBottoms,B,7/12/2017,142,Single
7272017HBB3,OTU357,GS,98.9,BOLD:ABX3356,Animalia,Arthropoda,Insecta,Diptera,Chironomidae,Chironomus,NA,950,7/27/2017,HickoryBottoms,B,7/12/2017,142,Single
7272017HBB3,OTU421,US,0,BOLD:ACJ3184,Animalia,Arthropoda,Arachnida,Araneae,NA,NA,NA,757,7/27/2017,HickoryBottoms,B,7/12/2017,142,Single
7272017HBB3,OTU517,US,0,None,Animalia,Arthropoda,Insecta,Diptera,NA,NA,NA,49,7/27/2017,HickoryBottoms,B,7/12/2017,142,Single
7272017HBB3,OTU522,US,0.3913,None,Animalia,Arthropoda,Insecta,Ephemeroptera,NA,NA,NA,16,7/27/2017,HickoryBottoms,B,7/12/2017,142,Single
7272017HBB3,OTU558,US,1,BOLD:ACJ3184,Animalia,Arthropoda,Insecta,Hymenoptera,NA,NA,NA,491,7/27/2017,HickoryBottoms,B,7/12/2017,142,Single
7272017HBB3,OTU576,GS,100,BOLD:AAA5192,Animalia,Arthropoda,Insecta,Lepidoptera,Tortricidae,Platynota,Platynota idaeusalis,6,7/27/2017,HickoryBottoms,B,7/12/2017,142,Single
7272017HBB3,OTU610,GS,99.4,BOLD:AAG2712,Animalia,Arthropoda,Insecta,Orthoptera,Tettigoniidae,Scudderia,Scudderia furcata,193,7/27/2017,HickoryBottoms,B,7/12/2017,142,Single
7272017HBB3,OTU642,GS,100,BOLD:AAM7778,Animalia,Arthropoda,Insecta,Coleoptera,Hydrophilidae,Enochrus,Enochrus ochraceus,49,7/27/2017,HickoryBottoms,B,7/12/2017,142,Single
7272017HBB3,OTU753,US,0,BOLD:ACA1260,Animalia,Arthropoda,Arachnida,Araneae,NA,NA,NA,5,7/27/2017,HickoryBottoms,B,7/12/2017,142,Single
7272017HBB3,OTU782,US,0.2833,BOLD:ACW7520,Animalia,Arthropoda,Insecta,Diptera,NA,NA,NA,7,7/27/2017,HickoryBottoms,B,7/12/2017,142,Single
7272017HBB3,OTU923,GS,100,BOLD:AAN5931,Animalia,Arthropoda,Insecta,Coleoptera,Scirtidae,Cyphon,NA,20,7/27/2017,HickoryBottoms,B,7/12/2017,142,Single
7272017HBB3,OTU995,GS,100,BOLD:AAN6208,Animalia,Arthropoda,Insecta,Coleoptera,Aderidae,NA,NA,6,7/27/2017,HickoryBottoms,B,7/12/2017,142,Single
7272017HBB3,OTU1008,US,0.5,None,Animalia,Arthropoda,Insecta,Trichoptera,NA,NA,NA,102,7/27/2017,HickoryBottoms,B,7/12/2017,142,Single
7272017HBB3,OTU1071,GS,100,BOLD:AAC4311,Animalia,Arthropoda,Insecta,Lepidoptera,Lecithoceridae,Martyringa,Martyringa latipennis,13,7/27/2017,HickoryBottoms,B,7/12/2017,142,Single
7272017HBB3,OTU1097,GS,97.2,BOLD:AAN5451,Animalia,Arthropoda,Arachnida,Araneae,Araneidae,Eustala,NA,66,7/27/2017,HickoryBottoms,B,7/12/2017,142,Single
7272017HBB3,OTU1170,US,0,BOLD:ACT8457,Animalia,Arthropoda,Insecta,Hymenoptera,NA,NA,NA,2,7/27/2017,HickoryBottoms,B,7/12/2017,142,Single
7272017HBB3,OTU1205,SS,0.73,BOLD:ACV5866,Animalia,Arthropoda,Arachnida,Trombidiformes,NA,NA,NA,27,7/27/2017,HickoryBottoms,B,7/12/2017,142,Single
7272017HBB3,OTU1210,GS,97.2,BOLD:AAF4632,Animalia,Arthropoda,Insecta,Diptera,Limoniidae,Epiphragma,Epiphragma solatrix,9,7/27/2017,HickoryBottoms,B,7/12/2017,142,Single
7272017HBB3,OTU1317,SS,0.01,BOLD:AAN5451,Animalia,Arthropoda,Arachnida,Araneae,Araneidae,Eustala,NA,11,7/27/2017,HickoryBottoms,B,7/12/2017,142,Single
7272017HBB3,OTU1351,SS,0.94,BOLD:AAB7030,Animalia,Arthropoda,Insecta,Diptera,Chironomidae,Chironomus,Chironomus decorus,14,7/27/2017,HickoryBottoms,B,7/12/2017,142,Single
7272017HBB3,OTU1361,GS,100,BOLD:AAC0584,Animalia,Arthropoda,Insecta,Diptera,Culicidae,Anopheles,Anopheles punctipennis,4,7/27/2017,HickoryBottoms,B,7/12/2017,142,Single
7272017HBB3,OTU1460,US,0.4,None,Animalia,Arthropoda,Arachnida,Araneae,NA,NA,NA,6,7/27/2017,HickoryBottoms,B,7/12/2017,142,Single
7272017HBB3,OTU1542,US,0,BOLD:ACW4900,Animalia,Arthropoda,Insecta,Ephemeroptera,NA,NA,NA,17,7/27/2017,HickoryBottoms,B,7/12/2017,142,Single
7272017HBB3,OTU1596,GS,98.3,BOLD:ACK5954,Animalia,Arthropoda,Insecta,Hemiptera,Miridae,Reuteria,Reuteria bifurcata,29,7/27/2017,HickoryBottoms,B,7/12/2017,142,Single
7272017HBB3,OTU1617,US,0,BOLD:ABW6246,Animalia,Arthropoda,Insecta,Coleoptera,NA,NA,NA,9,7/27/2017,HickoryBottoms,B,7/12/2017,142,Single
7272017HBB3,OTU1656,US,0.9715,BOLD:AAD6798,Animalia,Arthropoda,Insecta,Diptera,NA,NA,NA,1,7/27/2017,HickoryBottoms,B,7/12/2017,142,Single
7272017HBB3,OTU1694,GS,98.9,BOLD:AAI5286,Animalia,Arthropoda,Insecta,Diptera,Anthomyiidae,Emmesomyia,NA,15,7/27/2017,HickoryBottoms,B,7/12/2017,142,Single
7272017HBB3,OTU1749,SS,0.19,BOLD:AAJ3819,Animalia,Arthropoda,Insecta,Diptera,NA,NA,NA,14,7/27/2017,HickoryBottoms,B,7/12/2017,142,Single
7272017HBB3,OTU1756,SS,0.97,BOLD:AAG3848,Animalia,Arthropoda,Insecta,Diptera,Culicidae,Culex,Culex erraticus,1,7/27/2017,HickoryBottoms,B,7/12/2017,142,Single
7272017HBB3,OTU1834,SS,0.74,BOLD:AAF4632,Animalia,Arthropoda,Insecta,Diptera,NA,NA,NA,6,7/27/2017,HickoryBottoms,B,7/12/2017,142,Single
7272017HBB3,OTU1872,GS,99.4,BOLD:AAD2569,Animalia,Arthropoda,Insecta,Lepidoptera,Gracillariidae,Caloptilia,Caloptilia negundella,73,7/27/2017,HickoryBottoms,B,7/12/2017,142,Single
7272017HBB4,OTU1,US,0.0026,BOLD:AAD6798,Animalia,Arthropoda,Insecta,Diptera,NA,NA,NA,2775,7/27/2017,HickoryBottoms,B,7/12/2017,142,Single
7272017HBB4,OTU7,GS,100,BOLD:AAF4632,Animalia,Arthropoda,Insecta,Diptera,Limoniidae,Epiphragma,Epiphragma solatrix,453,7/27/2017,HickoryBottoms,B,7/12/2017,142,Single
7272017HBB4,OTU24,GS,98.9,BOLD:ABW3499,Animalia,Arthropoda,Insecta,Diptera,NA,NA,NA,27329,7/27/2017,HickoryBottoms,B,7/12/2017,142,Single
7272017HBB4,OTU89,GS,98.3,BOLD:ABW2415,Animalia,Arthropoda,Insecta,Diptera,Tipulidae,Nephrotoma,Nephrotoma okefenoke,38,7/27/2017,HickoryBottoms,B,7/12/2017,142,Single
7272017HBB4,OTU223,GS,100,BOLD:ABZ0282,Animalia,Arthropoda,Insecta,Orthoptera,Trigonidiidae,Anaxipha,Anaxipha exigua,9,7/27/2017,HickoryBottoms,B,7/12/2017,142,Single
7272017HBB4,OTU319,US,0,None,Animalia,Arthropoda,Arachnida,Mesostigmata,NA,NA,NA,21,7/27/2017,HickoryBottoms,B,7/12/2017,142,Single
7272017HBB4,OTU424,GS,100,BOLD:ABZ3656,Animalia,Arthropoda,Insecta,Lepidoptera,Depressariidae,Psilocorsis,Psilocorsis reflexella,13,7/27/2017,HickoryBottoms,B,7/12/2017,142,Single
7272017HBB4,OTU425,GS,98.9,BOLD:ACC4755,Animalia,Arthropoda,Insecta,Diptera,Culicidae,Aedes,Aedes atlanticus,12,7/27/2017,HickoryBottoms,B,7/12/2017,142,Single
7272017HBB4,OTU436,GS,100,BOLD:AAC7431,Animalia,Arthropoda,Insecta,Lepidoptera,Nymphalidae,Asterocampa,Asterocampa clyton,6,7/27/2017,HickoryBottoms,B,7/12/2017,142,Single
7272017HBB4,OTU469,GS,100,BOLD:AAR7014,Animalia,Arthropoda,Insecta,Lepidoptera,Gracillariidae,Neurobathra,Neurobathra strigifinitella,11,7/27/2017,HickoryBottoms,B,7/12/2017,142,Single
7272017HBB4,OTU482,GS,97.8,BOLD:AAA4751,Animalia,Arthropoda,Insecta,Diptera,Culicidae,Culex,Culex quinquefasciatus,7,7/27/2017,HickoryBottoms,B,7/12/2017,142,Single
7272017HBB4,OTU513,SS,0.71,BOLD:ABY8891,Animalia,Arthropoda,Insecta,Diptera,NA,NA,NA,72,7/27/2017,HickoryBottoms,B,7/12/2017,142,Single
7272017HBB4,OTU562,GS,100,BOLD:AAF8473,Animalia,Arthropoda,Insecta,Coleoptera,Chrysomelidae,Diabrotica,Diabrotica undecimpunctata,2,7/27/2017,HickoryBottoms,B,7/12/2017,142,Single
7272017HBB4,OTU673,GS,99.4,BOLD:AAA1474,Animalia,Arthropoda,Insecta,Diptera,Tachinidae,Lespesia,Lespesia aletiae,1,7/27/2017,HickoryBottoms,B,7/12/2017,142,Single
7272017HBB4,OTU767,GS,100,BOLD:AAC7129,Animalia,Arthropoda,Insecta,Lepidoptera,Tischeriidae,Coptotriche,Coptotriche citrinipennella,1,7/27/2017,HickoryBottoms,B,7/12/2017,142,Single
7272017HBB4,OTU826,US,0.9916,BOLD:ACB1715,Animalia,Arthropoda,Insecta,Diptera,NA,NA,NA,1,7/27/2017,HickoryBottoms,B,7/12/2017,142,Single
7272017HBB4,OTU871,GS,100,BOLD:AAA6740,Animalia,Arthropoda,Insecta,Lepidoptera,Tortricidae,Proteoteras,Proteoteras aesculana,2,7/27/2017,HickoryBottoms,B,7/12/2017,142,Single
7272017HBB4,OTU924,GS,100,BOLD:AAB1670,Animalia,Arthropoda,Insecta,Lepidoptera,Noctuidae,Marimatha,Marimatha nigrofimbria,16,7/27/2017,HickoryBottoms,B,7/12/2017,142,Single
7272017HBB4,OTU1042,US,1,BOLD:ACU0827,Animalia,Arthropoda,Insecta,Diptera,NA,NA,NA,4,7/27/2017,HickoryBottoms,B,7/12/2017,142,Single
7272017HBB4,OTU1210,GS,97.2,BOLD:AAF4632,Animalia,Arthropoda,Insecta,Diptera,Limoniidae,Epiphragma,Epiphragma solatrix,8,7/27/2017,HickoryBottoms,B,7/12/2017,142,Single
7272017HBB4,OTU1265,SS,0.83,BOLD:AAF4632,Animalia,Arthropoda,Insecta,Diptera,Limoniidae,Epiphragma,Epiphragma solatrix,3,7/27/2017,HickoryBottoms,B,7/12/2017,142,Single
7272017HBB4,OTU1317,SS,0.01,BOLD:AAN5451,Animalia,Arthropoda,Arachnida,Araneae,Araneidae,Eustala,NA,2,7/27/2017,HickoryBottoms,B,7/12/2017,142,Single
7272017HBB4,OTU1403,SS,0.36,BOLD:ACV0130,Animalia,Arthropoda,Insecta,Diptera,NA,NA,NA,53,7/27/2017,HickoryBottoms,B,7/12/2017,142,Single
7272017HBB4,OTU1530,GS,100,BOLD:AAI1587,Animalia,Arthropoda,Arachnida,Araneae,Trachelidae,Trachelas,Trachelas similis,8,7/27/2017,HickoryBottoms,B,7/12/2017,142,Single
7272017HBB4,OTU1635,US,0,None,Animalia,Arthropoda,Arachnida,Araneae,NA,NA,NA,15,7/27/2017,HickoryBottoms,B,7/12/2017,142,Single
7272017HBB4,OTU1683,SS,0.84,BOLD:AAF4632,Animalia,Arthropoda,Insecta,Diptera,Limoniidae,Epiphragma,Epiphragma solatrix,9,7/27/2017,HickoryBottoms,B,7/12/2017,142,Single
7272017HBB4,OTU1685,US,0,BOLD:ACW7826,Animalia,Arthropoda,Insecta,Diptera,NA,NA,NA,3,7/27/2017,HickoryBottoms,B,7/12/2017,142,Single
7272017HBB4,OTU1802,US,1,None,Animalia,Arthropoda,Insecta,Diptera,NA,NA,NA,2,7/27/2017,HickoryBottoms,B,7/12/2017,142,Single
7272017HBB4,OTU1834,SS,0.74,BOLD:AAF4632,Animalia,Arthropoda,Insecta,Diptera,NA,NA,NA,4,7/27/2017,HickoryBottoms,B,7/12/2017,142,Single
7272017HBB5,OTU1,US,0.0026,BOLD:AAD6798,Animalia,Arthropoda,Insecta,Diptera,NA,NA,NA,18183,7/27/2017,HickoryBottoms,B,7/12/2017,142,Single
7272017HBB5,OTU3,GS,100,BOLD:AAP2734,Animalia,Arthropoda,Insecta,Diptera,Limoniidae,Erioptera,Erioptera parva,2357,7/27/2017,HickoryBottoms,B,7/12/2017,142,Single
7272017HBB5,OTU7,GS,100,BOLD:AAF4632,Animalia,Arthropoda,Insecta,Diptera,Limoniidae,Epiphragma,Epiphragma solatrix,3487,7/27/2017,HickoryBottoms,B,7/12/2017,142,Single
7272017HBB5,OTU14,GS,99.4,BOLD:AAO3940,Animalia,Arthropoda,Insecta,Diptera,Limoniidae,Rhipidia,NA,3122,7/27/2017,HickoryBottoms,B,7/12/2017,142,Single
7272017HBB5,OTU57,GS,100,BOLD:AAI1618,Animalia,Arthropoda,Insecta,Diptera,Culicidae,Coquillettidia,Coquillettidia perturbans,94,7/27/2017,HickoryBottoms,B,7/12/2017,142,Single
7272017HBB5,OTU64,US,0.9925,BOLD:AAL8170,Animalia,Arthropoda,Insecta,Hymenoptera,NA,NA,NA,688,7/27/2017,HickoryBottoms,B,7/12/2017,142,Single
7272017HBB5,OTU75,GS,99.4,BOLD:AAF4974,Animalia,Arthropoda,Arachnida,Araneae,Theridiidae,Dipoena,Dipoena nigra,133,7/27/2017,HickoryBottoms,B,7/12/2017,142,Single
7272017HBB5,OTU76,US,1,BOLD:ACY1454,Animalia,Arthropoda,Insecta,Hemiptera,NA,NA,NA,668,7/27/2017,HickoryBottoms,B,7/12/2017,142,Single
7272017HBB5,OTU88,GS,100,BOLD:AAE0434,Animalia,Arthropoda,Insecta,Diptera,Culicidae,Uranotaenia,Uranotaenia sapphirina,95,7/27/2017,HickoryBottoms,B,7/12/2017,142,Single
7272017HBB5,OTU110,GS,99.4,BOLD:AAJ0542,Animalia,Arthropoda,Arachnida,Araneae,Theridiidae,Euryopis,Euryopis funebris,39,7/27/2017,HickoryBottoms,B,7/12/2017,142,Single
7272017HBB5,OTU118,US,1,None,Animalia,Arthropoda,Arachnida,Mesostigmata,NA,NA,NA,389,7/27/2017,HickoryBottoms,B,7/12/2017,142,Single
7272017HBB5,OTU129,GS,100,BOLD:AAG2647,Animalia,Arthropoda,Insecta,Diptera,Chaoboridae,Chaoborus,Chaoborus punctipennis,80,7/27/2017,HickoryBottoms,B,7/12/2017,142,Single
7272017HBB5,OTU133,US,0,BOLD:AAH1180,Animalia,Arthropoda,Insecta,Hemiptera,NA,NA,NA,481,7/27/2017,HickoryBottoms,B,7/12/2017,142,Single
7272017HBB5,OTU144,GS,100,BOLD:AAN6304,Animalia,Arthropoda,Arachnida,Araneae,Araneidae,Araneus,Araneus guttulatus,879,7/27/2017,HickoryBottoms,B,7/12/2017,142,Single
7272017HBB5,OTU148,GS,100,BOLD:AAK7352,Animalia,Arthropoda,Arachnida,Araneae,Araneidae,Metepeira,Metepeira labyrinthea,1885,7/27/2017,HickoryBottoms,B,7/12/2017,142,Single
7272017HBB5,OTU159,US,1,BOLD:ACG2017,Animalia,Arthropoda,Insecta,Coleoptera,NA,NA,NA,330,7/27/2017,HickoryBottoms,B,7/12/2017,142,Single
7272017HBB5,OTU168,GS,100,BOLD:AAC3609,Animalia,Arthropoda,Insecta,Lepidoptera,Euteliidae,Paectes,Paectes abrostoloides,595,7/27/2017,HickoryBottoms,B,7/12/2017,142,Single
7272017HBB5,OTU185,GS,100,BOLD:AAA7667,Animalia,Arthropoda,Insecta,Lepidoptera,Tortricidae,Acleris,Acleris chalybeana,85,7/27/2017,HickoryBottoms,B,7/12/2017,142,Single
7272017HBB5,OTU203,GS,100,BOLD:AAB0603,Animalia,Arthropoda,Insecta,Lepidoptera,Gelechiidae,Pseudotelphusa,Pseudotelphusa quercinigracella,189,7/27/2017,HickoryBottoms,B,7/12/2017,142,Single
7272017HBB5,OTU238,GS,100,BOLD:AAC2281,Animalia,Arthropoda,Insecta,Diptera,Culicidae,Anopheles,Anopheles quadrimaculatus,50,7/27/2017,HickoryBottoms,B,7/12/2017,142,Single
7272017HBB5,OTU244,GS,100,BOLD:AAB1096,Animalia,Arthropoda,Insecta,Lepidoptera,Blastobasidae,Blastobasis,Blastobasis glandulella,68,7/27/2017,HickoryBottoms,B,7/12/2017,142,Single
7272017HBB5,OTU245,US,1,None,Animalia,Arthropoda,Insecta,Hemiptera,NA,NA,NA,2136,7/27/2017,HickoryBottoms,B,7/12/2017,142,Single
7272017HBB5,OTU254,GS,100,BOLD:AAG8977,Animalia,Arthropoda,Insecta,Hemiptera,Derbidae,Apache,Apache degeerii,27,7/27/2017,HickoryBottoms,B,7/12/2017,142,Single
7272017HBB5,OTU309,GS,100,BOLD:AAH5582,Animalia,Arthropoda,Insecta,Lepidoptera,Gelechiidae,Battaristis,NA,86,7/27/2017,HickoryBottoms,B,7/12/2017,142,Single
7272017HBB5,OTU310,GS,100,BOLD:ABX7479,Animalia,Arthropoda,Insecta,Diptera,Chironomidae,Parachironomus,NA,301,7/27/2017,HickoryBottoms,B,7/12/2017,142,Single
7272017HBB5,OTU325,GS,100,BOLD:AAB6013,Animalia,Arthropoda,Insecta,Lepidoptera,Tortricidae,Phaecasiophora,Phaecasiophora confixana,172,7/27/2017,HickoryBottoms,B,7/12/2017,142,Single
7272017HBB5,OTU346,US,0,None,Animalia,Arthropoda,Insecta,Hymenoptera,NA,NA,NA,355,7/27/2017,HickoryBottoms,B,7/12/2017,142,Single
7272017HBB5,OTU410,SS,0.26,BOLD:ABZ3458,Animalia,Arthropoda,Insecta,Lepidoptera,NA,NA,NA,77,7/27/2017,HickoryBottoms,B,7/12/2017,142,Single
7272017HBB5,OTU424,GS,100,BOLD:ABZ3656,Animalia,Arthropoda,Insecta,Lepidoptera,Depressariidae,Psilocorsis,Psilocorsis reflexella,159,7/27/2017,HickoryBottoms,B,7/12/2017,142,Single
7272017HBB5,OTU562,GS,100,BOLD:AAF8473,Animalia,Arthropoda,Insecta,Coleoptera,Chrysomelidae,Diabrotica,Diabrotica undecimpunctata,159,7/27/2017,HickoryBottoms,B,7/12/2017,142,Single
7272017HBB5,OTU584,SS,0.59,BOLD:ACN8830,Animalia,Arthropoda,Insecta,Diptera,NA,NA,NA,396,7/27/2017,HickoryBottoms,B,7/12/2017,142,Single
7272017HBB5,OTU610,GS,99.4,BOLD:AAG2712,Animalia,Arthropoda,Insecta,Orthoptera,Tettigoniidae,Scudderia,Scudderia furcata,53,7/27/2017,HickoryBottoms,B,7/12/2017,142,Single
7272017HBB5,OTU637,US,0.9934,BOLD:AAH6851,Animalia,Arthropoda,Insecta,Coleoptera,NA,NA,NA,206,7/27/2017,HickoryBottoms,B,7/12/2017,142,Single
7272017HBB5,OTU655,SS,0.61,BOLD:AAA3776,Animalia,Arthropoda,Insecta,Diptera,NA,NA,NA,75,7/27/2017,HickoryBottoms,B,7/12/2017,142,Single
7272017HBB5,OTU667,GS,97.7,BOLD:ACW2548,Animalia,Arthropoda,Insecta,Diptera,NA,NA,NA,68,7/27/2017,HickoryBottoms,B,7/12/2017,142,Single
7272017HBB5,OTU681,US,0.2833,BOLD:ACW2042,Animalia,Arthropoda,Insecta,Trichoptera,NA,NA,NA,233,7/27/2017,HickoryBottoms,B,7/12/2017,142,Single
7272017HBB5,OTU730,GS,99.4,BOLD:AAA9619,Animalia,Arthropoda,Insecta,Lepidoptera,Tortricidae,Cenopis,Cenopis reticulatana,213,7/27/2017,HickoryBottoms,B,7/12/2017,142,Single
7272017HBB5,OTU769,GS,100,BOLD:AAE8646,Animalia,Arthropoda,Insecta,Hymenoptera,Formicidae,Solenopsis,Solenopsis molesta,8,7/27/2017,HickoryBottoms,B,7/12/2017,142,Single
7272017HBB5,OTU881,GS,100,BOLD:AAM6177,Animalia,Arthropoda,Insecta,Diptera,Clusiidae,Sobarocephala,Sobarocephala lachnosternum,80,7/27/2017,HickoryBottoms,B,7/12/2017,142,Single
7272017HBB5,OTU914,US,0,BOLD:ACL5453,Animalia,Arthropoda,Insecta,Hymenoptera,NA,NA,NA,1,7/27/2017,HickoryBottoms,B,7/12/2017,142,Single
7272017HBB5,OTU935,SS,0.01,BOLD:AAO3940,Animalia,Arthropoda,Insecta,Diptera,Limoniidae,Rhipidia,NA,6,7/27/2017,HickoryBottoms,B,7/12/2017,142,Single
7272017HBB5,OTU964,GS,98.2,BOLD:AAG5460,Animalia,Arthropoda,Insecta,Diptera,Chironomidae,NA,NA,111,7/27/2017,HickoryBottoms,B,7/12/2017,142,Single
7272017HBB5,OTU967,US,1,BOLD:ACR8716,Animalia,Arthropoda,Insecta,Lepidoptera,NA,NA,NA,117,7/27/2017,HickoryBottoms,B,7/12/2017,142,Single
7272017HBB5,OTU986,GS,99.4,BOLD:ABV0488,Animalia,Arthropoda,Insecta,Diptera,Cecidomyiidae,NA,NA,104,7/27/2017,HickoryBottoms,B,7/12/2017,142,Single
7272017HBB5,OTU1007,GS,100,BOLD:AAB9820,Animalia,Arthropoda,Insecta,Lepidoptera,Autostichidae,Glyphidocera,Glyphidocera dimorphella,106,7/27/2017,HickoryBottoms,B,7/12/2017,142,Single
7272017HBB5,OTU1210,GS,97.2,BOLD:AAF4632,Animalia,Arthropoda,Insecta,Diptera,Limoniidae,Epiphragma,Epiphragma solatrix,50,7/27/2017,HickoryBottoms,B,7/12/2017,142,Single
7272017HBB5,OTU1234,GS,100,BOLD:AAC7661,Animalia,Arthropoda,Insecta,Lepidoptera,Tortricidae,Pristerognatha,Pristerognatha fuligana,67,7/27/2017,HickoryBottoms,B,7/12/2017,142,Single
7272017HBB5,OTU1265,SS,0.83,BOLD:AAF4632,Animalia,Arthropoda,Insecta,Diptera,Limoniidae,Epiphragma,Epiphragma solatrix,15,7/27/2017,HickoryBottoms,B,7/12/2017,142,Single
7272017HBB5,OTU1344,SS,0.69,BOLD:AAX0364,Animalia,Arthropoda,Insecta,Diptera,NA,NA,NA,71,7/27/2017,HickoryBottoms,B,7/12/2017,142,Single
7272017HBB5,OTU1361,GS,100,BOLD:AAC0584,Animalia,Arthropoda,Insecta,Diptera,Culicidae,Anopheles,Anopheles punctipennis,55,7/27/2017,HickoryBottoms,B,7/12/2017,142,Single
7272017HBB5,OTU1494,US,0.8732,BOLD:AAF4632,Animalia,Arthropoda,Insecta,Diptera,NA,NA,NA,6,7/27/2017,HickoryBottoms,B,7/12/2017,142,Single
7272017HBB5,OTU1504,SS,0.08,BOLD:ACB5181,Animalia,Arthropoda,Insecta,Diptera,NA,NA,NA,50,7/27/2017,HickoryBottoms,B,7/12/2017,142,Single
7272017HBB5,OTU1554,SS,0.92,BOLD:AAP2734,Animalia,Arthropoda,Insecta,Diptera,Limoniidae,Erioptera,Erioptera parva,23,7/27/2017,HickoryBottoms,B,7/12/2017,142,Single
7272017HBB5,OTU1575,SS,0.94,BOLD:AAM6177,Animalia,Arthropoda,Insecta,Diptera,Clusiidae,Sobarocephala,Sobarocephala lachnosternum,4,7/27/2017,HickoryBottoms,B,7/12/2017,142,Single
7272017HBB5,OTU1656,US,0.9715,BOLD:AAD6798,Animalia,Arthropoda,Insecta,Diptera,NA,NA,NA,1,7/27/2017,HickoryBottoms,B,7/12/2017,142,Single
7272017HBB5,OTU1683,SS,0.84,BOLD:AAF4632,Animalia,Arthropoda,Insecta,Diptera,Limoniidae,Epiphragma,Epiphragma solatrix,15,7/27/2017,HickoryBottoms,B,7/12/2017,142,Single
7272017HBB5,OTU1699,GS,99.4,BOLD:ACA8387,Animalia,Arthropoda,Insecta,Hemiptera,Delphacidae,Pissonotus,Pissonotus flabellatus,24,7/27/2017,HickoryBottoms,B,7/12/2017,142,Single
7272017HBB5,OTU1764,US,0.9934,BOLD:ACQ7934,Animalia,Arthropoda,Insecta,Hymenoptera,NA,NA,NA,8,7/27/2017,HickoryBottoms,B,7/12/2017,142,Single
7272017HBB5,OTU1782,US,0.9249,BOLD:AAO3940,Animalia,Arthropoda,Insecta,Diptera,NA,NA,NA,4,7/27/2017,HickoryBottoms,B,7/12/2017,142,Single
7272017HBB5,OTU1834,SS,0.74,BOLD:AAF4632,Animalia,Arthropoda,Insecta,Diptera,NA,NA,NA,106,7/27/2017,HickoryBottoms,B,7/12/2017,142,Single
7272017HBB6,OTU1,US,0.0026,BOLD:AAD6798,Animalia,Arthropoda,Insecta,Diptera,NA,NA,NA,29893,7/27/2017,HickoryBottoms,B,7/12/2017,142,Single
7272017HBB6,OTU88,GS,100,BOLD:AAE0434,Animalia,Arthropoda,Insecta,Diptera,Culicidae,Uranotaenia,Uranotaenia sapphirina,46,7/27/2017,HickoryBottoms,B,7/12/2017,142,Single
7272017HBB6,OTU397,GS,100,BOLD:ACA9043,Animalia,Arthropoda,Insecta,Coleoptera,NA,NA,NA,14,7/27/2017,HickoryBottoms,B,7/12/2017,142,Single
7272017HBB6,OTU636,GS,99.4,BOLD:AAM6230,Animalia,Arthropoda,Insecta,Diptera,Chironomidae,Chironomus,NA,8,7/27/2017,HickoryBottoms,B,7/12/2017,142,Single
7272017HBB6,OTU828,US,1,None,Animalia,Arthropoda,Insecta,Orthoptera,NA,NA,NA,129,7/27/2017,HickoryBottoms,B,7/12/2017,142,Single
7272017HBB6,OTU929,GS,100,BOLD:AAA5051,Animalia,Arthropoda,Insecta,Lepidoptera,Crambidae,Desmia,Desmia funeralis,6,7/27/2017,HickoryBottoms,B,7/12/2017,142,Single
7272017HBB6,OTU958,US,0.2887,BOLD:AAQ0247,Animalia,Arthropoda,Insecta,Hemiptera,NA,NA,NA,6,7/27/2017,HickoryBottoms,B,7/12/2017,142,Single
7272017HBB6,OTU1051,US,0.2887,BOLD:ACJ2256,Animalia,Arthropoda,Insecta,Trichoptera,NA,NA,NA,7,7/27/2017,HickoryBottoms,B,7/12/2017,142,Single
7272017HBB6,OTU1067,GS,99.4,BOLD:AAD1612,Animalia,Arthropoda,Insecta,Lepidoptera,Tortricidae,Rhyacionia,Rhyacionia frustrana,1,7/27/2017,HickoryBottoms,B,7/12/2017,142,Single
7272017HBB6,OTU1834,SS,0.74,BOLD:AAF4632,Animalia,Arthropoda,Insecta,Diptera,NA,NA,NA,22,7/27/2017,HickoryBottoms,B,7/12/2017,142,Single
7272017HBB7,OTU1,US,0.0026,BOLD:AAD6798,Animalia,Arthropoda,Insecta,Diptera,NA,NA,NA,15103,7/27/2017,HickoryBottoms,B,7/12/2017,142,Single
7272017HBB7,OTU5,GS,99.4,BOLD:AAN5451,Animalia,Arthropoda,Arachnida,Araneae,Araneidae,Eustala,NA,5659,7/27/2017,HickoryBottoms,B,7/12/2017,142,Single
7272017HBB7,OTU7,GS,100,BOLD:AAF4632,Animalia,Arthropoda,Insecta,Diptera,Limoniidae,Epiphragma,Epiphragma solatrix,1168,7/27/2017,HickoryBottoms,B,7/12/2017,142,Single
7272017HBB7,OTU11,GS,99.4,BOLD:AAG3848,Animalia,Arthropoda,Insecta,Diptera,Culicidae,Culex,Culex erraticus,1665,7/27/2017,HickoryBottoms,B,7/12/2017,142,Single
7272017HBB7,OTU14,GS,99.4,BOLD:AAO3940,Animalia,Arthropoda,Insecta,Diptera,Limoniidae,Rhipidia,NA,1596,7/27/2017,HickoryBottoms,B,7/12/2017,142,Single
7272017HBB7,OTU118,US,1,None,Animalia,Arthropoda,Arachnida,Mesostigmata,NA,NA,NA,393,7/27/2017,HickoryBottoms,B,7/12/2017,142,Single
7272017HBB7,OTU125,GS,100,BOLD:ACX4440,Animalia,Arthropoda,Insecta,Coleoptera,NA,NA,NA,1257,7/27/2017,HickoryBottoms,B,7/12/2017,142,Single
7272017HBB7,OTU158,GS,100,BOLD:AAH3230,Animalia,Arthropoda,Insecta,Psocodea,Psocidae,NA,NA,408,7/27/2017,HickoryBottoms,B,7/12/2017,142,Single
7272017HBB7,OTU198,GS,99.4,BOLD:ABZ1242,Animalia,Arthropoda,Insecta,Diptera,Chironomidae,NA,NA,389,7/27/2017,HickoryBottoms,B,7/12/2017,142,Single
7272017HBB7,OTU203,GS,100,BOLD:AAB0603,Animalia,Arthropoda,Insecta,Lepidoptera,Gelechiidae,Pseudotelphusa,Pseudotelphusa quercinigracella,435,7/27/2017,HickoryBottoms,B,7/12/2017,142,Single
7272017HBB7,OTU206,GS,99.4,BOLD:AAN8390,Animalia,Arthropoda,Insecta,Hemiptera,Miridae,Neurocolpus,Neurocolpus nubilus,3407,7/27/2017,HickoryBottoms,B,7/12/2017,142,Single
7272017HBB7,OTU230,GS,100,BOLD:AAG3850,Animalia,Arthropoda,Insecta,Diptera,Culicidae,Psorophora,Psorophora columbiae,1421,7/27/2017,HickoryBottoms,B,7/12/2017,142,Single
7272017HBB7,OTU238,GS,100,BOLD:AAC2281,Animalia,Arthropoda,Insecta,Diptera,Culicidae,Anopheles,Anopheles quadrimaculatus,18,7/27/2017,HickoryBottoms,B,7/12/2017,142,Single
7272017HBB7,OTU254,GS,100,BOLD:AAG8977,Animalia,Arthropoda,Insecta,Hemiptera,Derbidae,Apache,Apache degeerii,161,7/27/2017,HickoryBottoms,B,7/12/2017,142,Single
7272017HBB7,OTU319,US,0,None,Animalia,Arthropoda,Arachnida,Mesostigmata,NA,NA,NA,364,7/27/2017,HickoryBottoms,B,7/12/2017,142,Single
7272017HBB7,OTU357,GS,98.9,BOLD:ABX3356,Animalia,Arthropoda,Insecta,Diptera,Chironomidae,Chironomus,NA,39,7/27/2017,HickoryBottoms,B,7/12/2017,142,Single
7272017HBB7,OTU408,GS,100,BOLD:AAA2955,Animalia,Arthropoda,Insecta,Lepidoptera,Tortricidae,Argyrotaenia,Argyrotaenia ljungiana,148,7/27/2017,HickoryBottoms,B,7/12/2017,142,Single
7272017HBB7,OTU410,SS,0.26,BOLD:ABZ3458,Animalia,Arthropoda,Insecta,Lepidoptera,NA,NA,NA,40,7/27/2017,HickoryBottoms,B,7/12/2017,142,Single
7272017HBB7,OTU425,GS,98.9,BOLD:ACC4755,Animalia,Arthropoda,Insecta,Diptera,Culicidae,Aedes,Aedes atlanticus,512,7/27/2017,HickoryBottoms,B,7/12/2017,142,Single
7272017HBB7,OTU778,GS,100,BOLD:AAB5798,Animalia,Arthropoda,Insecta,Lepidoptera,Erebidae,Isogona,Isogona tenuis,135,7/27/2017,HickoryBottoms,B,7/12/2017,142,Single
7272017HBB7,OTU935,SS,0.01,BOLD:AAO3940,Animalia,Arthropoda,Insecta,Diptera,Limoniidae,Rhipidia,NA,5,7/27/2017,HickoryBottoms,B,7/12/2017,142,Single
7272017HBB7,OTU1097,GS,97.2,BOLD:AAN5451,Animalia,Arthropoda,Arachnida,Araneae,Araneidae,Eustala,NA,72,7/27/2017,HickoryBottoms,B,7/12/2017,142,Single
7272017HBB7,OTU1156,GS,100,BOLD:ABX9810,Animalia,Arthropoda,Insecta,Diptera,NA,NA,NA,91,7/27/2017,HickoryBottoms,B,7/12/2017,142,Single
7272017HBB7,OTU1210,GS,97.2,BOLD:AAF4632,Animalia,Arthropoda,Insecta,Diptera,Limoniidae,Epiphragma,Epiphragma solatrix,10,7/27/2017,HickoryBottoms,B,7/12/2017,142,Single
7272017HBB7,OTU1213,SS,1,BOLD:AAG8977,Animalia,Arthropoda,Insecta,Hemiptera,Derbidae,Apache,Apache degeerii,33,7/27/2017,HickoryBottoms,B,7/12/2017,142,Single
7272017HBB7,OTU1265,SS,0.83,BOLD:AAF4632,Animalia,Arthropoda,Insecta,Diptera,Limoniidae,Epiphragma,Epiphragma solatrix,4,7/27/2017,HickoryBottoms,B,7/12/2017,142,Single
7272017HBB7,OTU1317,SS,0.01,BOLD:AAN5451,Animalia,Arthropoda,Arachnida,Araneae,Araneidae,Eustala,NA,5,7/27/2017,HickoryBottoms,B,7/12/2017,142,Single
7272017HBB7,OTU1361,GS,100,BOLD:AAC0584,Animalia,Arthropoda,Insecta,Diptera,Culicidae,Anopheles,Anopheles punctipennis,1,7/27/2017,HickoryBottoms,B,7/12/2017,142,Single
7272017HBB7,OTU1636,SS,0.74,BOLD:AAF4632,Animalia,Arthropoda,Insecta,NA,NA,NA,NA,2,7/27/2017,HickoryBottoms,B,7/12/2017,142,Single
7272017HBB7,OTU1652,GS,100,BOLD:AAB7005,Animalia,Arthropoda,Insecta,Lepidoptera,Noctuidae,Acronicta,Acronicta interrupta,22,7/27/2017,HickoryBottoms,B,7/12/2017,142,Single
7272017HBB7,OTU1656,US,0.9715,BOLD:AAD6798,Animalia,Arthropoda,Insecta,Diptera,NA,NA,NA,4,7/27/2017,HickoryBottoms,B,7/12/2017,142,Single
7272017HBB7,OTU1748,SS,0.6,BOLD:ACF8409,Animalia,Arthropoda,Insecta,Diptera,NA,NA,NA,2,7/27/2017,HickoryBottoms,B,7/12/2017,142,Single
7272017HBB7,OTU1756,SS,0.97,BOLD:AAG3848,Animalia,Arthropoda,Insecta,Diptera,Culicidae,Culex,Culex erraticus,2,7/27/2017,HickoryBottoms,B,7/12/2017,142,Single
7272017HBB7,OTU1818,GS,97.9,BOLD:AAF4632,Animalia,Arthropoda,Insecta,Diptera,Limoniidae,Epiphragma,Epiphragma solatrix,2,7/27/2017,HickoryBottoms,B,7/12/2017,142,Single
7272017HBB7,OTU1834,SS,0.74,BOLD:AAF4632,Animalia,Arthropoda,Insecta,Diptera,NA,NA,NA,33,7/27/2017,HickoryBottoms,B,7/12/2017,142,Single
7272017HBB7,OTU1871,SS,0.85,BOLD:AAG3848,Animalia,Arthropoda,Insecta,Diptera,Culicidae,Culex,Culex erraticus,3,7/27/2017,HickoryBottoms,B,7/12/2017,142,Single
7272017HBB7,OTU1906,US,0.9934,BOLD:ACV5754,Animalia,Arthropoda,Insecta,Lepidoptera,NA,NA,NA,9,7/27/2017,HickoryBottoms,B,7/12/2017,142,Single
7272017HBB8,OTU1,US,0.0026,BOLD:AAD6798,Animalia,Arthropoda,Insecta,Diptera,NA,NA,NA,15842,7/27/2017,HickoryBottoms,B,7/12/2017,142,Single
7272017HBB8,OTU5,GS,99.4,BOLD:AAN5451,Animalia,Arthropoda,Arachnida,Araneae,Araneidae,Eustala,NA,888,7/27/2017,HickoryBottoms,B,7/12/2017,142,Single
7272017HBB8,OTU7,GS,100,BOLD:AAF4632,Animalia,Arthropoda,Insecta,Diptera,Limoniidae,Epiphragma,Epiphragma solatrix,727,7/27/2017,HickoryBottoms,B,7/12/2017,142,Single
7272017HBB8,OTU129,GS,100,BOLD:AAG2647,Animalia,Arthropoda,Insecta,Diptera,Chaoboridae,Chaoborus,Chaoborus punctipennis,52,7/27/2017,HickoryBottoms,B,7/12/2017,142,Single
7272017HBB8,OTU161,GS,100,BOLD:AAA8840,Animalia,Arthropoda,Insecta,Lepidoptera,Tortricidae,Pandemis,Pandemis lamprosana,41,7/27/2017,HickoryBottoms,B,7/12/2017,142,Single
7272017HBB8,OTU235,GS,100,BOLD:AAG3918,Animalia,Arthropoda,Insecta,Diptera,Chironomidae,Procladius,NA,96,7/27/2017,HickoryBottoms,B,7/12/2017,142,Single
7272017HBB8,OTU246,GS,100,BOLD:AAG8483,Animalia,Arthropoda,Insecta,Diptera,Chironomidae,Xenochironomus,Xenochironomus xenolabis,1188,7/27/2017,HickoryBottoms,B,7/12/2017,142,Single
7272017HBB8,OTU354,SS,0.48,BOLD:AAM6278,Animalia,Arthropoda,Insecta,Diptera,NA,NA,NA,19,7/27/2017,HickoryBottoms,B,7/12/2017,142,Single
7272017HBB8,OTU662,GS,98.6,BOLD:AAU1776,Animalia,Arthropoda,Insecta,Hymenoptera,Formicidae,NA,NA,2,7/27/2017,HickoryBottoms,B,7/12/2017,142,Single
7272017HBB8,OTU664,US,0.986,BOLD:ACM8198,Animalia,Arthropoda,Insecta,Coleoptera,NA,NA,NA,10,7/27/2017,HickoryBottoms,B,7/12/2017,142,Single
7272017HBB8,OTU769,GS,100,BOLD:AAE8646,Animalia,Arthropoda,Insecta,Hymenoptera,Formicidae,Solenopsis,Solenopsis molesta,22,7/27/2017,HickoryBottoms,B,7/12/2017,142,Single
7272017HBB8,OTU1242,GS,98.9,BOLD:AAW9539,Animalia,Arthropoda,Insecta,Diptera,Culicidae,Orthopodomyia,Orthopodomyia signifera,20,7/27/2017,HickoryBottoms,B,7/12/2017,142,Single
7272017HBB8,OTU1534,GS,100,BOLD:AAH9588,Animalia,Arthropoda,Insecta,Hemiptera,Aphididae,Shivaphis,Shivaphis celti,1,7/27/2017,HickoryBottoms,B,7/12/2017,142,Single
7272017HBB8,OTU1543,GS,100,BOLD:ABX8929,Animalia,Arthropoda,Insecta,Coleoptera,NA,NA,NA,14,7/27/2017,HickoryBottoms,B,7/12/2017,142,Single
7272017HBB8,OTU1772,GS,98.9,BOLD:ACA3275,Animalia,Arthropoda,Insecta,Diptera,Chironomidae,Dicrotendipes,NA,4,7/27/2017,HickoryBottoms,B,7/12/2017,142,Single
7272017HBB8,OTU1806,US,0.9967,BOLD:ACU3085,Animalia,Arthropoda,Insecta,Coleoptera,NA,NA,NA,18,7/27/2017,HickoryBottoms,B,7/12/2017,142,Single
7272017HBB8,OTU1834,SS,0.74,BOLD:AAF4632,Animalia,Arthropoda,Insecta,Diptera,NA,NA,NA,9,7/27/2017,HickoryBottoms,B,7/12/2017,142,Single
7272017HBB9,OTU1,US,0.0026,BOLD:AAD6798,Animalia,Arthropoda,Insecta,Diptera,NA,NA,NA,1564,7/27/2017,HickoryBottoms,B,7/12/2017,142,Single
7272017HBB9,OTU15,GS,100,BOLD:ABZ0908,Animalia,Arthropoda,Insecta,Diptera,Tipulidae,Nephrotoma,Nephrotoma ferruginea,19945,7/27/2017,HickoryBottoms,B,7/12/2017,142,Single
7272017HBB9,OTU129,GS,100,BOLD:AAG2647,Animalia,Arthropoda,Insecta,Diptera,Chaoboridae,Chaoborus,Chaoborus punctipennis,268,7/27/2017,HickoryBottoms,B,7/12/2017,142,Single
7272017HBB9,OTU141,GS,100,BOLD:ABX6186,Animalia,Arthropoda,Insecta,Diptera,Tipulidae,Nephrotoma,Nephrotoma ferruginea,19,7/27/2017,HickoryBottoms,B,7/12/2017,142,Single
7272017HBB9,OTU165,US,0.9936,BOLD:ACF8271,Animalia,Arthropoda,Insecta,Diptera,NA,NA,NA,35,7/27/2017,HickoryBottoms,B,7/12/2017,142,Single
7272017HBB9,OTU259,US,0.9963,BOLD:AAL6280,Animalia,Arthropoda,Arachnida,Araneae,NA,NA,NA,4,7/27/2017,HickoryBottoms,B,7/12/2017,142,Single
7272017HBB9,OTU425,GS,98.9,BOLD:ACC4755,Animalia,Arthropoda,Insecta,Diptera,Culicidae,Aedes,Aedes atlanticus,189,7/27/2017,HickoryBottoms,B,7/12/2017,142,Single
7272017HBB9,OTU505,US,1,BOLD:ACA7881,Animalia,Arthropoda,Insecta,Diptera,NA,NA,NA,27,7/27/2017,HickoryBottoms,B,7/12/2017,142,Single
7272017HBB9,OTU580,GS,98.3,BOLD:ABZ0908,Animalia,Arthropoda,Insecta,Diptera,Tipulidae,Nephrotoma,Nephrotoma ferruginea,86,7/27/2017,HickoryBottoms,B,7/12/2017,142,Single
7272017HBB9,OTU588,GS,100,BOLD:AAC9435,Animalia,Arthropoda,Insecta,Lepidoptera,Glyphipterigidae,Acrolepiopsis,Acrolepiopsis incertella,4,7/27/2017,HickoryBottoms,B,7/12/2017,142,Single
7272017HBB9,OTU609,GS,100,BOLD:AAG1032,Animalia,Arthropoda,Insecta,Lepidoptera,NA,NA,NA,4,7/27/2017,HickoryBottoms,B,7/12/2017,142,Single
7272017HBB9,OTU709,GS,97.8,BOLD:ABW4416,Animalia,Arthropoda,Insecta,Diptera,NA,NA,NA,3,7/27/2017,HickoryBottoms,B,7/12/2017,142,Single
7272017HBB9,OTU955,US,0.0093,BOLD:ACC7925,Animalia,Arthropoda,Insecta,Lepidoptera,NA,NA,NA,36,7/27/2017,HickoryBottoms,B,7/12/2017,142,Single
7272017HBB9,OTU972,GS,97.2,BOLD:ACU7377,Animalia,Arthropoda,Insecta,Diptera,Cecidomyiidae,NA,NA,3,7/27/2017,HickoryBottoms,B,7/12/2017,142,Single
7272017HBB9,OTU973,US,0,BOLD:ACW5825,Animalia,Arthropoda,Arachnida,Trombidiformes,NA,NA,NA,144,7/27/2017,HickoryBottoms,B,7/12/2017,142,Single
7272017HBB9,OTU1080,GS,100,BOLD:AAB9450,Animalia,Arthropoda,Insecta,Lepidoptera,NA,NA,NA,2,7/27/2017,HickoryBottoms,B,7/12/2017,142,Single
7272017HBB9,OTU1116,SS,0.5,BOLD:ABZ0908,Animalia,Arthropoda,Insecta,Diptera,NA,NA,NA,69,7/27/2017,HickoryBottoms,B,7/12/2017,142,Single
7272017HBB9,OTU1714,SS,0.8,BOLD:ABX6186,Animalia,Arthropoda,Insecta,Diptera,Tipulidae,Nephrotoma,Nephrotoma ferruginea,2,7/27/2017,HickoryBottoms,B,7/12/2017,142,Single
7272017HBC1,OTU3,GS,100,BOLD:AAP2734,Animalia,Arthropoda,Insecta,Diptera,Limoniidae,Erioptera,Erioptera parva,23854,7/27/2017,HickoryBottoms,C,7/12/2017,68,Single
7272017HBC1,OTU5,GS,99.4,BOLD:AAN5451,Animalia,Arthropoda,Arachnida,Araneae,Araneidae,Eustala,NA,615,7/27/2017,HickoryBottoms,C,7/12/2017,68,Single
7272017HBC1,OTU11,GS,99.4,BOLD:AAG3848,Animalia,Arthropoda,Insecta,Diptera,Culicidae,Culex,Culex erraticus,319,7/27/2017,HickoryBottoms,C,7/12/2017,68,Single
7272017HBC1,OTU14,GS,99.4,BOLD:AAO3940,Animalia,Arthropoda,Insecta,Diptera,Limoniidae,Rhipidia,NA,7343,7/27/2017,HickoryBottoms,C,7/12/2017,68,Single
7272017HBC1,OTU34,GS,100,BOLD:AAM6211,Animalia,Arthropoda,Insecta,Diptera,Chironomidae,Glyptotendipes,NA,268,7/27/2017,HickoryBottoms,C,7/12/2017,68,Single
7272017HBC1,OTU88,GS,100,BOLD:AAE0434,Animalia,Arthropoda,Insecta,Diptera,Culicidae,Uranotaenia,Uranotaenia sapphirina,35,7/27/2017,HickoryBottoms,C,7/12/2017,68,Single
7272017HBC1,OTU192,SS,0.12,BOLD:ACF9102,Animalia,Arthropoda,Insecta,Diptera,NA,NA,NA,715,7/27/2017,HickoryBottoms,C,7/12/2017,68,Single
7272017HBC1,OTU198,GS,99.4,BOLD:ABZ1242,Animalia,Arthropoda,Insecta,Diptera,Chironomidae,NA,NA,6,7/27/2017,HickoryBottoms,C,7/12/2017,68,Single
7272017HBC1,OTU203,GS,100,BOLD:AAB0603,Animalia,Arthropoda,Insecta,Lepidoptera,Gelechiidae,Pseudotelphusa,Pseudotelphusa quercinigracella,44,7/27/2017,HickoryBottoms,C,7/12/2017,68,Single
7272017HBC1,OTU230,GS,100,BOLD:AAG3850,Animalia,Arthropoda,Insecta,Diptera,Culicidae,Psorophora,Psorophora columbiae,170,7/27/2017,HickoryBottoms,C,7/12/2017,68,Single
7272017HBC1,OTU244,GS,100,BOLD:AAB1096,Animalia,Arthropoda,Insecta,Lepidoptera,Blastobasidae,Blastobasis,Blastobasis glandulella,25,7/27/2017,HickoryBottoms,C,7/12/2017,68,Single
7272017HBC1,OTU269,GS,97.2,BOLD:AAP9050,Animalia,Arthropoda,Insecta,Diptera,Ceratopogonidae,NA,NA,33,7/27/2017,HickoryBottoms,C,7/12/2017,68,Single
7272017HBC1,OTU270,GS,100,BOLD:AAB6541,Animalia,Arthropoda,Insecta,Lepidoptera,Gelechiidae,Coleotechnites,Coleotechnites florae,31,7/27/2017,HickoryBottoms,C,7/12/2017,68,Single
7272017HBC1,OTU314,GS,98.9,BOLD:AAB0603,Animalia,Arthropoda,Insecta,Lepidoptera,Gelechiidae,Pseudotelphusa,Pseudotelphusa quercinigracella,31,7/27/2017,HickoryBottoms,C,7/12/2017,68,Single
7272017HBC1,OTU352,GS,100,BOLD:AAM7592,Animalia,Arthropoda,Insecta,Coleoptera,Heteroceridae,Tropicus,Tropicus pusillus,13,7/27/2017,HickoryBottoms,C,7/12/2017,68,Single
7272017HBC1,OTU360,US,0.9803,BOLD:ACA7899,Animalia,Arthropoda,Insecta,Lepidoptera,NA,NA,NA,8,7/27/2017,HickoryBottoms,C,7/12/2017,68,Single
7272017HBC1,OTU396,SS,0.98,BOLD:AAP2734,Animalia,Arthropoda,Insecta,Diptera,Limoniidae,Erioptera,Erioptera parva,40,7/27/2017,HickoryBottoms,C,7/12/2017,68,Single
7272017HBC1,OTU410,SS,0.26,BOLD:ABZ3458,Animalia,Arthropoda,Insecta,Lepidoptera,NA,NA,NA,9,7/27/2017,HickoryBottoms,C,7/12/2017,68,Single
7272017HBC1,OTU463,SS,0.21,BOLD:AAF2681,Animalia,Arthropoda,Insecta,Lepidoptera,NA,NA,NA,6,7/27/2017,HickoryBottoms,C,7/12/2017,68,Single
7272017HBC1,OTU767,GS,100,BOLD:AAC7129,Animalia,Arthropoda,Insecta,Lepidoptera,Tischeriidae,Coptotriche,Coptotriche citrinipennella,2,7/27/2017,HickoryBottoms,C,7/12/2017,68,Single
7272017HBC1,OTU907,SS,0.01,BOLD:AAO3940,Animalia,Arthropoda,Insecta,Diptera,Limoniidae,Rhipidia,NA,12,7/27/2017,HickoryBottoms,C,7/12/2017,68,Single
7272017HBC1,OTU935,SS,0.01,BOLD:AAO3940,Animalia,Arthropoda,Insecta,Diptera,Limoniidae,Rhipidia,NA,25,7/27/2017,HickoryBottoms,C,7/12/2017,68,Single
7272017HBC1,OTU1053,US,1,BOLD:ACI5356,Animalia,Arthropoda,Insecta,Diptera,NA,NA,NA,4,7/27/2017,HickoryBottoms,C,7/12/2017,68,Single
7272017HBC1,OTU1108,GS,97.2,BOLD:AAB0603,Animalia,Arthropoda,Insecta,Lepidoptera,Gelechiidae,Pseudotelphusa,Pseudotelphusa quercinigracella,6,7/27/2017,HickoryBottoms,C,7/12/2017,68,Single
7272017HBC1,OTU1137,GS,100,BOLD:AAE0697,Animalia,Arthropoda,Insecta,Lepidoptera,Autostichidae,Glyphidocera,Glyphidocera juniperella,3,7/27/2017,HickoryBottoms,C,7/12/2017,68,Single
7272017HBC1,OTU1210,GS,97.2,BOLD:AAF4632,Animalia,Arthropoda,Insecta,Diptera,Limoniidae,Epiphragma,Epiphragma solatrix,11,7/27/2017,HickoryBottoms,C,7/12/2017,68,Single
7272017HBC1,OTU1292,GS,97.8,BOLD:AAN5882,Animalia,Arthropoda,Insecta,Diptera,Limoniidae,Erioptera,Erioptera caliptera,11,7/27/2017,HickoryBottoms,C,7/12/2017,68,Single
7272017HBC1,OTU1317,SS,0.01,BOLD:AAN5451,Animalia,Arthropoda,Arachnida,Araneae,Araneidae,Eustala,NA,9,7/27/2017,HickoryBottoms,C,7/12/2017,68,Single
7272017HBC1,OTU1345,GS,100,BOLD:AAL7329,Animalia,Arthropoda,Insecta,Diptera,Chironomidae,Dicrotendipes,Dicrotendipes modestus,2,7/27/2017,HickoryBottoms,C,7/12/2017,68,Single
7272017HBC1,OTU1480,US,0.9249,BOLD:AAN5882,Animalia,Arthropoda,Insecta,Diptera,NA,NA,NA,2,7/27/2017,HickoryBottoms,C,7/12/2017,68,Single
7272017HBC1,OTU1494,US,0.8732,BOLD:AAF4632,Animalia,Arthropoda,Insecta,Diptera,NA,NA,NA,4,7/27/2017,HickoryBottoms,C,7/12/2017,68,Single
7272017HBC1,OTU1537,SS,0.66,BOLD:AAC1892,Animalia,Arthropoda,Insecta,NA,NA,NA,NA,1,7/27/2017,HickoryBottoms,C,7/12/2017,68,Single
7272017HBC1,OTU1554,SS,0.92,BOLD:AAP2734,Animalia,Arthropoda,Insecta,Diptera,Limoniidae,Erioptera,Erioptera parva,19,7/27/2017,HickoryBottoms,C,7/12/2017,68,Single
7272017HBC1,OTU1616,GS,99.4,BOLD:ABX1702,Animalia,Arthropoda,Insecta,Coleoptera,Staphylinidae,NA,NA,9,7/27/2017,HickoryBottoms,C,7/12/2017,68,Single
7272017HBC1,OTU1622,GS,97.2,BOLD:ACV1056,Animalia,Arthropoda,Arachnida,Trombidiformes,Scutacaridae,NA,NA,20,7/27/2017,HickoryBottoms,C,7/12/2017,68,Single
7272017HBC1,OTU1724,US,0.8732,BOLD:ABW0552,Animalia,Arthropoda,Insecta,Lepidoptera,NA,NA,NA,1,7/27/2017,HickoryBottoms,C,7/12/2017,68,Single
7272017HBC1,OTU1748,SS,0.6,BOLD:ACF8409,Animalia,Arthropoda,Insecta,Diptera,NA,NA,NA,1,7/27/2017,HickoryBottoms,C,7/12/2017,68,Single
7272017HBC1,OTU1756,SS,0.97,BOLD:AAG3848,Animalia,Arthropoda,Insecta,Diptera,Culicidae,Culex,Culex erraticus,1,7/27/2017,HickoryBottoms,C,7/12/2017,68,Single
7272017HBC1,OTU1782,US,0.9249,BOLD:AAO3940,Animalia,Arthropoda,Insecta,Diptera,NA,NA,NA,121,7/27/2017,HickoryBottoms,C,7/12/2017,68,Single
7272017HBC1,OTU1799,SS,0.24,BOLD:AAA4967,Animalia,Arthropoda,Insecta,Lepidoptera,NA,NA,NA,7,7/27/2017,HickoryBottoms,C,7/12/2017,68,Single
7272017HBC1,OTU1871,SS,0.85,BOLD:AAG3848,Animalia,Arthropoda,Insecta,Diptera,Culicidae,Culex,Culex erraticus,2,7/27/2017,HickoryBottoms,C,7/12/2017,68,Single
7272017HBC1,OTU1896,US,0.9201,BOLD:AAA0693,Animalia,Arthropoda,Insecta,Lepidoptera,NA,NA,NA,13,7/27/2017,HickoryBottoms,C,7/12/2017,68,Single
7272017HBC10,OTU11,GS,99.4,BOLD:AAG3848,Animalia,Arthropoda,Insecta,Diptera,Culicidae,Culex,Culex erraticus,778,7/27/2017,HickoryBottoms,C,7/12/2017,68,Single
7272017HBC10,OTU14,GS,99.4,BOLD:AAO3940,Animalia,Arthropoda,Insecta,Diptera,Limoniidae,Rhipidia,NA,294,7/27/2017,HickoryBottoms,C,7/12/2017,68,Single
7272017HBC10,OTU16,GS,100,BOLD:AAA7067,Animalia,Arthropoda,Insecta,Diptera,Culicidae,Aedes,Aedes vexans,923,7/27/2017,HickoryBottoms,C,7/12/2017,68,Single
7272017HBC10,OTU34,GS,100,BOLD:AAM6211,Animalia,Arthropoda,Insecta,Diptera,Chironomidae,Glyptotendipes,NA,81,7/27/2017,HickoryBottoms,C,7/12/2017,68,Single
7272017HBC10,OTU68,GS,100,BOLD:AAB7030,Animalia,Arthropoda,Insecta,Diptera,Chironomidae,Chironomus,Chironomus decorus,62,7/27/2017,HickoryBottoms,C,7/12/2017,68,Single
7272017HBC10,OTU143,SS,0.21,BOLD:ACW8718,Animalia,Arthropoda,Insecta,Diptera,NA,NA,NA,6254,7/27/2017,HickoryBottoms,C,7/12/2017,68,Single
7272017HBC10,OTU153,GS,100,BOLD:AAN8186,Animalia,Arthropoda,Insecta,Hymenoptera,NA,NA,NA,1986,7/27/2017,HickoryBottoms,C,7/12/2017,68,Single
7272017HBC10,OTU198,GS,99.4,BOLD:ABZ1242,Animalia,Arthropoda,Insecta,Diptera,Chironomidae,NA,NA,51,7/27/2017,HickoryBottoms,C,7/12/2017,68,Single
7272017HBC10,OTU203,GS,100,BOLD:AAB0603,Animalia,Arthropoda,Insecta,Lepidoptera,Gelechiidae,Pseudotelphusa,Pseudotelphusa quercinigracella,10,7/27/2017,HickoryBottoms,C,7/12/2017,68,Single
7272017HBC10,OTU230,GS,100,BOLD:AAG3850,Animalia,Arthropoda,Insecta,Diptera,Culicidae,Psorophora,Psorophora columbiae,4430,7/27/2017,HickoryBottoms,C,7/12/2017,68,Single
7272017HBC10,OTU257,GS,100,BOLD:AAA5803,Animalia,Arthropoda,Insecta,Hemiptera,Miridae,Lygus,Lygus lineolaris,276,7/27/2017,HickoryBottoms,C,7/12/2017,68,Single
7272017HBC10,OTU271,GS,98.9,BOLD:ABX3627,Animalia,Arthropoda,Insecta,Diptera,Limoniidae,NA,NA,15,7/27/2017,HickoryBottoms,C,7/12/2017,68,Single
7272017HBC10,OTU291,GS,100,BOLD:AAI2439,Animalia,Arthropoda,Insecta,Lepidoptera,Tineidae,Pelecystola,Pelecystola nearctica,211,7/27/2017,HickoryBottoms,C,7/12/2017,68,Single
7272017HBC10,OTU354,SS,0.48,BOLD:AAM6278,Animalia,Arthropoda,Insecta,Diptera,NA,NA,NA,228,7/27/2017,HickoryBottoms,C,7/12/2017,68,Single
7272017HBC10,OTU357,GS,98.9,BOLD:ABX3356,Animalia,Arthropoda,Insecta,Diptera,Chironomidae,Chironomus,NA,9,7/27/2017,HickoryBottoms,C,7/12/2017,68,Single
7272017HBC10,OTU371,GS,100,BOLD:ABX9756,Animalia,Arthropoda,Insecta,Diptera,NA,NA,NA,37,7/27/2017,HickoryBottoms,C,7/12/2017,68,Single
7272017HBC10,OTU410,SS,0.26,BOLD:ABZ3458,Animalia,Arthropoda,Insecta,Lepidoptera,NA,NA,NA,6,7/27/2017,HickoryBottoms,C,7/12/2017,68,Single
7272017HBC10,OTU463,SS,0.21,BOLD:AAF2681,Animalia,Arthropoda,Insecta,Lepidoptera,NA,NA,NA,40,7/27/2017,HickoryBottoms,C,7/12/2017,68,Single
7272017HBC10,OTU503,GS,99.4,BOLD:AAG6486,Animalia,Arthropoda,Insecta,Diptera,Ceratopogonidae,Bezzia,Bezzia nobilis,23,7/27/2017,HickoryBottoms,C,7/12/2017,68,Single
7272017HBC10,OTU573,GS,98.9,BOLD:AAB8921,Animalia,Arthropoda,Insecta,Lepidoptera,Zygaenidae,Harrisina,Harrisina americana,6,7/27/2017,HickoryBottoms,C,7/12/2017,68,Single
7272017HBC10,OTU576,GS,100,BOLD:AAA5192,Animalia,Arthropoda,Insecta,Lepidoptera,Tortricidae,Platynota,Platynota idaeusalis,11,7/27/2017,HickoryBottoms,C,7/12/2017,68,Single
7272017HBC10,OTU632,GS,97.8,BOLD:AAG6465,Animalia,Arthropoda,Insecta,Diptera,Ceratopogonidae,NA,NA,28,7/27/2017,HickoryBottoms,C,7/12/2017,68,Single
7272017HBC10,OTU639,US,0.9885,BOLD:ACI7589,Animalia,Arthropoda,Insecta,Coleoptera,NA,NA,NA,15,7/27/2017,HickoryBottoms,C,7/12/2017,68,Single
7272017HBC10,OTU655,SS,0.61,BOLD:AAA3776,Animalia,Arthropoda,Insecta,Diptera,NA,NA,NA,88,7/27/2017,HickoryBottoms,C,7/12/2017,68,Single
7272017HBC10,OTU656,GS,99.4,BOLD:AAZ0144,Animalia,Arthropoda,Insecta,Diptera,Chironomidae,Chironomus,NA,22,7/27/2017,HickoryBottoms,C,7/12/2017,68,Single
7272017HBC10,OTU658,US,0,BOLD:AAN5415,Animalia,Arthropoda,Insecta,Diptera,NA,NA,NA,24,7/27/2017,HickoryBottoms,C,7/12/2017,68,Single
7272017HBC10,OTU818,SS,0.77,BOLD:ABZ1405,Animalia,Arthropoda,Insecta,Hemiptera,NA,NA,NA,48,7/27/2017,HickoryBottoms,C,7/12/2017,68,Single
7272017HBC10,OTU1031,GS,100,BOLD:AAY2624,Animalia,Arthropoda,Insecta,Hemiptera,Aphididae,Grylloprociphilus,Grylloprociphilus imbricator,2,7/27/2017,HickoryBottoms,C,7/12/2017,68,Single
7272017HBC10,OTU1210,GS,97.2,BOLD:AAF4632,Animalia,Arthropoda,Insecta,Diptera,Limoniidae,Epiphragma,Epiphragma solatrix,6,7/27/2017,HickoryBottoms,C,7/12/2017,68,Single
7272017HBC10,OTU1236,GS,99.4,BOLD:AAN5354,Animalia,Arthropoda,Insecta,Diptera,Chironomidae,NA,NA,64,7/27/2017,HickoryBottoms,C,7/12/2017,68,Single
7272017HBC10,OTU1274,GS,98.9,BOLD:AAG6465,Animalia,Arthropoda,Insecta,Diptera,Ceratopogonidae,NA,NA,47,7/27/2017,HickoryBottoms,C,7/12/2017,68,Single
7272017HBC10,OTU1345,GS,100,BOLD:AAL7329,Animalia,Arthropoda,Insecta,Diptera,Chironomidae,Dicrotendipes,Dicrotendipes modestus,5,7/27/2017,HickoryBottoms,C,7/12/2017,68,Single
7272017HBC10,OTU1350,GS,97.2,BOLD:AAA7067,Animalia,Arthropoda,Insecta,Diptera,Culicidae,Aedes,Aedes vexans,77,7/27/2017,HickoryBottoms,C,7/12/2017,68,Single
7272017HBC10,OTU1351,SS,0.94,BOLD:AAB7030,Animalia,Arthropoda,Insecta,Diptera,Chironomidae,Chironomus,Chironomus decorus,26,7/27/2017,HickoryBottoms,C,7/12/2017,68,Single
7272017HBC10,OTU1403,SS,0.36,BOLD:ACV0130,Animalia,Arthropoda,Insecta,Diptera,NA,NA,NA,3,7/27/2017,HickoryBottoms,C,7/12/2017,68,Single
7272017HBC10,OTU1680,GS,99.4,BOLD:AAP5120,Animalia,Arthropoda,Insecta,Diptera,Chironomidae,Polypedilum,NA,2,7/27/2017,HickoryBottoms,C,7/12/2017,68,Single
7272017HBC10,OTU1722,GS,97.8,BOLD:AAB8920,Animalia,Arthropoda,Insecta,Lepidoptera,Zygaenidae,Harrisina,Harrisina americana,1,7/27/2017,HickoryBottoms,C,7/12/2017,68,Single
7272017HBC10,OTU1772,GS,98.9,BOLD:ACA3275,Animalia,Arthropoda,Insecta,Diptera,Chironomidae,Dicrotendipes,NA,31,7/27/2017,HickoryBottoms,C,7/12/2017,68,Single
7272017HBC10,OTU1785,US,0,None,Animalia,Arthropoda,Insecta,Coleoptera,NA,NA,NA,18,7/27/2017,HickoryBottoms,C,7/12/2017,68,Single
7272017HBC10,OTU1790,GS,98.3,BOLD:AAZ0144,Animalia,Arthropoda,Insecta,Diptera,Chironomidae,Chironomus,NA,3,7/27/2017,HickoryBottoms,C,7/12/2017,68,Single
7272017HBC10,OTU1793,US,5e-04,BOLD:AAM7672,Animalia,Arthropoda,Insecta,Coleoptera,NA,NA,NA,7,7/27/2017,HickoryBottoms,C,7/12/2017,68,Single
7272017HBC10,OTU1866,SS,0.38,BOLD:ABX3627,Animalia,Arthropoda,Insecta,Diptera,NA,NA,NA,1,7/27/2017,HickoryBottoms,C,7/12/2017,68,Single
7272017HBC10,OTU1871,SS,0.85,BOLD:AAG3848,Animalia,Arthropoda,Insecta,Diptera,Culicidae,Culex,Culex erraticus,1,7/27/2017,HickoryBottoms,C,7/12/2017,68,Single
7272017HBC10,OTU1913,GS,100,BOLD:ABW8043,Animalia,Arthropoda,Insecta,Diptera,Syrphidae,Toxomerus,Toxomerus teliger,5,7/27/2017,HickoryBottoms,C,7/12/2017,68,Single
7272017HBC10,OTU1919,GS,98.3,BOLD:ACJ1988,Animalia,Arthropoda,Insecta,Diptera,Ceratopogonidae,NA,NA,10,7/27/2017,HickoryBottoms,C,7/12/2017,68,Single
7272017HBC2,OTU5,GS,99.4,BOLD:AAN5451,Animalia,Arthropoda,Arachnida,Araneae,Araneidae,Eustala,NA,5047,7/27/2017,HickoryBottoms,C,7/12/2017,68,Single
7272017HBC2,OTU11,GS,99.4,BOLD:AAG3848,Animalia,Arthropoda,Insecta,Diptera,Culicidae,Culex,Culex erraticus,11613,7/27/2017,HickoryBottoms,C,7/12/2017,68,Single
7272017HBC2,OTU14,GS,99.4,BOLD:AAO3940,Animalia,Arthropoda,Insecta,Diptera,Limoniidae,Rhipidia,NA,1131,7/27/2017,HickoryBottoms,C,7/12/2017,68,Single
7272017HBC2,OTU24,GS,98.9,BOLD:ABW3499,Animalia,Arthropoda,Insecta,Diptera,NA,NA,NA,2713,7/27/2017,HickoryBottoms,C,7/12/2017,68,Single
7272017HBC2,OTU75,GS,99.4,BOLD:AAF4974,Animalia,Arthropoda,Arachnida,Araneae,Theridiidae,Dipoena,Dipoena nigra,807,7/27/2017,HickoryBottoms,C,7/12/2017,68,Single
7272017HBC2,OTU89,GS,98.3,BOLD:ABW2415,Animalia,Arthropoda,Insecta,Diptera,Tipulidae,Nephrotoma,Nephrotoma okefenoke,2024,7/27/2017,HickoryBottoms,C,7/12/2017,68,Single
7272017HBC2,OTU105,GS,100,BOLD:AAB7936,Animalia,Arthropoda,Insecta,Lepidoptera,Oecophoridae,Inga,Inga sparsiciliella,2129,7/27/2017,HickoryBottoms,C,7/12/2017,68,Single
7272017HBC2,OTU123,GS,99.4,BOLD:AAM8787,Animalia,Arthropoda,Insecta,Lepidoptera,Gelechiidae,Dichomeris,Dichomeris laetitia,1142,7/27/2017,HickoryBottoms,C,7/12/2017,68,Single
7272017HBC2,OTU244,GS,100,BOLD:AAB1096,Animalia,Arthropoda,Insecta,Lepidoptera,Blastobasidae,Blastobasis,Blastobasis glandulella,2037,7/27/2017,HickoryBottoms,C,7/12/2017,68,Single
7272017HBC2,OTU254,GS,100,BOLD:AAG8977,Animalia,Arthropoda,Insecta,Hemiptera,Derbidae,Apache,Apache degeerii,105,7/27/2017,HickoryBottoms,C,7/12/2017,68,Single
7272017HBC2,OTU265,GS,100,BOLD:AAQ3192,Animalia,Arthropoda,Insecta,Lepidoptera,Dryadaulidae,Dryadaula,NA,1184,7/27/2017,HickoryBottoms,C,7/12/2017,68,Single
7272017HBC2,OTU267,GS,99.4,BOLD:AAG0127,Animalia,Arthropoda,Insecta,Lepidoptera,Meessiidae,Eudarcia,Eudarcia eunitariaeella,2505,7/27/2017,HickoryBottoms,C,7/12/2017,68,Single
7272017HBC2,OTU309,GS,100,BOLD:AAH5582,Animalia,Arthropoda,Insecta,Lepidoptera,Gelechiidae,Battaristis,NA,109,7/27/2017,HickoryBottoms,C,7/12/2017,68,Single
7272017HBC2,OTU323,GS,98.9,BOLD:AAA5103,Animalia,Arthropoda,Insecta,Diptera,Culicidae,Anopheles,Anopheles crucians,124,7/27/2017,HickoryBottoms,C,7/12/2017,68,Single
7272017HBC2,OTU340,GS,100,BOLD:AAA6129,Animalia,Arthropoda,Insecta,Lepidoptera,NA,NA,NA,1509,7/27/2017,HickoryBottoms,C,7/12/2017,68,Single
7272017HBC2,OTU376,GS,100,BOLD:AAD2441,Animalia,Arthropoda,Insecta,Lepidoptera,Saturniidae,Syssphinx,Syssphinx bicolor,77,7/27/2017,HickoryBottoms,C,7/12/2017,68,Single
7272017HBC2,OTU469,GS,100,BOLD:AAR7014,Animalia,Arthropoda,Insecta,Lepidoptera,Gracillariidae,Neurobathra,Neurobathra strigifinitella,394,7/27/2017,HickoryBottoms,C,7/12/2017,68,Single
7272017HBC2,OTU871,GS,100,BOLD:AAA6740,Animalia,Arthropoda,Insecta,Lepidoptera,Tortricidae,Proteoteras,Proteoteras aesculana,174,7/27/2017,HickoryBottoms,C,7/12/2017,68,Single
7272017HBC2,OTU1017,GS,100,BOLD:ACA9001,Animalia,Arthropoda,Insecta,Coleoptera,Laemophloeidae,Laemophloeus,Laemophloeus fasciatus,133,7/27/2017,HickoryBottoms,C,7/12/2017,68,Single
7272017HBC2,OTU1097,GS,97.2,BOLD:AAN5451,Animalia,Arthropoda,Arachnida,Araneae,Araneidae,Eustala,NA,103,7/27/2017,HickoryBottoms,C,7/12/2017,68,Single
7272017HBC2,OTU1317,SS,0.01,BOLD:AAN5451,Animalia,Arthropoda,Arachnida,Araneae,Araneidae,Eustala,NA,20,7/27/2017,HickoryBottoms,C,7/12/2017,68,Single
7272017HBC2,OTU1470,GS,99.4,BOLD:ABW2899,Animalia,Arthropoda,Arachnida,Araneae,Araneidae,Micrathena,NA,41,7/27/2017,HickoryBottoms,C,7/12/2017,68,Single
7272017HBC2,OTU1513,GS,97.8,BOLD:ACL2801,Animalia,Arthropoda,Insecta,Diptera,Tipulidae,Nephrotoma,Nephrotoma macrocera,1,7/27/2017,HickoryBottoms,C,7/12/2017,68,Single
7272017HBC2,OTU1684,GS,97.8,BOLD:AAH7094,Animalia,Arthropoda,Insecta,Neuroptera,Chrysopidae,Ceraeochrysa,Ceraeochrysa lineaticornis,190,7/27/2017,HickoryBottoms,C,7/12/2017,68,Single
7272017HBC2,OTU1756,SS,0.97,BOLD:AAG3848,Animalia,Arthropoda,Insecta,Diptera,Culicidae,Culex,Culex erraticus,8,7/27/2017,HickoryBottoms,C,7/12/2017,68,Single
7272017HBC2,OTU1871,SS,0.85,BOLD:AAG3848,Animalia,Arthropoda,Insecta,Diptera,Culicidae,Culex,Culex erraticus,10,7/27/2017,HickoryBottoms,C,7/12/2017,68,Single
7272017HBC3,OTU1,US,0.0026,BOLD:AAD6798,Animalia,Arthropoda,Insecta,Diptera,NA,NA,NA,1204,7/27/2017,HickoryBottoms,C,7/12/2017,68,Single
7272017HBC3,OTU5,GS,99.4,BOLD:AAN5451,Animalia,Arthropoda,Arachnida,Araneae,Araneidae,Eustala,NA,1000,7/27/2017,HickoryBottoms,C,7/12/2017,68,Single
7272017HBC3,OTU7,GS,100,BOLD:AAF4632,Animalia,Arthropoda,Insecta,Diptera,Limoniidae,Epiphragma,Epiphragma solatrix,1233,7/27/2017,HickoryBottoms,C,7/12/2017,68,Single
7272017HBC3,OTU11,GS,99.4,BOLD:AAG3848,Animalia,Arthropoda,Insecta,Diptera,Culicidae,Culex,Culex erraticus,3532,7/27/2017,HickoryBottoms,C,7/12/2017,68,Single
7272017HBC3,OTU14,GS,99.4,BOLD:AAO3940,Animalia,Arthropoda,Insecta,Diptera,Limoniidae,Rhipidia,NA,281,7/27/2017,HickoryBottoms,C,7/12/2017,68,Single
7272017HBC3,OTU16,GS,100,BOLD:AAA7067,Animalia,Arthropoda,Insecta,Diptera,Culicidae,Aedes,Aedes vexans,897,7/27/2017,HickoryBottoms,C,7/12/2017,68,Single
7272017HBC3,OTU28,GS,100,BOLD:AAM6784,Animalia,Arthropoda,Insecta,Diptera,Dolichopodidae,NA,NA,911,7/27/2017,HickoryBottoms,C,7/12/2017,68,Single
7272017HBC3,OTU65,GS,100,BOLD:AAA1517,Animalia,Arthropoda,Insecta,Lepidoptera,Tortricidae,Choristoneura,Choristoneura rosaceana,60,7/27/2017,HickoryBottoms,C,7/12/2017,68,Single
7272017HBC3,OTU68,GS,100,BOLD:AAB7030,Animalia,Arthropoda,Insecta,Diptera,Chironomidae,Chironomus,Chironomus decorus,536,7/27/2017,HickoryBottoms,C,7/12/2017,68,Single
7272017HBC3,OTU76,US,1,BOLD:ACY1454,Animalia,Arthropoda,Insecta,Hemiptera,NA,NA,NA,36,7/27/2017,HickoryBottoms,C,7/12/2017,68,Single
7272017HBC3,OTU119,GS,100,BOLD:ABZ2971,Animalia,Arthropoda,Insecta,Lepidoptera,Tortricidae,Platynota,Platynota exasperatana,419,7/27/2017,HickoryBottoms,C,7/12/2017,68,Single
7272017HBC3,OTU198,GS,99.4,BOLD:ABZ1242,Animalia,Arthropoda,Insecta,Diptera,Chironomidae,NA,NA,164,7/27/2017,HickoryBottoms,C,7/12/2017,68,Single
7272017HBC3,OTU229,GS,100,BOLD:AAH3555,Animalia,Arthropoda,Insecta,Mecoptera,NA,NA,NA,46,7/27/2017,HickoryBottoms,C,7/12/2017,68,Single
7272017HBC3,OTU238,GS,100,BOLD:AAC2281,Animalia,Arthropoda,Insecta,Diptera,Culicidae,Anopheles,Anopheles quadrimaculatus,11,7/27/2017,HickoryBottoms,C,7/12/2017,68,Single
7272017HBC3,OTU244,GS,100,BOLD:AAB1096,Animalia,Arthropoda,Insecta,Lepidoptera,Blastobasidae,Blastobasis,Blastobasis glandulella,61,7/27/2017,HickoryBottoms,C,7/12/2017,68,Single
7272017HBC3,OTU258,GS,100,BOLD:ACA7555,Animalia,Arthropoda,Insecta,Diptera,Chironomidae,NA,NA,30,7/27/2017,HickoryBottoms,C,7/12/2017,68,Single
7272017HBC3,OTU265,GS,100,BOLD:AAQ3192,Animalia,Arthropoda,Insecta,Lepidoptera,Dryadaulidae,Dryadaula,NA,7,7/27/2017,HickoryBottoms,C,7/12/2017,68,Single
7272017HBC3,OTU279,US,0.9881,BOLD:AAL9881,Animalia,Arthropoda,Arachnida,Araneae,NA,NA,NA,712,7/27/2017,HickoryBottoms,C,7/12/2017,68,Single
7272017HBC3,OTU314,GS,98.9,BOLD:AAB0603,Animalia,Arthropoda,Insecta,Lepidoptera,Gelechiidae,Pseudotelphusa,Pseudotelphusa quercinigracella,11,7/27/2017,HickoryBottoms,C,7/12/2017,68,Single
7272017HBC3,OTU354,SS,0.48,BOLD:AAM6278,Animalia,Arthropoda,Insecta,Diptera,NA,NA,NA,44,7/27/2017,HickoryBottoms,C,7/12/2017,68,Single
7272017HBC3,OTU357,GS,98.9,BOLD:ABX3356,Animalia,Arthropoda,Insecta,Diptera,Chironomidae,Chironomus,NA,43,7/27/2017,HickoryBottoms,C,7/12/2017,68,Single
7272017HBC3,OTU371,GS,100,BOLD:ABX9756,Animalia,Arthropoda,Insecta,Diptera,NA,NA,NA,38,7/27/2017,HickoryBottoms,C,7/12/2017,68,Single
7272017HBC3,OTU422,US,0.9881,BOLD:ACN3539,Animalia,Arthropoda,Arachnida,Araneae,NA,NA,NA,797,7/27/2017,HickoryBottoms,C,7/12/2017,68,Single
7272017HBC3,OTU447,US,0.9916,BOLD:AAW5176,Animalia,Arthropoda,Arachnida,Araneae,NA,NA,NA,3,7/27/2017,HickoryBottoms,C,7/12/2017,68,Single
7272017HBC3,OTU543,GS,100,BOLD:AAA7928,Animalia,Arthropoda,Insecta,Lepidoptera,Blastobasidae,Blastobasis,Blastobasis taurusella,10,7/27/2017,HickoryBottoms,C,7/12/2017,68,Single
7272017HBC3,OTU639,US,0.9885,BOLD:ACI7589,Animalia,Arthropoda,Insecta,Coleoptera,NA,NA,NA,10,7/27/2017,HickoryBottoms,C,7/12/2017,68,Single
7272017HBC3,OTU656,GS,99.4,BOLD:AAZ0144,Animalia,Arthropoda,Insecta,Diptera,Chironomidae,Chironomus,NA,5,7/27/2017,HickoryBottoms,C,7/12/2017,68,Single
7272017HBC3,OTU662,GS,98.6,BOLD:AAU1776,Animalia,Arthropoda,Insecta,Hymenoptera,Formicidae,NA,NA,4,7/27/2017,HickoryBottoms,C,7/12/2017,68,Single
7272017HBC3,OTU700,GS,100,BOLD:AAN5337,Animalia,Arthropoda,Insecta,Diptera,Chironomidae,NA,NA,2,7/27/2017,HickoryBottoms,C,7/12/2017,68,Single
7272017HBC3,OTU769,GS,100,BOLD:AAE8646,Animalia,Arthropoda,Insecta,Hymenoptera,Formicidae,Solenopsis,Solenopsis molesta,13,7/27/2017,HickoryBottoms,C,7/12/2017,68,Single
7272017HBC3,OTU1034,US,7e-04,BOLD:AAI5631,Animalia,Arthropoda,Insecta,Mecoptera,NA,NA,NA,55,7/27/2017,HickoryBottoms,C,7/12/2017,68,Single
7272017HBC3,OTU1097,GS,97.2,BOLD:AAN5451,Animalia,Arthropoda,Arachnida,Araneae,Araneidae,Eustala,NA,26,7/27/2017,HickoryBottoms,C,7/12/2017,68,Single
7272017HBC3,OTU1210,GS,97.2,BOLD:AAF4632,Animalia,Arthropoda,Insecta,Diptera,Limoniidae,Epiphragma,Epiphragma solatrix,47,7/27/2017,HickoryBottoms,C,7/12/2017,68,Single
7272017HBC3,OTU1265,SS,0.83,BOLD:AAF4632,Animalia,Arthropoda,Insecta,Diptera,Limoniidae,Epiphragma,Epiphragma solatrix,4,7/27/2017,HickoryBottoms,C,7/12/2017,68,Single
7272017HBC3,OTU1274,GS,98.9,BOLD:AAG6465,Animalia,Arthropoda,Insecta,Diptera,Ceratopogonidae,NA,NA,2,7/27/2017,HickoryBottoms,C,7/12/2017,68,Single
7272017HBC3,OTU1291,GS,98.9,BOLD:AAB8467,Animalia,Arthropoda,Insecta,Lepidoptera,Erebidae,Phalaenostola,Phalaenostola eumelusalis,1,7/27/2017,HickoryBottoms,C,7/12/2017,68,Single
7272017HBC3,OTU1317,SS,0.01,BOLD:AAN5451,Animalia,Arthropoda,Arachnida,Araneae,Araneidae,Eustala,NA,3,7/27/2017,HickoryBottoms,C,7/12/2017,68,Single
7272017HBC3,OTU1345,GS,100,BOLD:AAL7329,Animalia,Arthropoda,Insecta,Diptera,Chironomidae,Dicrotendipes,Dicrotendipes modestus,1,7/27/2017,HickoryBottoms,C,7/12/2017,68,Single
7272017HBC3,OTU1350,GS,97.2,BOLD:AAA7067,Animalia,Arthropoda,Insecta,Diptera,Culicidae,Aedes,Aedes vexans,16,7/27/2017,HickoryBottoms,C,7/12/2017,68,Single
7272017HBC3,OTU1351,SS,0.94,BOLD:AAB7030,Animalia,Arthropoda,Insecta,Diptera,Chironomidae,Chironomus,Chironomus decorus,81,7/27/2017,HickoryBottoms,C,7/12/2017,68,Single
7272017HBC3,OTU1403,SS,0.36,BOLD:ACV0130,Animalia,Arthropoda,Insecta,Diptera,NA,NA,NA,16,7/27/2017,HickoryBottoms,C,7/12/2017,68,Single
7272017HBC3,OTU1434,GS,97.6,BOLD:AAA7067,Animalia,Arthropoda,Insecta,Diptera,Culicidae,Aedes,Aedes vexans,2,7/27/2017,HickoryBottoms,C,7/12/2017,68,Single
7272017HBC3,OTU1481,GS,100,BOLD:AAH2753,Animalia,Arthropoda,Insecta,Coleoptera,Anthicidae,Anthicus,Anthicus cervinus,48,7/27/2017,HickoryBottoms,C,7/12/2017,68,Single
7272017HBC3,OTU1511,GS,100,BOLD:AAE0464,Animalia,Arthropoda,Insecta,Lepidoptera,Blastobasidae,Asaphocrita,Asaphocrita aphidiella,13,7/27/2017,HickoryBottoms,C,7/12/2017,68,Single
7272017HBC3,OTU1683,SS,0.84,BOLD:AAF4632,Animalia,Arthropoda,Insecta,Diptera,Limoniidae,Epiphragma,Epiphragma solatrix,13,7/27/2017,HickoryBottoms,C,7/12/2017,68,Single
7272017HBC3,OTU1719,GS,97.2,BOLD:AAG0149,Animalia,Arthropoda,Insecta,Lepidoptera,NA,NA,NA,1,7/27/2017,HickoryBottoms,C,7/12/2017,68,Single
7272017HBC3,OTU1790,GS,98.3,BOLD:AAZ0144,Animalia,Arthropoda,Insecta,Diptera,Chironomidae,Chironomus,NA,2,7/27/2017,HickoryBottoms,C,7/12/2017,68,Single
7272017HBC3,OTU1834,SS,0.74,BOLD:AAF4632,Animalia,Arthropoda,Insecta,Diptera,NA,NA,NA,10,7/27/2017,HickoryBottoms,C,7/12/2017,68,Single
7272017HBC3,OTU1871,SS,0.85,BOLD:AAG3848,Animalia,Arthropoda,Insecta,Diptera,Culicidae,Culex,Culex erraticus,5,7/27/2017,HickoryBottoms,C,7/12/2017,68,Single
7272017HBC4,OTU7,GS,100,BOLD:AAF4632,Animalia,Arthropoda,Insecta,Diptera,Limoniidae,Epiphragma,Epiphragma solatrix,5464,7/27/2017,HickoryBottoms,C,7/12/2017,68,Single
7272017HBC4,OTU11,GS,99.4,BOLD:AAG3848,Animalia,Arthropoda,Insecta,Diptera,Culicidae,Culex,Culex erraticus,1704,7/27/2017,HickoryBottoms,C,7/12/2017,68,Single
7272017HBC4,OTU17,GS,100,BOLD:AAB3702,Animalia,Arthropoda,Insecta,Trichoptera,Hydropsychidae,Potamyia,Potamyia flava,7585,7/27/2017,HickoryBottoms,C,7/12/2017,68,Single
7272017HBC4,OTU71,GSL,100,BOLD:AAA7661,Animalia,Arthropoda,Insecta,Diptera,Culicidae,NA,NA,3098,7/27/2017,HickoryBottoms,C,7/12/2017,68,Single
7272017HBC4,OTU189,GS,100,BOLD:ABV2225,Animalia,Arthropoda,Insecta,Lepidoptera,Gracillariidae,Caloptilia,NA,92,7/27/2017,HickoryBottoms,C,7/12/2017,68,Single
7272017HBC4,OTU197,GS,100,BOLD:AAN6380,Animalia,Arthropoda,Arachnida,Araneae,Araneidae,Neoscona,NA,765,7/27/2017,HickoryBottoms,C,7/12/2017,68,Single
7272017HBC4,OTU323,GS,98.9,BOLD:AAA5103,Animalia,Arthropoda,Insecta,Diptera,Culicidae,Anopheles,Anopheles crucians,1158,7/27/2017,HickoryBottoms,C,7/12/2017,68,Single
7272017HBC4,OTU1210,GS,97.2,BOLD:AAF4632,Animalia,Arthropoda,Insecta,Diptera,Limoniidae,Epiphragma,Epiphragma solatrix,58,7/27/2017,HickoryBottoms,C,7/12/2017,68,Single
7272017HBC4,OTU1265,SS,0.83,BOLD:AAF4632,Animalia,Arthropoda,Insecta,Diptera,Limoniidae,Epiphragma,Epiphragma solatrix,19,7/27/2017,HickoryBottoms,C,7/12/2017,68,Single
7272017HBC4,OTU1403,SS,0.36,BOLD:ACV0130,Animalia,Arthropoda,Insecta,Diptera,NA,NA,NA,16,7/27/2017,HickoryBottoms,C,7/12/2017,68,Single
7272017HBC4,OTU1683,SS,0.84,BOLD:AAF4632,Animalia,Arthropoda,Insecta,Diptera,Limoniidae,Epiphragma,Epiphragma solatrix,4,7/27/2017,HickoryBottoms,C,7/12/2017,68,Single
7272017HBC4,OTU1834,SS,0.74,BOLD:AAF4632,Animalia,Arthropoda,Insecta,Diptera,NA,NA,NA,4,7/27/2017,HickoryBottoms,C,7/12/2017,68,Single
7272017HBC5,OTU1,US,0.0026,BOLD:AAD6798,Animalia,Arthropoda,Insecta,Diptera,NA,NA,NA,4799,7/27/2017,HickoryBottoms,C,7/12/2017,68,Single
7272017HBC5,OTU5,GS,99.4,BOLD:AAN5451,Animalia,Arthropoda,Arachnida,Araneae,Araneidae,Eustala,NA,7200,7/27/2017,HickoryBottoms,C,7/12/2017,68,Single
7272017HBC5,OTU7,GS,100,BOLD:AAF4632,Animalia,Arthropoda,Insecta,Diptera,Limoniidae,Epiphragma,Epiphragma solatrix,1029,7/27/2017,HickoryBottoms,C,7/12/2017,68,Single
7272017HBC5,OTU11,GS,99.4,BOLD:AAG3848,Animalia,Arthropoda,Insecta,Diptera,Culicidae,Culex,Culex erraticus,2847,7/27/2017,HickoryBottoms,C,7/12/2017,68,Single
7272017HBC5,OTU14,GS,99.4,BOLD:AAO3940,Animalia,Arthropoda,Insecta,Diptera,Limoniidae,Rhipidia,NA,273,7/27/2017,HickoryBottoms,C,7/12/2017,68,Single
7272017HBC5,OTU24,GS,98.9,BOLD:ABW3499,Animalia,Arthropoda,Insecta,Diptera,NA,NA,NA,9274,7/27/2017,HickoryBottoms,C,7/12/2017,68,Single
7272017HBC5,OTU76,US,1,BOLD:ACY1454,Animalia,Arthropoda,Insecta,Hemiptera,NA,NA,NA,45,7/27/2017,HickoryBottoms,C,7/12/2017,68,Single
7272017HBC5,OTU105,GS,100,BOLD:AAB7936,Animalia,Arthropoda,Insecta,Lepidoptera,Oecophoridae,Inga,Inga sparsiciliella,24,7/27/2017,HickoryBottoms,C,7/12/2017,68,Single
7272017HBC5,OTU122,GS,99.4,BOLD:AAC5568,Animalia,Arthropoda,Insecta,Lepidoptera,Tortricidae,Gypsonoma,Gypsonoma salicicolana,249,7/27/2017,HickoryBottoms,C,7/12/2017,68,Single
7272017HBC5,OTU123,GS,99.4,BOLD:AAM8787,Animalia,Arthropoda,Insecta,Lepidoptera,Gelechiidae,Dichomeris,Dichomeris laetitia,46,7/27/2017,HickoryBottoms,C,7/12/2017,68,Single
7272017HBC5,OTU143,SS,0.21,BOLD:ACW8718,Animalia,Arthropoda,Insecta,Diptera,NA,NA,NA,93,7/27/2017,HickoryBottoms,C,7/12/2017,68,Single
7272017HBC5,OTU197,GS,100,BOLD:AAN6380,Animalia,Arthropoda,Arachnida,Araneae,Araneidae,Neoscona,NA,28,7/27/2017,HickoryBottoms,C,7/12/2017,68,Single
7272017HBC5,OTU198,GS,99.4,BOLD:ABZ1242,Animalia,Arthropoda,Insecta,Diptera,Chironomidae,NA,NA,23,7/27/2017,HickoryBottoms,C,7/12/2017,68,Single
7272017HBC5,OTU203,GS,100,BOLD:AAB0603,Animalia,Arthropoda,Insecta,Lepidoptera,Gelechiidae,Pseudotelphusa,Pseudotelphusa quercinigracella,14,7/27/2017,HickoryBottoms,C,7/12/2017,68,Single
7272017HBC5,OTU212,US,1,BOLD:ACE7661,Animalia,Arthropoda,Arachnida,Araneae,NA,NA,NA,16,7/27/2017,HickoryBottoms,C,7/12/2017,68,Single
7272017HBC5,OTU219,GS,100,BOLD:AAD1855,Animalia,Arthropoda,Insecta,Lepidoptera,Tortricidae,Episimus,Episimus tyrius,30,7/27/2017,HickoryBottoms,C,7/12/2017,68,Single
7272017HBC5,OTU230,GS,100,BOLD:AAG3850,Animalia,Arthropoda,Insecta,Diptera,Culicidae,Psorophora,Psorophora columbiae,199,7/27/2017,HickoryBottoms,C,7/12/2017,68,Single
7272017HBC5,OTU238,GS,100,BOLD:AAC2281,Animalia,Arthropoda,Insecta,Diptera,Culicidae,Anopheles,Anopheles quadrimaculatus,63,7/27/2017,HickoryBottoms,C,7/12/2017,68,Single
7272017HBC5,OTU246,GS,100,BOLD:AAG8483,Animalia,Arthropoda,Insecta,Diptera,Chironomidae,Xenochironomus,Xenochironomus xenolabis,904,7/27/2017,HickoryBottoms,C,7/12/2017,68,Single
7272017HBC5,OTU258,GS,100,BOLD:ACA7555,Animalia,Arthropoda,Insecta,Diptera,Chironomidae,NA,NA,16,7/27/2017,HickoryBottoms,C,7/12/2017,68,Single
7272017HBC5,OTU259,US,0.9963,BOLD:AAL6280,Animalia,Arthropoda,Arachnida,Araneae,NA,NA,NA,40,7/27/2017,HickoryBottoms,C,7/12/2017,68,Single
7272017HBC5,OTU270,GS,100,BOLD:AAB6541,Animalia,Arthropoda,Insecta,Lepidoptera,Gelechiidae,Coleotechnites,Coleotechnites florae,213,7/27/2017,HickoryBottoms,C,7/12/2017,68,Single
7272017HBC5,OTU271,GS,98.9,BOLD:ABX3627,Animalia,Arthropoda,Insecta,Diptera,Limoniidae,NA,NA,37,7/27/2017,HickoryBottoms,C,7/12/2017,68,Single
7272017HBC5,OTU278,GS,100,BOLD:AAB3590,Animalia,Arthropoda,Insecta,Lepidoptera,Gelechiidae,Chionodes,Chionodes discoocellella,125,7/27/2017,HickoryBottoms,C,7/12/2017,68,Single
7272017HBC5,OTU279,US,0.9881,BOLD:AAL9881,Animalia,Arthropoda,Arachnida,Araneae,NA,NA,NA,14,7/27/2017,HickoryBottoms,C,7/12/2017,68,Single
7272017HBC5,OTU290,GS,100,BOLD:AAE4427,Animalia,Arthropoda,Insecta,Lepidoptera,Tineidae,Xylesthia,Xylesthia pruniramiella,22,7/27/2017,HickoryBottoms,C,7/12/2017,68,Single
7272017HBC5,OTU314,GS,98.9,BOLD:AAB0603,Animalia,Arthropoda,Insecta,Lepidoptera,Gelechiidae,Pseudotelphusa,Pseudotelphusa quercinigracella,9,7/27/2017,HickoryBottoms,C,7/12/2017,68,Single
7272017HBC5,OTU319,US,0,None,Animalia,Arthropoda,Arachnida,Mesostigmata,NA,NA,NA,5,7/27/2017,HickoryBottoms,C,7/12/2017,68,Single
7272017HBC5,OTU354,SS,0.48,BOLD:AAM6278,Animalia,Arthropoda,Insecta,Diptera,NA,NA,NA,8,7/27/2017,HickoryBottoms,C,7/12/2017,68,Single
7272017HBC5,OTU357,GS,98.9,BOLD:ABX3356,Animalia,Arthropoda,Insecta,Diptera,Chironomidae,Chironomus,NA,19,7/27/2017,HickoryBottoms,C,7/12/2017,68,Single
7272017HBC5,OTU371,GS,100,BOLD:ABX9756,Animalia,Arthropoda,Insecta,Diptera,NA,NA,NA,114,7/27/2017,HickoryBottoms,C,7/12/2017,68,Single
7272017HBC5,OTU375,GS,100,BOLD:AAG2878,Animalia,Arthropoda,Insecta,Hemiptera,Cicadellidae,Gyponana,Gyponana extenda,58,7/27/2017,HickoryBottoms,C,7/12/2017,68,Single
7272017HBC5,OTU383,GS,100,BOLD:AAA1467,Animalia,Arthropoda,Insecta,Hymenoptera,Formicidae,Formica,Formica neogagates group,21,7/27/2017,HickoryBottoms,C,7/12/2017,68,Single
7272017HBC5,OTU408,GS,100,BOLD:AAA2955,Animalia,Arthropoda,Insecta,Lepidoptera,Tortricidae,Argyrotaenia,Argyrotaenia ljungiana,6,7/27/2017,HickoryBottoms,C,7/12/2017,68,Single
7272017HBC5,OTU439,GS,100,BOLD:AAI3406,Animalia,Arthropoda,Insecta,Coleoptera,Cerambycidae,Obrium,Obrium rufulum,323,7/27/2017,HickoryBottoms,C,7/12/2017,68,Single
7272017HBC5,OTU463,SS,0.21,BOLD:AAF2681,Animalia,Arthropoda,Insecta,Lepidoptera,NA,NA,NA,13,7/27/2017,HickoryBottoms,C,7/12/2017,68,Single
7272017HBC5,OTU467,GS,100,BOLD:AAA8999,Animalia,Arthropoda,Arachnida,Araneae,Araneidae,Larinioides,Larinioides cornutus,25,7/27/2017,HickoryBottoms,C,7/12/2017,68,Single
7272017HBC5,OTU481,GS,100,BOLD:AAG0004,Animalia,Arthropoda,Insecta,Lepidoptera,Gelechiidae,Sinoe,Sinoe kwakae,10,7/27/2017,HickoryBottoms,C,7/12/2017,68,Single
7272017HBC5,OTU503,GS,99.4,BOLD:AAG6486,Animalia,Arthropoda,Insecta,Diptera,Ceratopogonidae,Bezzia,Bezzia nobilis,32,7/27/2017,HickoryBottoms,C,7/12/2017,68,Single
7272017HBC5,OTU513,SS,0.71,BOLD:ABY8891,Animalia,Arthropoda,Insecta,Diptera,NA,NA,NA,34,7/27/2017,HickoryBottoms,C,7/12/2017,68,Single
7272017HBC5,OTU557,GS,98.3,BOLD:AAO7609,Animalia,Arthropoda,Insecta,Diptera,NA,NA,NA,9,7/27/2017,HickoryBottoms,C,7/12/2017,68,Single
7272017HBC5,OTU573,GS,98.9,BOLD:AAB8921,Animalia,Arthropoda,Insecta,Lepidoptera,Zygaenidae,Harrisina,Harrisina americana,148,7/27/2017,HickoryBottoms,C,7/12/2017,68,Single
7272017HBC5,OTU639,US,0.9885,BOLD:ACI7589,Animalia,Arthropoda,Insecta,Coleoptera,NA,NA,NA,92,7/27/2017,HickoryBottoms,C,7/12/2017,68,Single
7272017HBC5,OTU655,SS,0.61,BOLD:AAA3776,Animalia,Arthropoda,Insecta,Diptera,NA,NA,NA,1,7/27/2017,HickoryBottoms,C,7/12/2017,68,Single
7272017HBC5,OTU656,GS,99.4,BOLD:AAZ0144,Animalia,Arthropoda,Insecta,Diptera,Chironomidae,Chironomus,NA,25,7/27/2017,HickoryBottoms,C,7/12/2017,68,Single
7272017HBC5,OTU662,GS,98.6,BOLD:AAU1776,Animalia,Arthropoda,Insecta,Hymenoptera,Formicidae,NA,NA,22,7/27/2017,HickoryBottoms,C,7/12/2017,68,Single
7272017HBC5,OTU761,US,0,None,Animalia,Arthropoda,Arachnida,Mesostigmata,NA,NA,NA,19,7/27/2017,HickoryBottoms,C,7/12/2017,68,Single
7272017HBC5,OTU769,GS,100,BOLD:AAE8646,Animalia,Arthropoda,Insecta,Hymenoptera,Formicidae,Solenopsis,Solenopsis molesta,34,7/27/2017,HickoryBottoms,C,7/12/2017,68,Single
7272017HBC5,OTU778,GS,100,BOLD:AAB5798,Animalia,Arthropoda,Insecta,Lepidoptera,Erebidae,Isogona,Isogona tenuis,1,7/27/2017,HickoryBottoms,C,7/12/2017,68,Single
7272017HBC5,OTU782,US,0.2833,BOLD:ACW7520,Animalia,Arthropoda,Insecta,Diptera,NA,NA,NA,2,7/27/2017,HickoryBottoms,C,7/12/2017,68,Single
7272017HBC5,OTU923,GS,100,BOLD:AAN5931,Animalia,Arthropoda,Insecta,Coleoptera,Scirtidae,Cyphon,NA,20,7/27/2017,HickoryBottoms,C,7/12/2017,68,Single
7272017HBC5,OTU1097,GS,97.2,BOLD:AAN5451,Animalia,Arthropoda,Arachnida,Araneae,Araneidae,Eustala,NA,116,7/27/2017,HickoryBottoms,C,7/12/2017,68,Single
7272017HBC5,OTU1116,SS,0.5,BOLD:ABZ0908,Animalia,Arthropoda,Insecta,Diptera,NA,NA,NA,11,7/27/2017,HickoryBottoms,C,7/12/2017,68,Single
7272017HBC5,OTU1210,GS,97.2,BOLD:AAF4632,Animalia,Arthropoda,Insecta,Diptera,Limoniidae,Epiphragma,Epiphragma solatrix,17,7/27/2017,HickoryBottoms,C,7/12/2017,68,Single
7272017HBC5,OTU1236,GS,99.4,BOLD:AAN5354,Animalia,Arthropoda,Insecta,Diptera,Chironomidae,NA,NA,28,7/27/2017,HickoryBottoms,C,7/12/2017,68,Single
7272017HBC5,OTU1265,SS,0.83,BOLD:AAF4632,Animalia,Arthropoda,Insecta,Diptera,Limoniidae,Epiphragma,Epiphragma solatrix,4,7/27/2017,HickoryBottoms,C,7/12/2017,68,Single
7272017HBC5,OTU1274,GS,98.9,BOLD:AAG6465,Animalia,Arthropoda,Insecta,Diptera,Ceratopogonidae,NA,NA,64,7/27/2017,HickoryBottoms,C,7/12/2017,68,Single
7272017HBC5,OTU1304,SS,1,BOLD:AAI3406,Animalia,Arthropoda,Insecta,Coleoptera,Cerambycidae,Obrium,Obrium rufulum,65,7/27/2017,HickoryBottoms,C,7/12/2017,68,Single
7272017HBC5,OTU1317,SS,0.01,BOLD:AAN5451,Animalia,Arthropoda,Arachnida,Araneae,Araneidae,Eustala,NA,26,7/27/2017,HickoryBottoms,C,7/12/2017,68,Single
7272017HBC5,OTU1319,GS,98.3,BOLD:AAP3037,Animalia,Arthropoda,Insecta,Diptera,NA,NA,NA,28,7/27/2017,HickoryBottoms,C,7/12/2017,68,Single
7272017HBC5,OTU1345,GS,100,BOLD:AAL7329,Animalia,Arthropoda,Insecta,Diptera,Chironomidae,Dicrotendipes,Dicrotendipes modestus,10,7/27/2017,HickoryBottoms,C,7/12/2017,68,Single
7272017HBC5,OTU1350,GS,97.2,BOLD:AAA7067,Animalia,Arthropoda,Insecta,Diptera,Culicidae,Aedes,Aedes vexans,13,7/27/2017,HickoryBottoms,C,7/12/2017,68,Single
7272017HBC5,OTU1360,GS,100,BOLD:AAB3170,Animalia,Arthropoda,Insecta,Lepidoptera,Tineidae,Homostinea,Homostinea curviliniella,11,7/27/2017,HickoryBottoms,C,7/12/2017,68,Single
7272017HBC5,OTU1361,GS,100,BOLD:AAC0584,Animalia,Arthropoda,Insecta,Diptera,Culicidae,Anopheles,Anopheles punctipennis,34,7/27/2017,HickoryBottoms,C,7/12/2017,68,Single
7272017HBC5,OTU1403,SS,0.36,BOLD:ACV0130,Animalia,Arthropoda,Insecta,Diptera,NA,NA,NA,25,7/27/2017,HickoryBottoms,C,7/12/2017,68,Single
7272017HBC5,OTU1407,GS,100,BOLD:AAF9371,Animalia,Arthropoda,Insecta,Lepidoptera,Tortricidae,Aethes,Aethes baloghi,1,7/27/2017,HickoryBottoms,C,7/12/2017,68,Single
7272017HBC5,OTU1635,US,0,None,Animalia,Arthropoda,Arachnida,Araneae,NA,NA,NA,9,7/27/2017,HickoryBottoms,C,7/12/2017,68,Single
7272017HBC5,OTU1656,US,0.9715,BOLD:AAD6798,Animalia,Arthropoda,Insecta,Diptera,NA,NA,NA,1,7/27/2017,HickoryBottoms,C,7/12/2017,68,Single
7272017HBC5,OTU1683,SS,0.84,BOLD:AAF4632,Animalia,Arthropoda,Insecta,Diptera,Limoniidae,Epiphragma,Epiphragma solatrix,6,7/27/2017,HickoryBottoms,C,7/12/2017,68,Single
7272017HBC5,OTU1722,GS,97.8,BOLD:AAB8920,Animalia,Arthropoda,Insecta,Lepidoptera,Zygaenidae,Harrisina,Harrisina americana,1,7/27/2017,HickoryBottoms,C,7/12/2017,68,Single
7272017HBC5,OTU1724,US,0.8732,BOLD:ABW0552,Animalia,Arthropoda,Insecta,Lepidoptera,NA,NA,NA,5,7/27/2017,HickoryBottoms,C,7/12/2017,68,Single
7272017HBC5,OTU1741,GS,98.3,BOLD:AAP9050,Animalia,Arthropoda,Insecta,Diptera,Ceratopogonidae,NA,NA,21,7/27/2017,HickoryBottoms,C,7/12/2017,68,Single
7272017HBC5,OTU1756,SS,0.97,BOLD:AAG3848,Animalia,Arthropoda,Insecta,Diptera,Culicidae,Culex,Culex erraticus,8,7/27/2017,HickoryBottoms,C,7/12/2017,68,Single
7272017HBC5,OTU1762,SS,0.01,BOLD:ABW9931,Animalia,Arthropoda,Insecta,Coleoptera,Cleridae,Neorthopleura,NA,18,7/27/2017,HickoryBottoms,C,7/12/2017,68,Single
7272017HBC5,OTU1772,GS,98.9,BOLD:ACA3275,Animalia,Arthropoda,Insecta,Diptera,Chironomidae,Dicrotendipes,NA,9,7/27/2017,HickoryBottoms,C,7/12/2017,68,Single
7272017HBC5,OTU1796,GS,97.2,BOLD:AAB4915,Animalia,Arthropoda,Insecta,Lepidoptera,Tortricidae,Episimus,Episimus argutana,3,7/27/2017,HickoryBottoms,C,7/12/2017,68,Single
7272017HBC5,OTU1834,SS,0.74,BOLD:AAF4632,Animalia,Arthropoda,Insecta,Diptera,NA,NA,NA,15,7/27/2017,HickoryBottoms,C,7/12/2017,68,Single
7272017HBC5,OTU1871,SS,0.85,BOLD:AAG3848,Animalia,Arthropoda,Insecta,Diptera,Culicidae,Culex,Culex erraticus,1,7/27/2017,HickoryBottoms,C,7/12/2017,68,Single
7272017HBC5,OTU1919,GS,98.3,BOLD:ACJ1988,Animalia,Arthropoda,Insecta,Diptera,Ceratopogonidae,NA,NA,21,7/27/2017,HickoryBottoms,C,7/12/2017,68,Single
7272017HBC6,OTU1,US,0.0026,BOLD:AAD6798,Animalia,Arthropoda,Insecta,Diptera,NA,NA,NA,398,7/27/2017,HickoryBottoms,C,7/12/2017,68,Single
7272017HBC6,OTU5,GS,99.4,BOLD:AAN5451,Animalia,Arthropoda,Arachnida,Araneae,Araneidae,Eustala,NA,13412,7/27/2017,HickoryBottoms,C,7/12/2017,68,Single
7272017HBC6,OTU7,GS,100,BOLD:AAF4632,Animalia,Arthropoda,Insecta,Diptera,Limoniidae,Epiphragma,Epiphragma solatrix,310,7/27/2017,HickoryBottoms,C,7/12/2017,68,Single
7272017HBC6,OTU17,GS,100,BOLD:AAB3702,Animalia,Arthropoda,Insecta,Trichoptera,Hydropsychidae,Potamyia,Potamyia flava,8127,7/27/2017,HickoryBottoms,C,7/12/2017,68,Single
7272017HBC6,OTU65,GS,100,BOLD:AAA1517,Animalia,Arthropoda,Insecta,Lepidoptera,Tortricidae,Choristoneura,Choristoneura rosaceana,1122,7/27/2017,HickoryBottoms,C,7/12/2017,68,Single
7272017HBC6,OTU88,GS,100,BOLD:AAE0434,Animalia,Arthropoda,Insecta,Diptera,Culicidae,Uranotaenia,Uranotaenia sapphirina,545,7/27/2017,HickoryBottoms,C,7/12/2017,68,Single
7272017HBC6,OTU89,GS,98.3,BOLD:ABW2415,Animalia,Arthropoda,Insecta,Diptera,Tipulidae,Nephrotoma,Nephrotoma okefenoke,538,7/27/2017,HickoryBottoms,C,7/12/2017,68,Single
7272017HBC6,OTU101,US,0.2887,None,Animalia,Arthropoda,Insecta,Hemiptera,NA,NA,NA,885,7/27/2017,HickoryBottoms,C,7/12/2017,68,Single
7272017HBC6,OTU105,GS,100,BOLD:AAB7936,Animalia,Arthropoda,Insecta,Lepidoptera,Oecophoridae,Inga,Inga sparsiciliella,321,7/27/2017,HickoryBottoms,C,7/12/2017,68,Single
7272017HBC6,OTU110,GS,99.4,BOLD:AAJ0542,Animalia,Arthropoda,Arachnida,Araneae,Theridiidae,Euryopis,Euryopis funebris,52,7/27/2017,HickoryBottoms,C,7/12/2017,68,Single
7272017HBC6,OTU115,GS,100,BOLD:AAA4942,Animalia,Arthropoda,Arachnida,Araneae,Tetragnathidae,Tetragnatha,Tetragnatha elongata,2689,7/27/2017,HickoryBottoms,C,7/12/2017,68,Single
7272017HBC6,OTU125,GS,100,BOLD:ACX4440,Animalia,Arthropoda,Insecta,Coleoptera,NA,NA,NA,556,7/27/2017,HickoryBottoms,C,7/12/2017,68,Single
7272017HBC6,OTU148,GS,100,BOLD:AAK7352,Animalia,Arthropoda,Arachnida,Araneae,Araneidae,Metepeira,Metepeira labyrinthea,116,7/27/2017,HickoryBottoms,C,7/12/2017,68,Single
7272017HBC6,OTU149,GS,99.4,BOLD:AAH4942,Animalia,Arthropoda,Insecta,Lepidoptera,Gelechiidae,Dichomeris,NA,880,7/27/2017,HickoryBottoms,C,7/12/2017,68,Single
7272017HBC6,OTU193,GS,98.9,BOLD:AAI4436,Animalia,Arthropoda,Insecta,Lepidoptera,Gelechiidae,Aristotelia,NA,132,7/27/2017,HickoryBottoms,C,7/12/2017,68,Single
7272017HBC6,OTU203,GS,100,BOLD:AAB0603,Animalia,Arthropoda,Insecta,Lepidoptera,Gelechiidae,Pseudotelphusa,Pseudotelphusa quercinigracella,26,7/27/2017,HickoryBottoms,C,7/12/2017,68,Single
7272017HBC6,OTU219,GS,100,BOLD:AAD1855,Animalia,Arthropoda,Insecta,Lepidoptera,Tortricidae,Episimus,Episimus tyrius,56,7/27/2017,HickoryBottoms,C,7/12/2017,68,Single
7272017HBC6,OTU222,GS,100,BOLD:AAU7129,Animalia,Arthropoda,Insecta,Coleoptera,Bostrichidae,Xylobiops,Xylobiops basilaris,1737,7/27/2017,HickoryBottoms,C,7/12/2017,68,Single
7272017HBC6,OTU223,GS,100,BOLD:ABZ0282,Animalia,Arthropoda,Insecta,Orthoptera,Trigonidiidae,Anaxipha,Anaxipha exigua,200,7/27/2017,HickoryBottoms,C,7/12/2017,68,Single
7272017HBC6,OTU238,GS,100,BOLD:AAC2281,Animalia,Arthropoda,Insecta,Diptera,Culicidae,Anopheles,Anopheles quadrimaculatus,156,7/27/2017,HickoryBottoms,C,7/12/2017,68,Single
7272017HBC6,OTU244,GS,100,BOLD:AAB1096,Animalia,Arthropoda,Insecta,Lepidoptera,Blastobasidae,Blastobasis,Blastobasis glandulella,41,7/27/2017,HickoryBottoms,C,7/12/2017,68,Single
7272017HBC6,OTU383,GS,100,BOLD:AAA1467,Animalia,Arthropoda,Insecta,Hymenoptera,Formicidae,Formica,Formica neogagates group,110,7/27/2017,HickoryBottoms,C,7/12/2017,68,Single
7272017HBC6,OTU494,GS,99.4,BOLD:AAH3231,Animalia,Arthropoda,Insecta,Psocodea,Psocidae,NA,NA,9,7/27/2017,HickoryBottoms,C,7/12/2017,68,Single
7272017HBC6,OTU541,US,0.9919,BOLD:AAJ2923,Animalia,Arthropoda,Insecta,Hemiptera,NA,NA,NA,126,7/27/2017,HickoryBottoms,C,7/12/2017,68,Single
7272017HBC6,OTU550,SS,0.63,BOLD:AAZ2096,Animalia,Arthropoda,Insecta,Hemiptera,NA,NA,NA,14,7/27/2017,HickoryBottoms,C,7/12/2017,68,Single
7272017HBC6,OTU573,GS,98.9,BOLD:AAB8921,Animalia,Arthropoda,Insecta,Lepidoptera,Zygaenidae,Harrisina,Harrisina americana,125,7/27/2017,HickoryBottoms,C,7/12/2017,68,Single
7272017HBC6,OTU613,GS,100,BOLD:AAC1001,Animalia,Arthropoda,Insecta,Lepidoptera,Gracillariidae,Caloptilia,Caloptilia blandella,22,7/27/2017,HickoryBottoms,C,7/12/2017,68,Single
7272017HBC6,OTU729,GS,100,BOLD:AAA7282,Animalia,Arthropoda,Insecta,Lepidoptera,Tortricidae,Cydia,Cydia caryana,46,7/27/2017,HickoryBottoms,C,7/12/2017,68,Single
7272017HBC6,OTU769,GS,100,BOLD:AAE8646,Animalia,Arthropoda,Insecta,Hymenoptera,Formicidae,Solenopsis,Solenopsis molesta,12,7/27/2017,HickoryBottoms,C,7/12/2017,68,Single
7272017HBC6,OTU914,US,0,BOLD:ACL5453,Animalia,Arthropoda,Insecta,Hymenoptera,NA,NA,NA,69,7/27/2017,HickoryBottoms,C,7/12/2017,68,Single
7272017HBC6,OTU916,GS,100,BOLD:AAB2176,Animalia,Arthropoda,Insecta,Lepidoptera,Gelechiidae,Arogalea,Arogalea cristifasciella,11,7/27/2017,HickoryBottoms,C,7/12/2017,68,Single
7272017HBC6,OTU923,GS,100,BOLD:AAN5931,Animalia,Arthropoda,Insecta,Coleoptera,Scirtidae,Cyphon,NA,14,7/27/2017,HickoryBottoms,C,7/12/2017,68,Single
7272017HBC6,OTU993,GS,100,BOLD:AAA9219,Animalia,Arthropoda,Insecta,Hymenoptera,Braconidae,Meteorus,Meteorus trachynotus,109,7/27/2017,HickoryBottoms,C,7/12/2017,68,Single
7272017HBC6,OTU1097,GS,97.2,BOLD:AAN5451,Animalia,Arthropoda,Arachnida,Araneae,Araneidae,Eustala,NA,300,7/27/2017,HickoryBottoms,C,7/12/2017,68,Single
7272017HBC6,OTU1212,SS,0.52,BOLD:ABX7282,Animalia,Arthropoda,Insecta,Hemiptera,NA,NA,NA,4,7/27/2017,HickoryBottoms,C,7/12/2017,68,Single
7272017HBC6,OTU1293,GS,100,BOLD:AAG8605,Animalia,Arthropoda,Insecta,Lepidoptera,Gelechiidae,Monochroa,NA,15,7/27/2017,HickoryBottoms,C,7/12/2017,68,Single
7272017HBC6,OTU1317,SS,0.01,BOLD:AAN5451,Animalia,Arthropoda,Arachnida,Araneae,Araneidae,Eustala,NA,23,7/27/2017,HickoryBottoms,C,7/12/2017,68,Single
7272017HBC6,OTU1417,SS,0.74,BOLD:AAJ2923,Animalia,Arthropoda,Insecta,Hemiptera,NA,NA,NA,26,7/27/2017,HickoryBottoms,C,7/12/2017,68,Single
7272017HBC6,OTU1478,US,1,None,Animalia,Arthropoda,Insecta,Mantodea,NA,NA,NA,7,7/27/2017,HickoryBottoms,C,7/12/2017,68,Single
7272017HBC6,OTU1651,SS,0.93,BOLD:AAU7129,Animalia,Arthropoda,Insecta,Coleoptera,Bostrichidae,Xylobiops,Xylobiops basilaris,5,7/27/2017,HickoryBottoms,C,7/12/2017,68,Single
7272017HBC6,OTU1722,GS,97.8,BOLD:AAB8920,Animalia,Arthropoda,Insecta,Lepidoptera,Zygaenidae,Harrisina,Harrisina americana,20,7/27/2017,HickoryBottoms,C,7/12/2017,68,Single
7272017HBC9,OTU3,GS,100,BOLD:AAP2734,Animalia,Arthropoda,Insecta,Diptera,Limoniidae,Erioptera,Erioptera parva,68990,7/27/2017,HickoryBottoms,C,7/12/2017,68,Single
7272017HBC9,OTU4,GS,100,BOLD:AAN5882,Animalia,Arthropoda,Insecta,Diptera,Limoniidae,Erioptera,Erioptera caliptera,1350,7/27/2017,HickoryBottoms,C,7/12/2017,68,Single
7272017HBC9,OTU5,GS,99.4,BOLD:AAN5451,Animalia,Arthropoda,Arachnida,Araneae,Araneidae,Eustala,NA,33573,7/27/2017,HickoryBottoms,C,7/12/2017,68,Single
7272017HBC9,OTU7,GS,100,BOLD:AAF4632,Animalia,Arthropoda,Insecta,Diptera,Limoniidae,Epiphragma,Epiphragma solatrix,11900,7/27/2017,HickoryBottoms,C,7/12/2017,68,Single
7272017HBC9,OTU11,GS,99.4,BOLD:AAG3848,Animalia,Arthropoda,Insecta,Diptera,Culicidae,Culex,Culex erraticus,6732,7/27/2017,HickoryBottoms,C,7/12/2017,68,Single
7272017HBC9,OTU13,GS,100,BOLD:ABV1771,Animalia,Arthropoda,Insecta,Diptera,Limoniidae,NA,NA,216,7/27/2017,HickoryBottoms,C,7/12/2017,68,Single
7272017HBC9,OTU15,GS,100,BOLD:ABZ0908,Animalia,Arthropoda,Insecta,Diptera,Tipulidae,Nephrotoma,Nephrotoma ferruginea,5754,7/27/2017,HickoryBottoms,C,7/12/2017,68,Single
7272017HBC9,OTU21,GS,100,BOLD:ACR3763,Animalia,Arthropoda,Insecta,Coleoptera,Ptilodactylidae,Ptilodactyla,Ptilodactyla serricollis,1139,7/27/2017,HickoryBottoms,C,7/12/2017,68,Single
7272017HBC9,OTU33,GS,100,BOLD:AAB8714,Animalia,Arthropoda,Arachnida,Araneae,Tetragnathidae,Leucauge,Leucauge venusta,34541,7/27/2017,HickoryBottoms,C,7/12/2017,68,Single
7272017HBC9,OTU57,GS,100,BOLD:AAI1618,Animalia,Arthropoda,Insecta,Diptera,Culicidae,Coquillettidia,Coquillettidia perturbans,550,7/27/2017,HickoryBottoms,C,7/12/2017,68,Single
7272017HBC9,OTU65,GS,100,BOLD:AAA1517,Animalia,Arthropoda,Insecta,Lepidoptera,Tortricidae,Choristoneura,Choristoneura rosaceana,667,7/27/2017,HickoryBottoms,C,7/12/2017,68,Single
7272017HBC9,OTU75,GS,99.4,BOLD:AAF4974,Animalia,Arthropoda,Arachnida,Araneae,Theridiidae,Dipoena,Dipoena nigra,123,7/27/2017,HickoryBottoms,C,7/12/2017,68,Single
7272017HBC9,OTU76,US,1,BOLD:ACY1454,Animalia,Arthropoda,Insecta,Hemiptera,NA,NA,NA,111,7/27/2017,HickoryBottoms,C,7/12/2017,68,Single
7272017HBC9,OTU88,GS,100,BOLD:AAE0434,Animalia,Arthropoda,Insecta,Diptera,Culicidae,Uranotaenia,Uranotaenia sapphirina,178,7/27/2017,HickoryBottoms,C,7/12/2017,68,Single
7272017HBC9,OTU92,GS,100,BOLD:AAG8582,Animalia,Arthropoda,Insecta,Lepidoptera,Blastobasidae,Asaphocrita,Asaphocrita aphidiella,1017,7/27/2017,HickoryBottoms,C,7/12/2017,68,Single
7272017HBC9,OTU113,GS,99.4,BOLD:AAC5250,Animalia,Arthropoda,Insecta,Diptera,NA,NA,NA,13966,7/27/2017,HickoryBottoms,C,7/12/2017,68,Single
7272017HBC9,OTU119,GS,100,BOLD:ABZ2971,Animalia,Arthropoda,Insecta,Lepidoptera,Tortricidae,Platynota,Platynota exasperatana,1539,7/27/2017,HickoryBottoms,C,7/12/2017,68,Single
7272017HBC9,OTU144,GS,100,BOLD:AAN6304,Animalia,Arthropoda,Arachnida,Araneae,Araneidae,Araneus,Araneus guttulatus,1859,7/27/2017,HickoryBottoms,C,7/12/2017,68,Single
7272017HBC9,OTU162,GS,100,BOLD:ACI5326,Animalia,Arthropoda,Insecta,Hemiptera,Miridae,Hyaliodes,Hyaliodes vitripennis,476,7/27/2017,HickoryBottoms,C,7/12/2017,68,Single
7272017HBC9,OTU165,US,0.9936,BOLD:ACF8271,Animalia,Arthropoda,Insecta,Diptera,NA,NA,NA,504,7/27/2017,HickoryBottoms,C,7/12/2017,68,Single
7272017HBC9,OTU193,GS,98.9,BOLD:AAI4436,Animalia,Arthropoda,Insecta,Lepidoptera,Gelechiidae,Aristotelia,NA,344,7/27/2017,HickoryBottoms,C,7/12/2017,68,Single
7272017HBC9,OTU198,GS,99.4,BOLD:ABZ1242,Animalia,Arthropoda,Insecta,Diptera,Chironomidae,NA,NA,60,7/27/2017,HickoryBottoms,C,7/12/2017,68,Single
7272017HBC9,OTU204,GS,98.9,BOLD:AAK7682,Animalia,Arthropoda,Arachnida,Araneae,Araneidae,Mangora,Mangora maculata,3538,7/27/2017,HickoryBottoms,C,7/12/2017,68,Single
7272017HBC9,OTU251,GS,100,BOLD:ACC4576,Animalia,Arthropoda,Insecta,Diptera,Culicidae,Psorophora,Psorophora howardii,51,7/27/2017,HickoryBottoms,C,7/12/2017,68,Single
7272017HBC9,OTU367,GS,100,BOLD:AAB8369,Animalia,Arthropoda,Insecta,Lepidoptera,Crambidae,Apogeshna,Apogeshna stenialis,1457,7/27/2017,HickoryBottoms,C,7/12/2017,68,Single
7272017HBC9,OTU396,SS,0.98,BOLD:AAP2734,Animalia,Arthropoda,Insecta,Diptera,Limoniidae,Erioptera,Erioptera parva,329,7/27/2017,HickoryBottoms,C,7/12/2017,68,Single
7272017HBC9,OTU439,GS,100,BOLD:AAI3406,Animalia,Arthropoda,Insecta,Coleoptera,Cerambycidae,Obrium,Obrium rufulum,310,7/27/2017,HickoryBottoms,C,7/12/2017,68,Single
7272017HBC9,OTU508,GS,100,BOLD:AAC0958,Animalia,Arthropoda,Insecta,Lepidoptera,Tortricidae,Hulda,Hulda impudens,164,7/27/2017,HickoryBottoms,C,7/12/2017,68,Single
7272017HBC9,OTU562,GS,100,BOLD:AAF8473,Animalia,Arthropoda,Insecta,Coleoptera,Chrysomelidae,Diabrotica,Diabrotica undecimpunctata,346,7/27/2017,HickoryBottoms,C,7/12/2017,68,Single
7272017HBC9,OTU576,GS,100,BOLD:AAA5192,Animalia,Arthropoda,Insecta,Lepidoptera,Tortricidae,Platynota,Platynota idaeusalis,175,7/27/2017,HickoryBottoms,C,7/12/2017,68,Single
7272017HBC9,OTU580,GS,98.3,BOLD:ABZ0908,Animalia,Arthropoda,Insecta,Diptera,Tipulidae,Nephrotoma,Nephrotoma ferruginea,7,7/27/2017,HickoryBottoms,C,7/12/2017,68,Single
7272017HBC9,OTU635,GS,97.2,BOLD:AAN5882,Animalia,Arthropoda,Insecta,Diptera,Limoniidae,Erioptera,Erioptera caliptera,14,7/27/2017,HickoryBottoms,C,7/12/2017,68,Single
7272017HBC9,OTU715,SS,0.71,BOLD:ABZ0908,Animalia,Arthropoda,Insecta,Diptera,NA,NA,NA,79,7/27/2017,HickoryBottoms,C,7/12/2017,68,Single
7272017HBC9,OTU724,GS,97.8,BOLD:ACL2801,Animalia,Arthropoda,Insecta,Diptera,NA,NA,NA,277,7/27/2017,HickoryBottoms,C,7/12/2017,68,Single
7272017HBC9,OTU782,US,0.2833,BOLD:ACW7520,Animalia,Arthropoda,Insecta,Diptera,NA,NA,NA,75,7/27/2017,HickoryBottoms,C,7/12/2017,68,Single
7272017HBC9,OTU807,GS,99.4,BOLD:AAD2595,Animalia,Arthropoda,Insecta,Diptera,Culicidae,Anopheles,Anopheles walkeri,27,7/27/2017,HickoryBottoms,C,7/12/2017,68,Single
7272017HBC9,OTU863,US,1,BOLD:ACF7687,Animalia,Arthropoda,Arachnida,Araneae,NA,NA,NA,47,7/27/2017,HickoryBottoms,C,7/12/2017,68,Single
7272017HBC9,OTU871,GS,100,BOLD:AAA6740,Animalia,Arthropoda,Insecta,Lepidoptera,Tortricidae,Proteoteras,Proteoteras aesculana,24,7/27/2017,HickoryBottoms,C,7/12/2017,68,Single
7272017HBC9,OTU888,GS,100,BOLD:AAG5541,Animalia,Arthropoda,Insecta,Diptera,Chironomidae,Polypedilum,NA,99,7/27/2017,HickoryBottoms,C,7/12/2017,68,Single
7272017HBC9,OTU981,GSL,98.3,BOLD:AAO1298,Animalia,Arthropoda,Insecta,Lepidoptera,Gracillariidae,Phyllonorycter,NA,152,7/27/2017,HickoryBottoms,C,7/12/2017,68,Single
7272017HBC9,OTU995,GS,100,BOLD:AAN6208,Animalia,Arthropoda,Insecta,Coleoptera,Aderidae,NA,NA,9,7/27/2017,HickoryBottoms,C,7/12/2017,68,Single
7272017HBC9,OTU1061,US,0.9967,BOLD:AAG1951,Animalia,Arthropoda,Insecta,Coleoptera,NA,NA,NA,64,7/27/2017,HickoryBottoms,C,7/12/2017,68,Single
7272017HBC9,OTU1085,GS,98.9,BOLD:ACZ3313,Animalia,Arthropoda,Insecta,Coleoptera,Ptilodactylidae,Ptilodactyla,Ptilodactyla carinata,1,7/27/2017,HickoryBottoms,C,7/12/2017,68,Single
7272017HBC9,OTU1097,GS,97.2,BOLD:AAN5451,Animalia,Arthropoda,Arachnida,Araneae,Araneidae,Eustala,NA,687,7/27/2017,HickoryBottoms,C,7/12/2017,68,Single
7272017HBC9,OTU1116,SS,0.5,BOLD:ABZ0908,Animalia,Arthropoda,Insecta,Diptera,NA,NA,NA,19,7/27/2017,HickoryBottoms,C,7/12/2017,68,Single
7272017HBC9,OTU1138,US,0,BOLD:ACF8271,Animalia,Arthropoda,Insecta,Hymenoptera,NA,NA,NA,165,7/27/2017,HickoryBottoms,C,7/12/2017,68,Single
7272017HBC9,OTU1142,GS,100,BOLD:AAD4097,Animalia,Arthropoda,Insecta,Coleoptera,Chrysomelidae,Cerotoma,Cerotoma trifurcata,113,7/27/2017,HickoryBottoms,C,7/12/2017,68,Single
7272017HBC9,OTU1160,GS,100,BOLD:ACA8790,Animalia,Arthropoda,Insecta,Hemiptera,Derbidae,Otiocerus,Otiocerus signoretii,84,7/27/2017,HickoryBottoms,C,7/12/2017,68,Single
7272017HBC9,OTU1210,GS,97.2,BOLD:AAF4632,Animalia,Arthropoda,Insecta,Diptera,Limoniidae,Epiphragma,Epiphragma solatrix,333,7/27/2017,HickoryBottoms,C,7/12/2017,68,Single
7272017HBC9,OTU1251,SS,0.26,BOLD:AAC5250,Animalia,Arthropoda,Insecta,Diptera,NA,NA,NA,67,7/27/2017,HickoryBottoms,C,7/12/2017,68,Single
7272017HBC9,OTU1265,SS,0.83,BOLD:AAF4632,Animalia,Arthropoda,Insecta,Diptera,Limoniidae,Epiphragma,Epiphragma solatrix,64,7/27/2017,HickoryBottoms,C,7/12/2017,68,Single
7272017HBC9,OTU1292,GS,97.8,BOLD:AAN5882,Animalia,Arthropoda,Insecta,Diptera,Limoniidae,Erioptera,Erioptera caliptera,29,7/27/2017,HickoryBottoms,C,7/12/2017,68,Single
7272017HBC9,OTU1317,SS,0.01,BOLD:AAN5451,Animalia,Arthropoda,Arachnida,Araneae,Araneidae,Eustala,NA,194,7/27/2017,HickoryBottoms,C,7/12/2017,68,Single
7272017HBC9,OTU1360,GS,100,BOLD:AAB3170,Animalia,Arthropoda,Insecta,Lepidoptera,Tineidae,Homostinea,Homostinea curviliniella,28,7/27/2017,HickoryBottoms,C,7/12/2017,68,Single
7272017HBC9,OTU1361,GS,100,BOLD:AAC0584,Animalia,Arthropoda,Insecta,Diptera,Culicidae,Anopheles,Anopheles punctipennis,15,7/27/2017,HickoryBottoms,C,7/12/2017,68,Single
7272017HBC9,OTU1403,SS,0.36,BOLD:ACV0130,Animalia,Arthropoda,Insecta,Diptera,NA,NA,NA,10,7/27/2017,HickoryBottoms,C,7/12/2017,68,Single
7272017HBC9,OTU1480,US,0.9249,BOLD:AAN5882,Animalia,Arthropoda,Insecta,Diptera,NA,NA,NA,23,7/27/2017,HickoryBottoms,C,7/12/2017,68,Single
7272017HBC9,OTU1494,US,0.8732,BOLD:AAF4632,Animalia,Arthropoda,Insecta,Diptera,NA,NA,NA,136,7/27/2017,HickoryBottoms,C,7/12/2017,68,Single
7272017HBC9,OTU1497,SS,0.97,BOLD:AAI1618,Animalia,Arthropoda,Insecta,Diptera,Culicidae,Coquillettidia,Coquillettidia perturbans,279,7/27/2017,HickoryBottoms,C,7/12/2017,68,Single
7272017HBC9,OTU1554,SS,0.92,BOLD:AAP2734,Animalia,Arthropoda,Insecta,Diptera,Limoniidae,Erioptera,Erioptera parva,158,7/27/2017,HickoryBottoms,C,7/12/2017,68,Single
7272017HBC9,OTU1636,SS,0.74,BOLD:AAF4632,Animalia,Arthropoda,Insecta,NA,NA,NA,NA,3,7/27/2017,HickoryBottoms,C,7/12/2017,68,Single
7272017HBC9,OTU1683,SS,0.84,BOLD:AAF4632,Animalia,Arthropoda,Insecta,Diptera,Limoniidae,Epiphragma,Epiphragma solatrix,636,7/27/2017,HickoryBottoms,C,7/12/2017,68,Single
7272017HBC9,OTU1702,SS,0.77,BOLD:ACU0116,Animalia,Arthropoda,Insecta,Hymenoptera,NA,NA,NA,25,7/27/2017,HickoryBottoms,C,7/12/2017,68,Single
7272017HBC9,OTU1705,SS,0.26,BOLD:ADH4973,Animalia,Arthropoda,Insecta,Diptera,NA,NA,NA,20,7/27/2017,HickoryBottoms,C,7/12/2017,68,Single
7272017HBC9,OTU1756,SS,0.97,BOLD:AAG3848,Animalia,Arthropoda,Insecta,Diptera,Culicidae,Culex,Culex erraticus,8,7/27/2017,HickoryBottoms,C,7/12/2017,68,Single
7272017HBC9,OTU1818,GS,97.9,BOLD:AAF4632,Animalia,Arthropoda,Insecta,Diptera,Limoniidae,Epiphragma,Epiphragma solatrix,11,7/27/2017,HickoryBottoms,C,7/12/2017,68,Single
7272017HBC9,OTU1834,SS,0.74,BOLD:AAF4632,Animalia,Arthropoda,Insecta,Diptera,NA,NA,NA,3,7/27/2017,HickoryBottoms,C,7/12/2017,68,Single
7272017HBC9,OTU1871,SS,0.85,BOLD:AAG3848,Animalia,Arthropoda,Insecta,Diptera,Culicidae,Culex,Culex erraticus,2,7/27/2017,HickoryBottoms,C,7/12/2017,68,Single
7272017HBC9,OTU1910,SS,0.87,BOLD:ABZ0908,Animalia,Arthropoda,Insecta,Diptera,Tipulidae,Nephrotoma,Nephrotoma ferruginea,1,7/27/2017,HickoryBottoms,C,7/12/2017,68,Single
7272017HBD1,OTU5,GS,99.4,BOLD:AAN5451,Animalia,Arthropoda,Arachnida,Araneae,Araneidae,Eustala,NA,639,7/27/2017,HickoryBottoms,D,7/12/2017,73,Single
7272017HBD1,OTU14,GS,99.4,BOLD:AAO3940,Animalia,Arthropoda,Insecta,Diptera,Limoniidae,Rhipidia,NA,49843,7/27/2017,HickoryBottoms,D,7/12/2017,73,Single
7272017HBD1,OTU16,GS,100,BOLD:AAA7067,Animalia,Arthropoda,Insecta,Diptera,Culicidae,Aedes,Aedes vexans,194,7/27/2017,HickoryBottoms,D,7/12/2017,73,Single
7272017HBD1,OTU87,US,0,BOLD:ABY2339,Animalia,Arthropoda,Insecta,Diptera,NA,NA,NA,23,7/27/2017,HickoryBottoms,D,7/12/2017,73,Single
7272017HBD1,OTU92,GS,100,BOLD:AAG8582,Animalia,Arthropoda,Insecta,Lepidoptera,Blastobasidae,Asaphocrita,Asaphocrita aphidiella,210,7/27/2017,HickoryBottoms,D,7/12/2017,73,Single
7272017HBD1,OTU135,GS,99.4,BOLD:AAA5872,Animalia,Arthropoda,Insecta,Lepidoptera,Gelechiidae,Chionodes,Chionodes mediofuscella,22,7/27/2017,HickoryBottoms,D,7/12/2017,73,Single
7272017HBD1,OTU165,US,0.9936,BOLD:ACF8271,Animalia,Arthropoda,Insecta,Diptera,NA,NA,NA,355,7/27/2017,HickoryBottoms,D,7/12/2017,73,Single
7272017HBD1,OTU203,GS,100,BOLD:AAB0603,Animalia,Arthropoda,Insecta,Lepidoptera,Gelechiidae,Pseudotelphusa,Pseudotelphusa quercinigracella,818,7/27/2017,HickoryBottoms,D,7/12/2017,73,Single
7272017HBD1,OTU210,GS,100,BOLD:AAP2869,Animalia,Arthropoda,Insecta,Diptera,Dolichopodidae,Gymnopternus,Gymnopternus vockerothi,12,7/27/2017,HickoryBottoms,D,7/12/2017,73,Single
7272017HBD1,OTU219,GS,100,BOLD:AAD1855,Animalia,Arthropoda,Insecta,Lepidoptera,Tortricidae,Episimus,Episimus tyrius,95,7/27/2017,HickoryBottoms,D,7/12/2017,73,Single
7272017HBD1,OTU230,GS,100,BOLD:AAG3850,Animalia,Arthropoda,Insecta,Diptera,Culicidae,Psorophora,Psorophora columbiae,47,7/27/2017,HickoryBottoms,D,7/12/2017,73,Single
7272017HBD1,OTU270,GS,100,BOLD:AAB6541,Animalia,Arthropoda,Insecta,Lepidoptera,Gelechiidae,Coleotechnites,Coleotechnites florae,214,7/27/2017,HickoryBottoms,D,7/12/2017,73,Single
7272017HBD1,OTU279,US,0.9881,BOLD:AAL9881,Animalia,Arthropoda,Arachnida,Araneae,NA,NA,NA,16,7/27/2017,HickoryBottoms,D,7/12/2017,73,Single
7272017HBD1,OTU347,GS,100,BOLD:AAD2111,Animalia,Arthropoda,Arachnida,Araneae,Thomisidae,Tmarus,Tmarus angulatus,11,7/27/2017,HickoryBottoms,D,7/12/2017,73,Single
7272017HBD1,OTU374,US,0,BOLD:ACT8457,Animalia,Arthropoda,Insecta,Hymenoptera,NA,NA,NA,163,7/27/2017,HickoryBottoms,D,7/12/2017,73,Single
7272017HBD1,OTU410,SS,0.26,BOLD:ABZ3458,Animalia,Arthropoda,Insecta,Lepidoptera,NA,NA,NA,76,7/27/2017,HickoryBottoms,D,7/12/2017,73,Single
7272017HBD1,OTU463,SS,0.21,BOLD:AAF2681,Animalia,Arthropoda,Insecta,Lepidoptera,NA,NA,NA,56,7/27/2017,HickoryBottoms,D,7/12/2017,73,Single
7272017HBD1,OTU494,GS,99.4,BOLD:AAH3231,Animalia,Arthropoda,Insecta,Psocodea,Psocidae,NA,NA,19,7/27/2017,HickoryBottoms,D,7/12/2017,73,Single
7272017HBD1,OTU573,GS,98.9,BOLD:AAB8921,Animalia,Arthropoda,Insecta,Lepidoptera,Zygaenidae,Harrisina,Harrisina americana,6,7/27/2017,HickoryBottoms,D,7/12/2017,73,Single
7272017HBD1,OTU767,GS,100,BOLD:AAC7129,Animalia,Arthropoda,Insecta,Lepidoptera,Tischeriidae,Coptotriche,Coptotriche citrinipennella,6,7/27/2017,HickoryBottoms,D,7/12/2017,73,Single
7272017HBD1,OTU798,SS,0.6,BOLD:AAO3940,Animalia,Arthropoda,Insecta,Diptera,NA,NA,NA,7,7/27/2017,HickoryBottoms,D,7/12/2017,73,Single
7272017HBD1,OTU907,SS,0.01,BOLD:AAO3940,Animalia,Arthropoda,Insecta,Diptera,Limoniidae,Rhipidia,NA,11,7/27/2017,HickoryBottoms,D,7/12/2017,73,Single
7272017HBD1,OTU916,GS,100,BOLD:AAB2176,Animalia,Arthropoda,Insecta,Lepidoptera,Gelechiidae,Arogalea,Arogalea cristifasciella,28,7/27/2017,HickoryBottoms,D,7/12/2017,73,Single
7272017HBD1,OTU935,SS,0.01,BOLD:AAO3940,Animalia,Arthropoda,Insecta,Diptera,Limoniidae,Rhipidia,NA,76,7/27/2017,HickoryBottoms,D,7/12/2017,73,Single
7272017HBD1,OTU1097,GS,97.2,BOLD:AAN5451,Animalia,Arthropoda,Arachnida,Araneae,Araneidae,Eustala,NA,51,7/27/2017,HickoryBottoms,D,7/12/2017,73,Single
7272017HBD1,OTU1137,GS,100,BOLD:AAE0697,Animalia,Arthropoda,Insecta,Lepidoptera,Autostichidae,Glyphidocera,Glyphidocera juniperella,66,7/27/2017,HickoryBottoms,D,7/12/2017,73,Single
7272017HBD1,OTU1210,GS,97.2,BOLD:AAF4632,Animalia,Arthropoda,Insecta,Diptera,Limoniidae,Epiphragma,Epiphragma solatrix,10,7/27/2017,HickoryBottoms,D,7/12/2017,73,Single
7272017HBD1,OTU1248,GS,100,BOLD:ABA2269,Animalia,Arthropoda,Insecta,Lepidoptera,Pyralidae,Arta,Arta olivalis,67,7/27/2017,HickoryBottoms,D,7/12/2017,73,Single
7272017HBD1,OTU1582,GS,98.9,BOLD:AAF9984,Animalia,Arthropoda,Insecta,Lepidoptera,Gelechiidae,Glauce,NA,2,7/27/2017,HickoryBottoms,D,7/12/2017,73,Single
7272017HBD1,OTU1683,SS,0.84,BOLD:AAF4632,Animalia,Arthropoda,Insecta,Diptera,Limoniidae,Epiphragma,Epiphragma solatrix,4,7/27/2017,HickoryBottoms,D,7/12/2017,73,Single
7272017HBD1,OTU1748,SS,0.6,BOLD:ACF8409,Animalia,Arthropoda,Insecta,Diptera,NA,NA,NA,1,7/27/2017,HickoryBottoms,D,7/12/2017,73,Single
7272017HBD1,OTU1799,SS,0.24,BOLD:AAA4967,Animalia,Arthropoda,Insecta,Lepidoptera,NA,NA,NA,11,7/27/2017,HickoryBottoms,D,7/12/2017,73,Single
7272017HBD1,OTU1800,US,0.3913,None,Animalia,Arthropoda,Insecta,Diptera,NA,NA,NA,1,7/27/2017,HickoryBottoms,D,7/12/2017,73,Single
7272017HBD1,OTU1896,US,0.9201,BOLD:AAA0693,Animalia,Arthropoda,Insecta,Lepidoptera,NA,NA,NA,4,7/27/2017,HickoryBottoms,D,7/12/2017,73,Single
7272017HBD10,OTU3,GS,100,BOLD:AAP2734,Animalia,Arthropoda,Insecta,Diptera,Limoniidae,Erioptera,Erioptera parva,24146,7/27/2017,HickoryBottoms,D,7/12/2017,73,Single
7272017HBD10,OTU198,GS,99.4,BOLD:ABZ1242,Animalia,Arthropoda,Insecta,Diptera,Chironomidae,NA,NA,4,7/27/2017,HickoryBottoms,D,7/12/2017,73,Single
7272017HBD10,OTU517,US,0,None,Animalia,Arthropoda,Insecta,Diptera,NA,NA,NA,1,7/27/2017,HickoryBottoms,D,7/12/2017,73,Single
7272017HBD10,OTU1292,GS,97.8,BOLD:AAN5882,Animalia,Arthropoda,Insecta,Diptera,Limoniidae,Erioptera,Erioptera caliptera,5,7/27/2017,HickoryBottoms,D,7/12/2017,73,Single
7272017HBD10,OTU1480,US,0.9249,BOLD:AAN5882,Animalia,Arthropoda,Insecta,Diptera,NA,NA,NA,2,7/27/2017,HickoryBottoms,D,7/12/2017,73,Single
7272017HBD10,OTU1494,US,0.8732,BOLD:AAF4632,Animalia,Arthropoda,Insecta,Diptera,NA,NA,NA,3,7/27/2017,HickoryBottoms,D,7/12/2017,73,Single
7272017HBD10,OTU1497,SS,0.97,BOLD:AAI1618,Animalia,Arthropoda,Insecta,Diptera,Culicidae,Coquillettidia,Coquillettidia perturbans,3,7/27/2017,HickoryBottoms,D,7/12/2017,73,Single
7272017HBD10,OTU1554,SS,0.92,BOLD:AAP2734,Animalia,Arthropoda,Insecta,Diptera,Limoniidae,Erioptera,Erioptera parva,19,7/27/2017,HickoryBottoms,D,7/12/2017,73,Single
7272017HBD2,OTU5,GS,99.4,BOLD:AAN5451,Animalia,Arthropoda,Arachnida,Araneae,Araneidae,Eustala,NA,1629,7/27/2017,HickoryBottoms,D,7/12/2017,73,Single
7272017HBD2,OTU17,GS,100,BOLD:AAB3702,Animalia,Arthropoda,Insecta,Trichoptera,Hydropsychidae,Potamyia,Potamyia flava,14057,7/27/2017,HickoryBottoms,D,7/12/2017,73,Single
7272017HBD2,OTU87,US,0,BOLD:ABY2339,Animalia,Arthropoda,Insecta,Diptera,NA,NA,NA,36,7/27/2017,HickoryBottoms,D,7/12/2017,73,Single
7272017HBD2,OTU105,GS,100,BOLD:AAB7936,Animalia,Arthropoda,Insecta,Lepidoptera,Oecophoridae,Inga,Inga sparsiciliella,4771,7/27/2017,HickoryBottoms,D,7/12/2017,73,Single
7272017HBD2,OTU120,GS,100,BOLD:AAV3042,Animalia,Arthropoda,Arachnida,Araneae,Theridiidae,Theridion,Theridion albidum,134,7/27/2017,HickoryBottoms,D,7/12/2017,73,Single
7272017HBD2,OTU141,GS,100,BOLD:ABX6186,Animalia,Arthropoda,Insecta,Diptera,Tipulidae,Nephrotoma,Nephrotoma ferruginea,17,7/27/2017,HickoryBottoms,D,7/12/2017,73,Single
7272017HBD2,OTU165,US,0.9936,BOLD:ACF8271,Animalia,Arthropoda,Insecta,Diptera,NA,NA,NA,1232,7/27/2017,HickoryBottoms,D,7/12/2017,73,Single
7272017HBD2,OTU198,GS,99.4,BOLD:ABZ1242,Animalia,Arthropoda,Insecta,Diptera,Chironomidae,NA,NA,7,7/27/2017,HickoryBottoms,D,7/12/2017,73,Single
7272017HBD2,OTU202,US,0.9967,BOLD:ACF8271,Animalia,Arthropoda,Insecta,Hymenoptera,NA,NA,NA,191,7/27/2017,HickoryBottoms,D,7/12/2017,73,Single
7272017HBD2,OTU230,GS,100,BOLD:AAG3850,Animalia,Arthropoda,Insecta,Diptera,Culicidae,Psorophora,Psorophora columbiae,756,7/27/2017,HickoryBottoms,D,7/12/2017,73,Single
7272017HBD2,OTU257,GS,100,BOLD:AAA5803,Animalia,Arthropoda,Insecta,Hemiptera,Miridae,Lygus,Lygus lineolaris,15,7/27/2017,HickoryBottoms,D,7/12/2017,73,Single
7272017HBD2,OTU266,US,0,None,Animalia,Arthropoda,Insecta,Diptera,NA,NA,NA,17,7/27/2017,HickoryBottoms,D,7/12/2017,73,Single
7272017HBD2,OTU290,GS,100,BOLD:AAE4427,Animalia,Arthropoda,Insecta,Lepidoptera,Tineidae,Xylesthia,Xylesthia pruniramiella,7,7/27/2017,HickoryBottoms,D,7/12/2017,73,Single
7272017HBD2,OTU325,GS,100,BOLD:AAB6013,Animalia,Arthropoda,Insecta,Lepidoptera,Tortricidae,Phaecasiophora,Phaecasiophora confixana,24,7/27/2017,HickoryBottoms,D,7/12/2017,73,Single
7272017HBD2,OTU374,US,0,BOLD:ACT8457,Animalia,Arthropoda,Insecta,Hymenoptera,NA,NA,NA,175,7/27/2017,HickoryBottoms,D,7/12/2017,73,Single
7272017HBD2,OTU408,GS,100,BOLD:AAA2955,Animalia,Arthropoda,Insecta,Lepidoptera,Tortricidae,Argyrotaenia,Argyrotaenia ljungiana,15,7/27/2017,HickoryBottoms,D,7/12/2017,73,Single
7272017HBD2,OTU580,GS,98.3,BOLD:ABZ0908,Animalia,Arthropoda,Insecta,Diptera,Tipulidae,Nephrotoma,Nephrotoma ferruginea,8,7/27/2017,HickoryBottoms,D,7/12/2017,73,Single
7272017HBD2,OTU686,US,0.9919,BOLD:ACT2785,Animalia,Arthropoda,Insecta,Hymenoptera,NA,NA,NA,1,7/27/2017,HickoryBottoms,D,7/12/2017,73,Single
7272017HBD2,OTU906,US,0,BOLD:ACO4200,Animalia,Arthropoda,Insecta,Coleoptera,NA,NA,NA,14,7/27/2017,HickoryBottoms,D,7/12/2017,73,Single
7272017HBD2,OTU1097,GS,97.2,BOLD:AAN5451,Animalia,Arthropoda,Arachnida,Araneae,Araneidae,Eustala,NA,75,7/27/2017,HickoryBottoms,D,7/12/2017,73,Single
7272017HBD2,OTU1317,SS,0.01,BOLD:AAN5451,Animalia,Arthropoda,Arachnida,Araneae,Araneidae,Eustala,NA,9,7/27/2017,HickoryBottoms,D,7/12/2017,73,Single
7272017HBD2,OTU1569,SS,0.91,BOLD:AAB3702,Animalia,Arthropoda,Insecta,Trichoptera,Hydropsychidae,Potamyia,Potamyia flava,6,7/27/2017,HickoryBottoms,D,7/12/2017,73,Single
7272017HBD2,OTU1657,GS,100,BOLD:AAG4917,Animalia,Arthropoda,Insecta,Diptera,Mycetophilidae,Clastobasis,NA,26,7/27/2017,HickoryBottoms,D,7/12/2017,73,Single
7272017HBD2,OTU1800,US,0.3913,None,Animalia,Arthropoda,Insecta,Diptera,NA,NA,NA,2,7/27/2017,HickoryBottoms,D,7/12/2017,73,Single
7272017HBD3,OTU11,GS,99.4,BOLD:AAG3848,Animalia,Arthropoda,Insecta,Diptera,Culicidae,Culex,Culex erraticus,407,7/27/2017,HickoryBottoms,D,7/12/2017,73,Single
7272017HBD3,OTU58,SS,0.22,BOLD:AAK5607,Animalia,Arthropoda,Insecta,Diptera,NA,NA,NA,24078,7/27/2017,HickoryBottoms,D,7/12/2017,73,Single
7272017HBD3,OTU219,GS,100,BOLD:AAD1855,Animalia,Arthropoda,Insecta,Lepidoptera,Tortricidae,Episimus,Episimus tyrius,26,7/27/2017,HickoryBottoms,D,7/12/2017,73,Single
7272017HBD3,OTU322,GS,100,BOLD:AAC2499,Animalia,Arthropoda,Insecta,Diptera,Drosophilidae,Drosophila,Drosophila suzukii,18,7/27/2017,HickoryBottoms,D,7/12/2017,73,Single
7272017HBD3,OTU416,GS,99.4,BOLD:AAP4625,Animalia,Arthropoda,Insecta,Psocodea,Lepidopsocidae,Echmepteryx,Echmepteryx hageni,1742,7/27/2017,HickoryBottoms,D,7/12/2017,73,Single
7272017HBD3,OTU476,US,0,BOLD:AAU6512,Animalia,Arthropoda,Insecta,Neuroptera,NA,NA,NA,4,7/27/2017,HickoryBottoms,D,7/12/2017,73,Single
7272017HBD3,OTU543,GS,100,BOLD:AAA7928,Animalia,Arthropoda,Insecta,Lepidoptera,Blastobasidae,Blastobasis,Blastobasis taurusella,7,7/27/2017,HickoryBottoms,D,7/12/2017,73,Single
7272017HBD3,OTU576,GS,100,BOLD:AAA5192,Animalia,Arthropoda,Insecta,Lepidoptera,Tortricidae,Platynota,Platynota idaeusalis,13,7/27/2017,HickoryBottoms,D,7/12/2017,73,Single
7272017HBD3,OTU741,GS,100,BOLD:AAA4123,Animalia,Arthropoda,Arachnida,Araneae,Araneidae,Neoscona,Neoscona arabesca,1,7/27/2017,HickoryBottoms,D,7/12/2017,73,Single
7272017HBD3,OTU794,GS,100,BOLD:AAD2564,Animalia,Arthropoda,Insecta,Lepidoptera,Gelechiidae,Chionodes,Chionodes fuscomaculella,11,7/27/2017,HickoryBottoms,D,7/12/2017,73,Single
7272017HBD3,OTU889,US,0.2887,BOLD:ACX4809,Animalia,Arthropoda,Insecta,Lepidoptera,NA,NA,NA,6,7/27/2017,HickoryBottoms,D,7/12/2017,73,Single
7272017HBD3,OTU1210,GS,97.2,BOLD:AAF4632,Animalia,Arthropoda,Insecta,Diptera,Limoniidae,Epiphragma,Epiphragma solatrix,10,7/27/2017,HickoryBottoms,D,7/12/2017,73,Single
7272017HBD3,OTU1265,SS,0.83,BOLD:AAF4632,Animalia,Arthropoda,Insecta,Diptera,Limoniidae,Epiphragma,Epiphragma solatrix,5,7/27/2017,HickoryBottoms,D,7/12/2017,73,Single
7272017HBD3,OTU1293,GS,100,BOLD:AAG8605,Animalia,Arthropoda,Insecta,Lepidoptera,Gelechiidae,Monochroa,NA,8,7/27/2017,HickoryBottoms,D,7/12/2017,73,Single
7272017HBD3,OTU1403,SS,0.36,BOLD:ACV0130,Animalia,Arthropoda,Insecta,Diptera,NA,NA,NA,13,7/27/2017,HickoryBottoms,D,7/12/2017,73,Single
7272017HBD3,OTU1592,GS,100,BOLD:AAH5559,Animalia,Arthropoda,Insecta,Lepidoptera,Gelechiidae,Keiferia,Keiferia inconspicuella,28,7/27/2017,HickoryBottoms,D,7/12/2017,73,Single
7272017HBD3,OTU1623,GS,98.9,BOLD:ABW8692,Animalia,Arthropoda,Insecta,Coleoptera,Staphylinidae,NA,NA,28,7/27/2017,HickoryBottoms,D,7/12/2017,73,Single
7272017HBD3,OTU1650,SS,0.43,BOLD:ACP7920,Animalia,Arthropoda,Insecta,Diptera,NA,NA,NA,23,7/27/2017,HickoryBottoms,D,7/12/2017,73,Single
7272017HBD3,OTU1683,SS,0.84,BOLD:AAF4632,Animalia,Arthropoda,Insecta,Diptera,Limoniidae,Epiphragma,Epiphragma solatrix,4,7/27/2017,HickoryBottoms,D,7/12/2017,73,Single
7272017HBD4,OTU5,GS,99.4,BOLD:AAN5451,Animalia,Arthropoda,Arachnida,Araneae,Araneidae,Eustala,NA,4015,7/27/2017,HickoryBottoms,D,7/12/2017,73,Single
7272017HBD4,OTU7,GS,100,BOLD:AAF4632,Animalia,Arthropoda,Insecta,Diptera,Limoniidae,Epiphragma,Epiphragma solatrix,1486,7/27/2017,HickoryBottoms,D,7/12/2017,73,Single
7272017HBD4,OTU13,GS,100,BOLD:ABV1771,Animalia,Arthropoda,Insecta,Diptera,Limoniidae,NA,NA,1033,7/27/2017,HickoryBottoms,D,7/12/2017,73,Single
7272017HBD4,OTU31,GS,100,BOLD:AAM6212,Animalia,Arthropoda,Insecta,Diptera,Chironomidae,Axarus,Axarus festivus,4122,7/27/2017,HickoryBottoms,D,7/12/2017,73,Single
7272017HBD4,OTU57,GS,100,BOLD:AAI1618,Animalia,Arthropoda,Insecta,Diptera,Culicidae,Coquillettidia,Coquillettidia perturbans,531,7/27/2017,HickoryBottoms,D,7/12/2017,73,Single
7272017HBD4,OTU78,US,1,BOLD:AAY8864,Animalia,Arthropoda,Insecta,Diptera,NA,NA,NA,263,7/27/2017,HickoryBottoms,D,7/12/2017,73,Single
7272017HBD4,OTU88,GS,100,BOLD:AAE0434,Animalia,Arthropoda,Insecta,Diptera,Culicidae,Uranotaenia,Uranotaenia sapphirina,284,7/27/2017,HickoryBottoms,D,7/12/2017,73,Single
7272017HBD4,OTU89,GS,98.3,BOLD:ABW2415,Animalia,Arthropoda,Insecta,Diptera,Tipulidae,Nephrotoma,Nephrotoma okefenoke,75,7/27/2017,HickoryBottoms,D,7/12/2017,73,Single
7272017HBD4,OTU123,GS,99.4,BOLD:AAM8787,Animalia,Arthropoda,Insecta,Lepidoptera,Gelechiidae,Dichomeris,Dichomeris laetitia,50,7/27/2017,HickoryBottoms,D,7/12/2017,73,Single
7272017HBD4,OTU135,GS,99.4,BOLD:AAA5872,Animalia,Arthropoda,Insecta,Lepidoptera,Gelechiidae,Chionodes,Chionodes mediofuscella,41,7/27/2017,HickoryBottoms,D,7/12/2017,73,Single
7272017HBD4,OTU158,GS,100,BOLD:AAH3230,Animalia,Arthropoda,Insecta,Psocodea,Psocidae,NA,NA,26,7/27/2017,HickoryBottoms,D,7/12/2017,73,Single
7272017HBD4,OTU172,GS,99.4,BOLD:AAA8563,Animalia,Arthropoda,Insecta,Lepidoptera,Erebidae,Parallelia,Parallelia bistriaris,41,7/27/2017,HickoryBottoms,D,7/12/2017,73,Single
7272017HBD4,OTU197,GS,100,BOLD:AAN6380,Animalia,Arthropoda,Arachnida,Araneae,Araneidae,Neoscona,NA,16,7/27/2017,HickoryBottoms,D,7/12/2017,73,Single
7272017HBD4,OTU198,GS,99.4,BOLD:ABZ1242,Animalia,Arthropoda,Insecta,Diptera,Chironomidae,NA,NA,13,7/27/2017,HickoryBottoms,D,7/12/2017,73,Single
7272017HBD4,OTU205,GS,99.4,BOLD:ACX9537,Animalia,Arthropoda,Arachnida,Araneae,Araneidae,Araneus,Araneus pegnia,338,7/27/2017,HickoryBottoms,D,7/12/2017,73,Single
7272017HBD4,OTU213,GS,100,BOLD:AAD4936,Animalia,Arthropoda,Insecta,Lepidoptera,Gracillariidae,Caloptilia,Caloptilia sassafrasella,218,7/27/2017,HickoryBottoms,D,7/12/2017,73,Single
7272017HBD4,OTU223,GS,100,BOLD:ABZ0282,Animalia,Arthropoda,Insecta,Orthoptera,Trigonidiidae,Anaxipha,Anaxipha exigua,51,7/27/2017,HickoryBottoms,D,7/12/2017,73,Single
7272017HBD4,OTU265,GS,100,BOLD:AAQ3192,Animalia,Arthropoda,Insecta,Lepidoptera,Dryadaulidae,Dryadaula,NA,88,7/27/2017,HickoryBottoms,D,7/12/2017,73,Single
7272017HBD4,OTU372,GS,100,BOLD:AAC0182,Animalia,Arthropoda,Insecta,Lepidoptera,Tineidae,Niditinea,Niditinea orleansella,103,7/27/2017,HickoryBottoms,D,7/12/2017,73,Single
7272017HBD4,OTU513,SS,0.71,BOLD:ABY8891,Animalia,Arthropoda,Insecta,Diptera,NA,NA,NA,372,7/27/2017,HickoryBottoms,D,7/12/2017,73,Single
7272017HBD4,OTU543,GS,100,BOLD:AAA7928,Animalia,Arthropoda,Insecta,Lepidoptera,Blastobasidae,Blastobasis,Blastobasis taurusella,14,7/27/2017,HickoryBottoms,D,7/12/2017,73,Single
7272017HBD4,OTU548,GS,99.4,BOLD:AAC0126,Animalia,Arthropoda,Insecta,Lepidoptera,Tortricidae,Coelostathma,Coelostathma discopunctana,28,7/27/2017,HickoryBottoms,D,7/12/2017,73,Single
7272017HBD4,OTU609,GS,100,BOLD:AAG1032,Animalia,Arthropoda,Insecta,Lepidoptera,NA,NA,NA,8,7/27/2017,HickoryBottoms,D,7/12/2017,73,Single
7272017HBD4,OTU656,GS,99.4,BOLD:AAZ0144,Animalia,Arthropoda,Insecta,Diptera,Chironomidae,Chironomus,NA,13,7/27/2017,HickoryBottoms,D,7/12/2017,73,Single
7272017HBD4,OTU658,US,0,BOLD:AAN5415,Animalia,Arthropoda,Insecta,Diptera,NA,NA,NA,244,7/27/2017,HickoryBottoms,D,7/12/2017,73,Single
7272017HBD4,OTU662,GS,98.6,BOLD:AAU1776,Animalia,Arthropoda,Insecta,Hymenoptera,Formicidae,NA,NA,16,7/27/2017,HickoryBottoms,D,7/12/2017,73,Single
7272017HBD4,OTU665,GS,100,BOLD:AAW4535,Animalia,Arthropoda,Arachnida,Araneae,Araneidae,Araneus,Araneus marmoreus,46,7/27/2017,HickoryBottoms,D,7/12/2017,73,Single
7272017HBD4,OTU689,SS,0.68,BOLD:ACR6277,Animalia,Arthropoda,Insecta,Hemiptera,NA,NA,NA,22,7/27/2017,HickoryBottoms,D,7/12/2017,73,Single
7272017HBD4,OTU890,GS,100,BOLD:ACE3004,Animalia,Arthropoda,Insecta,Lepidoptera,Erebidae,Hyperstrotia,Hyperstrotia nana,10,7/27/2017,HickoryBottoms,D,7/12/2017,73,Single
7272017HBD4,OTU945,GS,99.4,BOLD:AAG1350,Animalia,Arthropoda,Insecta,Hymenoptera,Braconidae,Aleiodes,NA,100,7/27/2017,HickoryBottoms,D,7/12/2017,73,Single
7272017HBD4,OTU987,GS,100,BOLD:ABY6492,Animalia,Arthropoda,Insecta,Diptera,Chironomidae,NA,NA,102,7/27/2017,HickoryBottoms,D,7/12/2017,73,Single
7272017HBD4,OTU1033,GS,100,BOLD:AAD7682,Animalia,Arthropoda,Insecta,Lepidoptera,Coleophoridae,Coleophora,NA,10,7/27/2017,HickoryBottoms,D,7/12/2017,73,Single
7272017HBD4,OTU1097,GS,97.2,BOLD:AAN5451,Animalia,Arthropoda,Arachnida,Araneae,Araneidae,Eustala,NA,94,7/27/2017,HickoryBottoms,D,7/12/2017,73,Single
7272017HBD4,OTU1210,GS,97.2,BOLD:AAF4632,Animalia,Arthropoda,Insecta,Diptera,Limoniidae,Epiphragma,Epiphragma solatrix,40,7/27/2017,HickoryBottoms,D,7/12/2017,73,Single
7272017HBD4,OTU1265,SS,0.83,BOLD:AAF4632,Animalia,Arthropoda,Insecta,Diptera,Limoniidae,Epiphragma,Epiphragma solatrix,8,7/27/2017,HickoryBottoms,D,7/12/2017,73,Single
7272017HBD4,OTU1317,SS,0.01,BOLD:AAN5451,Animalia,Arthropoda,Arachnida,Araneae,Araneidae,Eustala,NA,19,7/27/2017,HickoryBottoms,D,7/12/2017,73,Single
7272017HBD4,OTU1372,US,1,BOLD:ACT9238,Animalia,Arthropoda,Insecta,Diptera,NA,NA,NA,11,7/27/2017,HickoryBottoms,D,7/12/2017,73,Single
7272017HBD4,OTU1403,SS,0.36,BOLD:ACV0130,Animalia,Arthropoda,Insecta,Diptera,NA,NA,NA,7,7/27/2017,HickoryBottoms,D,7/12/2017,73,Single
7272017HBD4,OTU1494,US,0.8732,BOLD:AAF4632,Animalia,Arthropoda,Insecta,Diptera,NA,NA,NA,4,7/27/2017,HickoryBottoms,D,7/12/2017,73,Single
7272017HBD4,OTU1554,SS,0.92,BOLD:AAP2734,Animalia,Arthropoda,Insecta,Diptera,Limoniidae,Erioptera,Erioptera parva,14,7/27/2017,HickoryBottoms,D,7/12/2017,73,Single
7272017HBD4,OTU1683,SS,0.84,BOLD:AAF4632,Animalia,Arthropoda,Insecta,Diptera,Limoniidae,Epiphragma,Epiphragma solatrix,18,7/27/2017,HickoryBottoms,D,7/12/2017,73,Single
7272017HBD4,OTU1756,SS,0.97,BOLD:AAG3848,Animalia,Arthropoda,Insecta,Diptera,Culicidae,Culex,Culex erraticus,2,7/27/2017,HickoryBottoms,D,7/12/2017,73,Single
7272017HBD4,OTU1779,GS,98.9,BOLD:AAN6314,Animalia,Arthropoda,Arachnida,Araneae,NA,NA,NA,17,7/27/2017,HickoryBottoms,D,7/12/2017,73,Single
7272017HBD4,OTU1793,US,5e-04,BOLD:AAM7672,Animalia,Arthropoda,Insecta,Coleoptera,NA,NA,NA,14,7/27/2017,HickoryBottoms,D,7/12/2017,73,Single
7272017HBD4,OTU1818,GS,97.9,BOLD:AAF4632,Animalia,Arthropoda,Insecta,Diptera,Limoniidae,Epiphragma,Epiphragma solatrix,4,7/27/2017,HickoryBottoms,D,7/12/2017,73,Single
7272017HBD4,OTU1869,SS,0.67,BOLD:AAF4632,Animalia,Arthropoda,Insecta,Diptera,NA,NA,NA,1,7/27/2017,HickoryBottoms,D,7/12/2017,73,Single
7272017HBD4,OTU1920,GS,98.9,BOLD:ABZ1624,Animalia,Arthropoda,Insecta,Lepidoptera,Depressariidae,Machimia,Machimia tentoriferella,144,7/27/2017,HickoryBottoms,D,7/12/2017,73,Single
7272017HBD4,OTU1926,US,0.9546,BOLD:ABX4411,Animalia,Arthropoda,Insecta,Coleoptera,NA,NA,NA,5,7/27/2017,HickoryBottoms,D,7/12/2017,73,Single
7272017HBD5,OTU1,US,0.0026,BOLD:AAD6798,Animalia,Arthropoda,Insecta,Diptera,NA,NA,NA,563,7/27/2017,HickoryBottoms,D,7/12/2017,73,Single
7272017HBD5,OTU5,GS,99.4,BOLD:AAN5451,Animalia,Arthropoda,Arachnida,Araneae,Araneidae,Eustala,NA,8110,7/27/2017,HickoryBottoms,D,7/12/2017,73,Single
7272017HBD5,OTU7,GS,100,BOLD:AAF4632,Animalia,Arthropoda,Insecta,Diptera,Limoniidae,Epiphragma,Epiphragma solatrix,7286,7/27/2017,HickoryBottoms,D,7/12/2017,73,Single
7272017HBD5,OTU88,GS,100,BOLD:AAE0434,Animalia,Arthropoda,Insecta,Diptera,Culicidae,Uranotaenia,Uranotaenia sapphirina,1622,7/27/2017,HickoryBottoms,D,7/12/2017,73,Single
7272017HBD5,OTU175,GS,99.4,BOLD:AAC7367,Animalia,Arthropoda,Insecta,Lepidoptera,Tineidae,Isocorypha,Isocorypha mediostriatella,1669,7/27/2017,HickoryBottoms,D,7/12/2017,73,Single
7272017HBD5,OTU178,US,0,None,Animalia,Arthropoda,Insecta,Hymenoptera,NA,NA,NA,7253,7/27/2017,HickoryBottoms,D,7/12/2017,73,Single
7272017HBD5,OTU189,GS,100,BOLD:ABV2225,Animalia,Arthropoda,Insecta,Lepidoptera,Gracillariidae,Caloptilia,NA,916,7/27/2017,HickoryBottoms,D,7/12/2017,73,Single
7272017HBD5,OTU193,GS,98.9,BOLD:AAI4436,Animalia,Arthropoda,Insecta,Lepidoptera,Gelechiidae,Aristotelia,NA,1300,7/27/2017,HickoryBottoms,D,7/12/2017,73,Single
7272017HBD5,OTU314,GS,98.9,BOLD:AAB0603,Animalia,Arthropoda,Insecta,Lepidoptera,Gelechiidae,Pseudotelphusa,Pseudotelphusa quercinigracella,1616,7/27/2017,HickoryBottoms,D,7/12/2017,73,Single
7272017HBD5,OTU1097,GS,97.2,BOLD:AAN5451,Animalia,Arthropoda,Arachnida,Araneae,Araneidae,Eustala,NA,28,7/27/2017,HickoryBottoms,D,7/12/2017,73,Single
7272017HBD5,OTU1210,GS,97.2,BOLD:AAF4632,Animalia,Arthropoda,Insecta,Diptera,Limoniidae,Epiphragma,Epiphragma solatrix,51,7/27/2017,HickoryBottoms,D,7/12/2017,73,Single
7272017HBD5,OTU1265,SS,0.83,BOLD:AAF4632,Animalia,Arthropoda,Insecta,Diptera,Limoniidae,Epiphragma,Epiphragma solatrix,7,7/27/2017,HickoryBottoms,D,7/12/2017,73,Single
7272017HBD5,OTU1636,SS,0.74,BOLD:AAF4632,Animalia,Arthropoda,Insecta,NA,NA,NA,NA,2,7/27/2017,HickoryBottoms,D,7/12/2017,73,Single
7272017HBD5,OTU1683,SS,0.84,BOLD:AAF4632,Animalia,Arthropoda,Insecta,Diptera,Limoniidae,Epiphragma,Epiphragma solatrix,20,7/27/2017,HickoryBottoms,D,7/12/2017,73,Single
7272017HBD5,OTU1818,GS,97.9,BOLD:AAF4632,Animalia,Arthropoda,Insecta,Diptera,Limoniidae,Epiphragma,Epiphragma solatrix,4,7/27/2017,HickoryBottoms,D,7/12/2017,73,Single
7272017HBD5,OTU1834,SS,0.74,BOLD:AAF4632,Animalia,Arthropoda,Insecta,Diptera,NA,NA,NA,9,7/27/2017,HickoryBottoms,D,7/12/2017,73,Single
7272017HBD6,OTU1,US,0.0026,BOLD:AAD6798,Animalia,Arthropoda,Insecta,Diptera,NA,NA,NA,1620,7/27/2017,HickoryBottoms,D,7/12/2017,73,Single
7272017HBD6,OTU5,GS,99.4,BOLD:AAN5451,Animalia,Arthropoda,Arachnida,Araneae,Araneidae,Eustala,NA,1209,7/27/2017,HickoryBottoms,D,7/12/2017,73,Single
7272017HBD6,OTU7,GS,100,BOLD:AAF4632,Animalia,Arthropoda,Insecta,Diptera,Limoniidae,Epiphragma,Epiphragma solatrix,1663,7/27/2017,HickoryBottoms,D,7/12/2017,73,Single
7272017HBD6,OTU11,GS,99.4,BOLD:AAG3848,Animalia,Arthropoda,Insecta,Diptera,Culicidae,Culex,Culex erraticus,2991,7/27/2017,HickoryBottoms,D,7/12/2017,73,Single
7272017HBD6,OTU14,GS,99.4,BOLD:AAO3940,Animalia,Arthropoda,Insecta,Diptera,Limoniidae,Rhipidia,NA,251,7/27/2017,HickoryBottoms,D,7/12/2017,73,Single
7272017HBD6,OTU16,GS,100,BOLD:AAA7067,Animalia,Arthropoda,Insecta,Diptera,Culicidae,Aedes,Aedes vexans,2615,7/27/2017,HickoryBottoms,D,7/12/2017,73,Single
7272017HBD6,OTU24,GS,98.9,BOLD:ABW3499,Animalia,Arthropoda,Insecta,Diptera,NA,NA,NA,4388,7/27/2017,HickoryBottoms,D,7/12/2017,73,Single
7272017HBD6,OTU37,GS,100,BOLD:AAB0484,Animalia,Arthropoda,Insecta,Lepidoptera,Tortricidae,Gypsonoma,Gypsonoma salicicolana,372,7/27/2017,HickoryBottoms,D,7/12/2017,73,Single
7272017HBD6,OTU68,GS,100,BOLD:AAB7030,Animalia,Arthropoda,Insecta,Diptera,Chironomidae,Chironomus,Chironomus decorus,618,7/27/2017,HickoryBottoms,D,7/12/2017,73,Single
7272017HBD6,OTU70,GS,100,BOLD:ABY9168,Animalia,Arthropoda,Insecta,Lepidoptera,Tortricidae,Clepsis,Clepsis peritana,908,7/27/2017,HickoryBottoms,D,7/12/2017,73,Single
7272017HBD6,OTU87,US,0,BOLD:ABY2339,Animalia,Arthropoda,Insecta,Diptera,NA,NA,NA,511,7/27/2017,HickoryBottoms,D,7/12/2017,73,Single
7272017HBD6,OTU88,GS,100,BOLD:AAE0434,Animalia,Arthropoda,Insecta,Diptera,Culicidae,Uranotaenia,Uranotaenia sapphirina,113,7/27/2017,HickoryBottoms,D,7/12/2017,73,Single
7272017HBD6,OTU89,GS,98.3,BOLD:ABW2415,Animalia,Arthropoda,Insecta,Diptera,Tipulidae,Nephrotoma,Nephrotoma okefenoke,52,7/27/2017,HickoryBottoms,D,7/12/2017,73,Single
7272017HBD6,OTU92,GS,100,BOLD:AAG8582,Animalia,Arthropoda,Insecta,Lepidoptera,Blastobasidae,Asaphocrita,Asaphocrita aphidiella,2357,7/27/2017,HickoryBottoms,D,7/12/2017,73,Single
7272017HBD6,OTU93,GS,99.4,BOLD:AAM4329,Animalia,Arthropoda,Insecta,Hemiptera,Cimicidae,Cimex,Cimex adjunctus,955,7/27/2017,HickoryBottoms,D,7/12/2017,73,Single
7272017HBD6,OTU106,US,1,None,Animalia,Arthropoda,Insecta,Coleoptera,NA,NA,NA,7897,7/27/2017,HickoryBottoms,D,7/12/2017,73,Single
7272017HBD6,OTU121,US,0.9936,BOLD:AAN9897,Animalia,Arthropoda,Insecta,Lepidoptera,NA,NA,NA,81,7/27/2017,HickoryBottoms,D,7/12/2017,73,Single
7272017HBD6,OTU122,GS,99.4,BOLD:AAC5568,Animalia,Arthropoda,Insecta,Lepidoptera,Tortricidae,Gypsonoma,Gypsonoma salicicolana,84,7/27/2017,HickoryBottoms,D,7/12/2017,73,Single
7272017HBD6,OTU129,GS,100,BOLD:AAG2647,Animalia,Arthropoda,Insecta,Diptera,Chaoboridae,Chaoborus,Chaoborus punctipennis,265,7/27/2017,HickoryBottoms,D,7/12/2017,73,Single
7272017HBD6,OTU158,GS,100,BOLD:AAH3230,Animalia,Arthropoda,Insecta,Psocodea,Psocidae,NA,NA,299,7/27/2017,HickoryBottoms,D,7/12/2017,73,Single
7272017HBD6,OTU165,US,0.9936,BOLD:ACF8271,Animalia,Arthropoda,Insecta,Diptera,NA,NA,NA,23,7/27/2017,HickoryBottoms,D,7/12/2017,73,Single
7272017HBD6,OTU175,GS,99.4,BOLD:AAC7367,Animalia,Arthropoda,Insecta,Lepidoptera,Tineidae,Isocorypha,Isocorypha mediostriatella,323,7/27/2017,HickoryBottoms,D,7/12/2017,73,Single
7272017HBD6,OTU193,GS,98.9,BOLD:AAI4436,Animalia,Arthropoda,Insecta,Lepidoptera,Gelechiidae,Aristotelia,NA,43,7/27/2017,HickoryBottoms,D,7/12/2017,73,Single
7272017HBD6,OTU222,GS,100,BOLD:AAU7129,Animalia,Arthropoda,Insecta,Coleoptera,Bostrichidae,Xylobiops,Xylobiops basilaris,2439,7/27/2017,HickoryBottoms,D,7/12/2017,73,Single
7272017HBD6,OTU238,GS,100,BOLD:AAC2281,Animalia,Arthropoda,Insecta,Diptera,Culicidae,Anopheles,Anopheles quadrimaculatus,447,7/27/2017,HickoryBottoms,D,7/12/2017,73,Single
7272017HBD6,OTU244,GS,100,BOLD:AAB1096,Animalia,Arthropoda,Insecta,Lepidoptera,Blastobasidae,Blastobasis,Blastobasis glandulella,777,7/27/2017,HickoryBottoms,D,7/12/2017,73,Single
7272017HBD6,OTU246,GS,100,BOLD:AAG8483,Animalia,Arthropoda,Insecta,Diptera,Chironomidae,Xenochironomus,Xenochironomus xenolabis,267,7/27/2017,HickoryBottoms,D,7/12/2017,73,Single
7272017HBD6,OTU248,SS,0.79,BOLD:ABX5321,Animalia,Arthropoda,Insecta,Diptera,Tipulidae,NA,NA,18,7/27/2017,HickoryBottoms,D,7/12/2017,73,Single
7272017HBD6,OTU258,GS,100,BOLD:ACA7555,Animalia,Arthropoda,Insecta,Diptera,Chironomidae,NA,NA,56,7/27/2017,HickoryBottoms,D,7/12/2017,73,Single
7272017HBD6,OTU265,GS,100,BOLD:AAQ3192,Animalia,Arthropoda,Insecta,Lepidoptera,Dryadaulidae,Dryadaula,NA,333,7/27/2017,HickoryBottoms,D,7/12/2017,73,Single
7272017HBD6,OTU266,US,0,None,Animalia,Arthropoda,Insecta,Diptera,NA,NA,NA,1865,7/27/2017,HickoryBottoms,D,7/12/2017,73,Single
7272017HBD6,OTU270,GS,100,BOLD:AAB6541,Animalia,Arthropoda,Insecta,Lepidoptera,Gelechiidae,Coleotechnites,Coleotechnites florae,120,7/27/2017,HickoryBottoms,D,7/12/2017,73,Single
7272017HBD6,OTU279,US,0.9881,BOLD:AAL9881,Animalia,Arthropoda,Arachnida,Araneae,NA,NA,NA,32,7/27/2017,HickoryBottoms,D,7/12/2017,73,Single
7272017HBD6,OTU287,GS,98.9,BOLD:AAG5457,Animalia,Arthropoda,Insecta,Diptera,Chironomidae,NA,NA,134,7/27/2017,HickoryBottoms,D,7/12/2017,73,Single
7272017HBD6,OTU290,GS,100,BOLD:AAE4427,Animalia,Arthropoda,Insecta,Lepidoptera,Tineidae,Xylesthia,Xylesthia pruniramiella,330,7/27/2017,HickoryBottoms,D,7/12/2017,73,Single
7272017HBD6,OTU293,GS,100,BOLD:AAU4100,Animalia,Arthropoda,Insecta,Lepidoptera,Gracillariidae,Cameraria,Cameraria hamadryadella,141,7/27/2017,HickoryBottoms,D,7/12/2017,73,Single
7272017HBD6,OTU351,US,0.9925,BOLD:AAU7129,Animalia,Arthropoda,Insecta,Coleoptera,NA,NA,NA,1114,7/27/2017,HickoryBottoms,D,7/12/2017,73,Single
7272017HBD6,OTU364,GS,100,BOLD:AAF8338,Animalia,Arthropoda,Insecta,Diptera,Tipulidae,Tipula,Tipula furca,21,7/27/2017,HickoryBottoms,D,7/12/2017,73,Single
7272017HBD6,OTU383,GS,100,BOLD:AAA1467,Animalia,Arthropoda,Insecta,Hymenoptera,Formicidae,Formica,Formica neogagates group,463,7/27/2017,HickoryBottoms,D,7/12/2017,73,Single
7272017HBD6,OTU398,GS,98.9,BOLD:ACE4129,Animalia,Arthropoda,Insecta,Lepidoptera,Tortricidae,Cydia,Cydia latiferreana,33,7/27/2017,HickoryBottoms,D,7/12/2017,73,Single
7272017HBD6,OTU401,GS,100,BOLD:AAH3229,Animalia,Arthropoda,Insecta,Psocodea,Dasydemellidae,Teliapsocus,NA,62,7/27/2017,HickoryBottoms,D,7/12/2017,73,Single
7272017HBD6,OTU419,US,0,BOLD:AAW4666,Animalia,Arthropoda,Insecta,Lepidoptera,NA,NA,NA,875,7/27/2017,HickoryBottoms,D,7/12/2017,73,Single
7272017HBD6,OTU457,GS,100,BOLD:ABY9153,Animalia,Arthropoda,Insecta,Lepidoptera,Oecophoridae,Epicallima,Epicallima argenticinctella,292,7/27/2017,HickoryBottoms,D,7/12/2017,73,Single
7272017HBD6,OTU469,GS,100,BOLD:AAR7014,Animalia,Arthropoda,Insecta,Lepidoptera,Gracillariidae,Neurobathra,Neurobathra strigifinitella,184,7/27/2017,HickoryBottoms,D,7/12/2017,73,Single
7272017HBD6,OTU503,GS,99.4,BOLD:AAG6486,Animalia,Arthropoda,Insecta,Diptera,Ceratopogonidae,Bezzia,Bezzia nobilis,618,7/27/2017,HickoryBottoms,D,7/12/2017,73,Single
7272017HBD6,OTU513,SS,0.71,BOLD:ABY8891,Animalia,Arthropoda,Insecta,Diptera,NA,NA,NA,15,7/27/2017,HickoryBottoms,D,7/12/2017,73,Single
7272017HBD6,OTU543,GS,100,BOLD:AAA7928,Animalia,Arthropoda,Insecta,Lepidoptera,Blastobasidae,Blastobasis,Blastobasis taurusella,33,7/27/2017,HickoryBottoms,D,7/12/2017,73,Single
7272017HBD6,OTU561,GS,99.4,BOLD:AAK5444,Animalia,Arthropoda,Insecta,Lepidoptera,Tineidae,Homosetia,NA,470,7/27/2017,HickoryBottoms,D,7/12/2017,73,Single
7272017HBD6,OTU562,GS,100,BOLD:AAF8473,Animalia,Arthropoda,Insecta,Coleoptera,Chrysomelidae,Diabrotica,Diabrotica undecimpunctata,80,7/27/2017,HickoryBottoms,D,7/12/2017,73,Single
7272017HBD6,OTU580,GS,98.3,BOLD:ABZ0908,Animalia,Arthropoda,Insecta,Diptera,Tipulidae,Nephrotoma,Nephrotoma ferruginea,13,7/27/2017,HickoryBottoms,D,7/12/2017,73,Single
7272017HBD6,OTU608,US,0.6809,BOLD:ABW8929,Animalia,Arthropoda,Maxillopoda,NA,NA,NA,NA,22,7/27/2017,HickoryBottoms,D,7/12/2017,73,Single
7272017HBD6,OTU613,GS,100,BOLD:AAC1001,Animalia,Arthropoda,Insecta,Lepidoptera,Gracillariidae,Caloptilia,Caloptilia blandella,325,7/27/2017,HickoryBottoms,D,7/12/2017,73,Single
7272017HBD6,OTU636,GS,99.4,BOLD:AAM6230,Animalia,Arthropoda,Insecta,Diptera,Chironomidae,Chironomus,NA,2,7/27/2017,HickoryBottoms,D,7/12/2017,73,Single
7272017HBD6,OTU652,US,0.2259,BOLD:ACR5415,Animalia,Arthropoda,Insecta,Coleoptera,NA,NA,NA,151,7/27/2017,HickoryBottoms,D,7/12/2017,73,Single
7272017HBD6,OTU662,GS,98.6,BOLD:AAU1776,Animalia,Arthropoda,Insecta,Hymenoptera,Formicidae,NA,NA,230,7/27/2017,HickoryBottoms,D,7/12/2017,73,Single
7272017HBD6,OTU686,US,0.9919,BOLD:ACT2785,Animalia,Arthropoda,Insecta,Hymenoptera,NA,NA,NA,122,7/27/2017,HickoryBottoms,D,7/12/2017,73,Single
7272017HBD6,OTU697,GS,100,BOLD:AAM7623,Animalia,Arthropoda,Insecta,Coleoptera,Phalacridae,Acylomus,NA,127,7/27/2017,HickoryBottoms,D,7/12/2017,73,Single
7272017HBD6,OTU709,GS,97.8,BOLD:ABW4416,Animalia,Arthropoda,Insecta,Diptera,NA,NA,NA,504,7/27/2017,HickoryBottoms,D,7/12/2017,73,Single
7272017HBD6,OTU715,SS,0.71,BOLD:ABZ0908,Animalia,Arthropoda,Insecta,Diptera,NA,NA,NA,30,7/27/2017,HickoryBottoms,D,7/12/2017,73,Single
7272017HBD6,OTU720,GS,99.4,BOLD:AAB5347,Animalia,Arthropoda,Insecta,Lepidoptera,Tortricidae,Paralobesia,Paralobesia liriodendrana,3,7/27/2017,HickoryBottoms,D,7/12/2017,73,Single
7272017HBD6,OTU724,GS,97.8,BOLD:ACL2801,Animalia,Arthropoda,Insecta,Diptera,NA,NA,NA,18,7/27/2017,HickoryBottoms,D,7/12/2017,73,Single
7272017HBD6,OTU752,GS,99.4,BOLD:ACE6858,Animalia,Arthropoda,Insecta,Diptera,Chironomidae,Polypedilum,NA,161,7/27/2017,HickoryBottoms,D,7/12/2017,73,Single
7272017HBD6,OTU769,GS,100,BOLD:AAE8646,Animalia,Arthropoda,Insecta,Hymenoptera,Formicidae,Solenopsis,Solenopsis molesta,78,7/27/2017,HickoryBottoms,D,7/12/2017,73,Single
7272017HBD6,OTU797,US,0.049,BOLD:ACG6592,Animalia,Arthropoda,Insecta,Hymenoptera,NA,NA,NA,230,7/27/2017,HickoryBottoms,D,7/12/2017,73,Single
7272017HBD6,OTU820,GS,98.9,BOLD:ABX3143,Animalia,Arthropoda,Insecta,Hemiptera,Cicadellidae,NA,NA,25,7/27/2017,HickoryBottoms,D,7/12/2017,73,Single
7272017HBD6,OTU860,US,1,BOLD:ABV1415,Animalia,Arthropoda,Insecta,Diptera,NA,NA,NA,154,7/27/2017,HickoryBottoms,D,7/12/2017,73,Single
7272017HBD6,OTU862,GS,100,BOLD:AAD4931,Animalia,Arthropoda,Insecta,Lepidoptera,Gracillariidae,Caloptilia,Caloptilia violacella,253,7/27/2017,HickoryBottoms,D,7/12/2017,73,Single
7272017HBD6,OTU883,GS,100,BOLD:ACJ6858,Animalia,Arthropoda,Insecta,Hemiptera,Miridae,Deraeocoris,Deraeocoris nebulosus,161,7/27/2017,HickoryBottoms,D,7/12/2017,73,Single
7272017HBD6,OTU895,GS,100,BOLD:AAA4222,Animalia,Arthropoda,Insecta,Lepidoptera,Erebidae,Hypena,Hypena scabra,98,7/27/2017,HickoryBottoms,D,7/12/2017,73,Single
7272017HBD6,OTU980,SS,0.03,BOLD:ACL2801,Animalia,Arthropoda,Insecta,Diptera,NA,NA,NA,134,7/27/2017,HickoryBottoms,D,7/12/2017,73,Single
7272017HBD6,OTU1031,GS,100,BOLD:AAY2624,Animalia,Arthropoda,Insecta,Hemiptera,Aphididae,Grylloprociphilus,Grylloprociphilus imbricator,42,7/27/2017,HickoryBottoms,D,7/12/2017,73,Single
7272017HBD6,OTU1047,GS,99.4,BOLD:ACC8989,Animalia,Arthropoda,Insecta,Lepidoptera,Batrachedridae,Batrachedra,NA,38,7/27/2017,HickoryBottoms,D,7/12/2017,73,Single
7272017HBD6,OTU1097,GS,97.2,BOLD:AAN5451,Animalia,Arthropoda,Arachnida,Araneae,Araneidae,Eustala,NA,17,7/27/2017,HickoryBottoms,D,7/12/2017,73,Single
7272017HBD6,OTU1138,US,0,BOLD:ACF8271,Animalia,Arthropoda,Insecta,Hymenoptera,NA,NA,NA,1180,7/27/2017,HickoryBottoms,D,7/12/2017,73,Single
7272017HBD6,OTU1210,GS,97.2,BOLD:AAF4632,Animalia,Arthropoda,Insecta,Diptera,Limoniidae,Epiphragma,Epiphragma solatrix,39,7/27/2017,HickoryBottoms,D,7/12/2017,73,Single
7272017HBD6,OTU1265,SS,0.83,BOLD:AAF4632,Animalia,Arthropoda,Insecta,Diptera,Limoniidae,Epiphragma,Epiphragma solatrix,12,7/27/2017,HickoryBottoms,D,7/12/2017,73,Single
7272017HBD6,OTU1274,GS,98.9,BOLD:AAG6465,Animalia,Arthropoda,Insecta,Diptera,Ceratopogonidae,NA,NA,24,7/27/2017,HickoryBottoms,D,7/12/2017,73,Single
7272017HBD6,OTU1335,US,0.2061,BOLD:ACK3774,Animalia,Arthropoda,Arachnida,Araneae,NA,NA,NA,38,7/27/2017,HickoryBottoms,D,7/12/2017,73,Single
7272017HBD6,OTU1345,GS,100,BOLD:AAL7329,Animalia,Arthropoda,Insecta,Diptera,Chironomidae,Dicrotendipes,Dicrotendipes modestus,6,7/27/2017,HickoryBottoms,D,7/12/2017,73,Single
7272017HBD6,OTU1350,GS,97.2,BOLD:AAA7067,Animalia,Arthropoda,Insecta,Diptera,Culicidae,Aedes,Aedes vexans,340,7/27/2017,HickoryBottoms,D,7/12/2017,73,Single
7272017HBD6,OTU1351,SS,0.94,BOLD:AAB7030,Animalia,Arthropoda,Insecta,Diptera,Chironomidae,Chironomus,Chironomus decorus,15,7/27/2017,HickoryBottoms,D,7/12/2017,73,Single
7272017HBD6,OTU1360,GS,100,BOLD:AAB3170,Animalia,Arthropoda,Insecta,Lepidoptera,Tineidae,Homostinea,Homostinea curviliniella,28,7/27/2017,HickoryBottoms,D,7/12/2017,73,Single
7272017HBD6,OTU1366,GS,97.8,BOLD:AAG1128,Animalia,Arthropoda,Insecta,Lepidoptera,Gracillariidae,Phyllonorycter,Phyllonorycter trinotella,45,7/27/2017,HickoryBottoms,D,7/12/2017,73,Single
7272017HBD6,OTU1394,US,0.0788,BOLD:ADC0733,Animalia,Arthropoda,Insecta,Coleoptera,NA,NA,NA,43,7/27/2017,HickoryBottoms,D,7/12/2017,73,Single
7272017HBD6,OTU1403,SS,0.36,BOLD:ACV0130,Animalia,Arthropoda,Insecta,Diptera,NA,NA,NA,19,7/27/2017,HickoryBottoms,D,7/12/2017,73,Single
7272017HBD6,OTU1407,GS,100,BOLD:AAF9371,Animalia,Arthropoda,Insecta,Lepidoptera,Tortricidae,Aethes,Aethes baloghi,62,7/27/2017,HickoryBottoms,D,7/12/2017,73,Single
7272017HBD6,OTU1434,GS,97.6,BOLD:AAA7067,Animalia,Arthropoda,Insecta,Diptera,Culicidae,Aedes,Aedes vexans,2,7/27/2017,HickoryBottoms,D,7/12/2017,73,Single
7272017HBD6,OTU1514,SS,0.75,BOLD:ABX5321,Animalia,Arthropoda,Insecta,Diptera,NA,NA,NA,1,7/27/2017,HickoryBottoms,D,7/12/2017,73,Single
7272017HBD6,OTU1547,GS,98.9,BOLD:AAA9667,Animalia,Arthropoda,Insecta,Lepidoptera,Oecophoridae,Epicallima,Epicallima argenticinctella,215,7/27/2017,HickoryBottoms,D,7/12/2017,73,Single
7272017HBD6,OTU1660,US,0.3056,None,Animalia,Arthropoda,Arachnida,Araneae,NA,NA,NA,2,7/27/2017,HickoryBottoms,D,7/12/2017,73,Single
7272017HBD6,OTU1683,SS,0.84,BOLD:AAF4632,Animalia,Arthropoda,Insecta,Diptera,Limoniidae,Epiphragma,Epiphragma solatrix,5,7/27/2017,HickoryBottoms,D,7/12/2017,73,Single
7272017HBD6,OTU1800,US,0.3913,None,Animalia,Arthropoda,Insecta,Diptera,NA,NA,NA,16,7/27/2017,HickoryBottoms,D,7/12/2017,73,Single
7272017HBD6,OTU1834,SS,0.74,BOLD:AAF4632,Animalia,Arthropoda,Insecta,Diptera,NA,NA,NA,3,7/27/2017,HickoryBottoms,D,7/12/2017,73,Single
7272017HBD6,OTU1871,SS,0.85,BOLD:AAG3848,Animalia,Arthropoda,Insecta,Diptera,Culicidae,Culex,Culex erraticus,2,7/27/2017,HickoryBottoms,D,7/12/2017,73,Single
7272017HBD6,OTU1892,GS,100,BOLD:ACA8824,Animalia,Arthropoda,Insecta,Neuroptera,Mantispidae,Leptomantispa,NA,15,7/27/2017,HickoryBottoms,D,7/12/2017,73,Single
7272017HBD7,OTU5,GS,99.4,BOLD:AAN5451,Animalia,Arthropoda,Arachnida,Araneae,Araneidae,Eustala,NA,398,7/27/2017,HickoryBottoms,D,7/12/2017,73,Single
7272017HBD7,OTU11,GS,99.4,BOLD:AAG3848,Animalia,Arthropoda,Insecta,Diptera,Culicidae,Culex,Culex erraticus,5509,7/27/2017,HickoryBottoms,D,7/12/2017,73,Single
7272017HBD7,OTU14,GS,99.4,BOLD:AAO3940,Animalia,Arthropoda,Insecta,Diptera,Limoniidae,Rhipidia,NA,1743,7/27/2017,HickoryBottoms,D,7/12/2017,73,Single
7272017HBD7,OTU65,GS,100,BOLD:AAA1517,Animalia,Arthropoda,Insecta,Lepidoptera,Tortricidae,Choristoneura,Choristoneura rosaceana,933,7/27/2017,HickoryBottoms,D,7/12/2017,73,Single
7272017HBD7,OTU68,GS,100,BOLD:AAB7030,Animalia,Arthropoda,Insecta,Diptera,Chironomidae,Chironomus,Chironomus decorus,99,7/27/2017,HickoryBottoms,D,7/12/2017,73,Single
7272017HBD7,OTU70,GS,100,BOLD:ABY9168,Animalia,Arthropoda,Insecta,Lepidoptera,Tortricidae,Clepsis,Clepsis peritana,121,7/27/2017,HickoryBottoms,D,7/12/2017,73,Single
7272017HBD7,OTU99,US,1,BOLD:ACF7919,Animalia,Arthropoda,Collembola,Poduromorpha,NA,NA,NA,9266,7/27/2017,HickoryBottoms,D,7/12/2017,73,Single
7272017HBD7,OTU106,US,1,None,Animalia,Arthropoda,Insecta,Coleoptera,NA,NA,NA,285,7/27/2017,HickoryBottoms,D,7/12/2017,73,Single
7272017HBD7,OTU129,GS,100,BOLD:AAG2647,Animalia,Arthropoda,Insecta,Diptera,Chaoboridae,Chaoborus,Chaoborus punctipennis,297,7/27/2017,HickoryBottoms,D,7/12/2017,73,Single
7272017HBD7,OTU132,US,1,None,Animalia,Arthropoda,Hexanauplia,Harpacticoida,NA,NA,NA,57,7/27/2017,HickoryBottoms,D,7/12/2017,73,Single
7272017HBD7,OTU135,GS,99.4,BOLD:AAA5872,Animalia,Arthropoda,Insecta,Lepidoptera,Gelechiidae,Chionodes,Chionodes mediofuscella,50,7/27/2017,HickoryBottoms,D,7/12/2017,73,Single
7272017HBD7,OTU158,GS,100,BOLD:AAH3230,Animalia,Arthropoda,Insecta,Psocodea,Psocidae,NA,NA,87,7/27/2017,HickoryBottoms,D,7/12/2017,73,Single
7272017HBD7,OTU175,GS,99.4,BOLD:AAC7367,Animalia,Arthropoda,Insecta,Lepidoptera,Tineidae,Isocorypha,Isocorypha mediostriatella,1216,7/27/2017,HickoryBottoms,D,7/12/2017,73,Single
7272017HBD7,OTU198,GS,99.4,BOLD:ABZ1242,Animalia,Arthropoda,Insecta,Diptera,Chironomidae,NA,NA,64,7/27/2017,HickoryBottoms,D,7/12/2017,73,Single
7272017HBD7,OTU203,GS,100,BOLD:AAB0603,Animalia,Arthropoda,Insecta,Lepidoptera,Gelechiidae,Pseudotelphusa,Pseudotelphusa quercinigracella,46,7/27/2017,HickoryBottoms,D,7/12/2017,73,Single
7272017HBD7,OTU222,GS,100,BOLD:AAU7129,Animalia,Arthropoda,Insecta,Coleoptera,Bostrichidae,Xylobiops,Xylobiops basilaris,500,7/27/2017,HickoryBottoms,D,7/12/2017,73,Single
7272017HBD7,OTU235,GS,100,BOLD:AAG3918,Animalia,Arthropoda,Insecta,Diptera,Chironomidae,Procladius,NA,19,7/27/2017,HickoryBottoms,D,7/12/2017,73,Single
7272017HBD7,OTU238,GS,100,BOLD:AAC2281,Animalia,Arthropoda,Insecta,Diptera,Culicidae,Anopheles,Anopheles quadrimaculatus,67,7/27/2017,HickoryBottoms,D,7/12/2017,73,Single
7272017HBD7,OTU241,US,0.9963,BOLD:AAZ5765,Animalia,Arthropoda,Insecta,Coleoptera,NA,NA,NA,8,7/27/2017,HickoryBottoms,D,7/12/2017,73,Single
7272017HBD7,OTU254,GS,100,BOLD:AAG8977,Animalia,Arthropoda,Insecta,Hemiptera,Derbidae,Apache,Apache degeerii,34,7/27/2017,HickoryBottoms,D,7/12/2017,73,Single
7272017HBD7,OTU258,GS,100,BOLD:ACA7555,Animalia,Arthropoda,Insecta,Diptera,Chironomidae,NA,NA,40,7/27/2017,HickoryBottoms,D,7/12/2017,73,Single
7272017HBD7,OTU270,GS,100,BOLD:AAB6541,Animalia,Arthropoda,Insecta,Lepidoptera,Gelechiidae,Coleotechnites,Coleotechnites florae,5,7/27/2017,HickoryBottoms,D,7/12/2017,73,Single
7272017HBD7,OTU271,GS,98.9,BOLD:ABX3627,Animalia,Arthropoda,Insecta,Diptera,Limoniidae,NA,NA,23,7/27/2017,HickoryBottoms,D,7/12/2017,73,Single
7272017HBD7,OTU279,US,0.9881,BOLD:AAL9881,Animalia,Arthropoda,Arachnida,Araneae,NA,NA,NA,131,7/27/2017,HickoryBottoms,D,7/12/2017,73,Single
7272017HBD7,OTU322,GS,100,BOLD:AAC2499,Animalia,Arthropoda,Insecta,Diptera,Drosophilidae,Drosophila,Drosophila suzukii,21,7/27/2017,HickoryBottoms,D,7/12/2017,73,Single
7272017HBD7,OTU357,GS,98.9,BOLD:ABX3356,Animalia,Arthropoda,Insecta,Diptera,Chironomidae,Chironomus,NA,82,7/27/2017,HickoryBottoms,D,7/12/2017,73,Single
7272017HBD7,OTU371,GS,100,BOLD:ABX9756,Animalia,Arthropoda,Insecta,Diptera,NA,NA,NA,174,7/27/2017,HickoryBottoms,D,7/12/2017,73,Single
7272017HBD7,OTU418,US,0,None,Animalia,Arthropoda,Insecta,Lepidoptera,NA,NA,NA,7,7/27/2017,HickoryBottoms,D,7/12/2017,73,Single
7272017HBD7,OTU482,GS,97.8,BOLD:AAA4751,Animalia,Arthropoda,Insecta,Diptera,Culicidae,Culex,Culex quinquefasciatus,147,7/27/2017,HickoryBottoms,D,7/12/2017,73,Single
7272017HBD7,OTU503,GS,99.4,BOLD:AAG6486,Animalia,Arthropoda,Insecta,Diptera,Ceratopogonidae,Bezzia,Bezzia nobilis,291,7/27/2017,HickoryBottoms,D,7/12/2017,73,Single
7272017HBD7,OTU611,GS,98.9,BOLD:ABW1511,Animalia,Arthropoda,Insecta,Diptera,Ceratopogonidae,NA,NA,20,7/27/2017,HickoryBottoms,D,7/12/2017,73,Single
7272017HBD7,OTU618,US,1,BOLD:ACW2077,Animalia,Arthropoda,Insecta,Diptera,NA,NA,NA,4,7/27/2017,HickoryBottoms,D,7/12/2017,73,Single
7272017HBD7,OTU639,US,0.9885,BOLD:ACI7589,Animalia,Arthropoda,Insecta,Coleoptera,NA,NA,NA,21,7/27/2017,HickoryBottoms,D,7/12/2017,73,Single
7272017HBD7,OTU652,US,0.2259,BOLD:ACR5415,Animalia,Arthropoda,Insecta,Coleoptera,NA,NA,NA,9,7/27/2017,HickoryBottoms,D,7/12/2017,73,Single
7272017HBD7,OTU656,GS,99.4,BOLD:AAZ0144,Animalia,Arthropoda,Insecta,Diptera,Chironomidae,Chironomus,NA,24,7/27/2017,HickoryBottoms,D,7/12/2017,73,Single
7272017HBD7,OTU658,US,0,BOLD:AAN5415,Animalia,Arthropoda,Insecta,Diptera,NA,NA,NA,55,7/27/2017,HickoryBottoms,D,7/12/2017,73,Single
7272017HBD7,OTU662,GS,98.6,BOLD:AAU1776,Animalia,Arthropoda,Insecta,Hymenoptera,Formicidae,NA,NA,27,7/27/2017,HickoryBottoms,D,7/12/2017,73,Single
7272017HBD7,OTU686,US,0.9919,BOLD:ACT2785,Animalia,Arthropoda,Insecta,Hymenoptera,NA,NA,NA,14,7/27/2017,HickoryBottoms,D,7/12/2017,73,Single
7272017HBD7,OTU707,GS,100,BOLD:ACA3244,Animalia,Arthropoda,Insecta,Diptera,Chironomidae,Polypedilum,Polypedilum convictum,60,7/27/2017,HickoryBottoms,D,7/12/2017,73,Single
7272017HBD7,OTU720,GS,99.4,BOLD:AAB5347,Animalia,Arthropoda,Insecta,Lepidoptera,Tortricidae,Paralobesia,Paralobesia liriodendrana,179,7/27/2017,HickoryBottoms,D,7/12/2017,73,Single
7272017HBD7,OTU726,GS,100,BOLD:AAB7772,Animalia,Arthropoda,Insecta,Lepidoptera,Gelechiidae,Dichomeris,Dichomeris punctipennella,51,7/27/2017,HickoryBottoms,D,7/12/2017,73,Single
7272017HBD7,OTU767,GS,100,BOLD:AAC7129,Animalia,Arthropoda,Insecta,Lepidoptera,Tischeriidae,Coptotriche,Coptotriche citrinipennella,10,7/27/2017,HickoryBottoms,D,7/12/2017,73,Single
7272017HBD7,OTU769,GS,100,BOLD:AAE8646,Animalia,Arthropoda,Insecta,Hymenoptera,Formicidae,Solenopsis,Solenopsis molesta,16,7/27/2017,HickoryBottoms,D,7/12/2017,73,Single
7272017HBD7,OTU880,GS,97.2,BOLD:ACR7906,Animalia,Arthropoda,Insecta,Diptera,NA,NA,NA,154,7/27/2017,HickoryBottoms,D,7/12/2017,73,Single
7272017HBD7,OTU889,US,0.2887,BOLD:ACX4809,Animalia,Arthropoda,Insecta,Lepidoptera,NA,NA,NA,5,7/27/2017,HickoryBottoms,D,7/12/2017,73,Single
7272017HBD7,OTU914,US,0,BOLD:ACL5453,Animalia,Arthropoda,Insecta,Hymenoptera,NA,NA,NA,34,7/27/2017,HickoryBottoms,D,7/12/2017,73,Single
7272017HBD7,OTU1028,US,0.9881,BOLD:ACI4589,Animalia,Arthropoda,Insecta,Coleoptera,NA,NA,NA,6,7/27/2017,HickoryBottoms,D,7/12/2017,73,Single
7272017HBD7,OTU1051,US,0.2887,BOLD:ACJ2256,Animalia,Arthropoda,Insecta,Trichoptera,NA,NA,NA,28,7/27/2017,HickoryBottoms,D,7/12/2017,73,Single
7272017HBD7,OTU1082,US,1,None,Animalia,Arthropoda,Insecta,Diptera,NA,NA,NA,26,7/27/2017,HickoryBottoms,D,7/12/2017,73,Single
7272017HBD7,OTU1091,GS,100,BOLD:AAI4088,Animalia,Arthropoda,Arachnida,Araneae,Clubionidae,Elaver,Elaver excepta,8,7/27/2017,HickoryBottoms,D,7/12/2017,73,Single
7272017HBD7,OTU1120,SS,0.33,BOLD:ACN0279,Animalia,Arthropoda,Insecta,Diptera,NA,NA,NA,197,7/27/2017,HickoryBottoms,D,7/12/2017,73,Single
7272017HBD7,OTU1146,GS,99.4,BOLD:AAA0933,Animalia,Arthropoda,Insecta,Lepidoptera,Tortricidae,Eumarozia,Eumarozia malachitana,77,7/27/2017,HickoryBottoms,D,7/12/2017,73,Single
7272017HBD7,OTU1213,SS,1,BOLD:AAG8977,Animalia,Arthropoda,Insecta,Hemiptera,Derbidae,Apache,Apache degeerii,8,7/27/2017,HickoryBottoms,D,7/12/2017,73,Single
7272017HBD7,OTU1234,GS,100,BOLD:AAC7661,Animalia,Arthropoda,Insecta,Lepidoptera,Tortricidae,Pristerognatha,Pristerognatha fuligana,43,7/27/2017,HickoryBottoms,D,7/12/2017,73,Single
7272017HBD7,OTU1236,GS,99.4,BOLD:AAN5354,Animalia,Arthropoda,Insecta,Diptera,Chironomidae,NA,NA,6,7/27/2017,HickoryBottoms,D,7/12/2017,73,Single
7272017HBD7,OTU1255,GS,100,BOLD:AAC0937,Animalia,Arthropoda,Insecta,Lepidoptera,Tortricidae,Phaecasiophora,Phaecasiophora niveiguttana,52,7/27/2017,HickoryBottoms,D,7/12/2017,73,Single
7272017HBD7,OTU1274,GS,98.9,BOLD:AAG6465,Animalia,Arthropoda,Insecta,Diptera,Ceratopogonidae,NA,NA,8,7/27/2017,HickoryBottoms,D,7/12/2017,73,Single
7272017HBD7,OTU1285,GS,100,BOLD:ACK2164,Animalia,Arthropoda,Insecta,Lepidoptera,Gracillariidae,Phyllonorycter,NA,56,7/27/2017,HickoryBottoms,D,7/12/2017,73,Single
7272017HBD7,OTU1317,SS,0.01,BOLD:AAN5451,Animalia,Arthropoda,Arachnida,Araneae,Araneidae,Eustala,NA,3,7/27/2017,HickoryBottoms,D,7/12/2017,73,Single
7272017HBD7,OTU1345,GS,100,BOLD:AAL7329,Animalia,Arthropoda,Insecta,Diptera,Chironomidae,Dicrotendipes,Dicrotendipes modestus,10,7/27/2017,HickoryBottoms,D,7/12/2017,73,Single
7272017HBD7,OTU1496,US,0,BOLD:ACV3799,Animalia,Arthropoda,Insecta,Hemiptera,NA,NA,NA,1,7/27/2017,HickoryBottoms,D,7/12/2017,73,Single
7272017HBD7,OTU1712,US,0,None,Animalia,Arthropoda,Insecta,Hymenoptera,NA,NA,NA,11,7/27/2017,HickoryBottoms,D,7/12/2017,73,Single
7272017HBD7,OTU1772,GS,98.9,BOLD:ACA3275,Animalia,Arthropoda,Insecta,Diptera,Chironomidae,Dicrotendipes,NA,3,7/27/2017,HickoryBottoms,D,7/12/2017,73,Single
7272017HBD7,OTU1790,GS,98.3,BOLD:AAZ0144,Animalia,Arthropoda,Insecta,Diptera,Chironomidae,Chironomus,NA,2,7/27/2017,HickoryBottoms,D,7/12/2017,73,Single
7272017HBD7,OTU1793,US,5e-04,BOLD:AAM7672,Animalia,Arthropoda,Insecta,Coleoptera,NA,NA,NA,30,7/27/2017,HickoryBottoms,D,7/12/2017,73,Single
7272017HBD7,OTU1826,GS,100,BOLD:AAF8961,Animalia,Arthropoda,Insecta,Lepidoptera,Tischeriidae,Tischeria,Tischeria quercitella,10,7/27/2017,HickoryBottoms,D,7/12/2017,73,Single
7272017HBD7,OTU1871,SS,0.85,BOLD:AAG3848,Animalia,Arthropoda,Insecta,Diptera,Culicidae,Culex,Culex erraticus,18,7/27/2017,HickoryBottoms,D,7/12/2017,73,Single
7272017HBD7,OTU1896,US,0.9201,BOLD:AAA0693,Animalia,Arthropoda,Insecta,Lepidoptera,NA,NA,NA,13,7/27/2017,HickoryBottoms,D,7/12/2017,73,Single
7272017HBD7,OTU1926,US,0.9546,BOLD:ABX4411,Animalia,Arthropoda,Insecta,Coleoptera,NA,NA,NA,15,7/27/2017,HickoryBottoms,D,7/12/2017,73,Single
7272017HBD8,OTU7,GS,100,BOLD:AAF4632,Animalia,Arthropoda,Insecta,Diptera,Limoniidae,Epiphragma,Epiphragma solatrix,25652,7/27/2017,HickoryBottoms,D,7/12/2017,73,Single
7272017HBD8,OTU16,GS,100,BOLD:AAA7067,Animalia,Arthropoda,Insecta,Diptera,Culicidae,Aedes,Aedes vexans,441,7/27/2017,HickoryBottoms,D,7/12/2017,73,Single
7272017HBD8,OTU23,GS,100,BOLD:AAF9008,Animalia,Arthropoda,Insecta,Diptera,Limoniidae,Helius,Helius flavipes,5324,7/27/2017,HickoryBottoms,D,7/12/2017,73,Single
7272017HBD8,OTU24,GS,98.9,BOLD:ABW3499,Animalia,Arthropoda,Insecta,Diptera,NA,NA,NA,584,7/27/2017,HickoryBottoms,D,7/12/2017,73,Single
7272017HBD8,OTU68,GS,100,BOLD:AAB7030,Animalia,Arthropoda,Insecta,Diptera,Chironomidae,Chironomus,Chironomus decorus,38,7/27/2017,HickoryBottoms,D,7/12/2017,73,Single
7272017HBD8,OTU92,GS,100,BOLD:AAG8582,Animalia,Arthropoda,Insecta,Lepidoptera,Blastobasidae,Asaphocrita,Asaphocrita aphidiella,157,7/27/2017,HickoryBottoms,D,7/12/2017,73,Single
7272017HBD8,OTU149,GS,99.4,BOLD:AAH4942,Animalia,Arthropoda,Insecta,Lepidoptera,Gelechiidae,Dichomeris,NA,23,7/27/2017,HickoryBottoms,D,7/12/2017,73,Single
7272017HBD8,OTU197,GS,100,BOLD:AAN6380,Animalia,Arthropoda,Arachnida,Araneae,Araneidae,Neoscona,NA,19,7/27/2017,HickoryBottoms,D,7/12/2017,73,Single
7272017HBD8,OTU213,GS,100,BOLD:AAD4936,Animalia,Arthropoda,Insecta,Lepidoptera,Gracillariidae,Caloptilia,Caloptilia sassafrasella,14,7/27/2017,HickoryBottoms,D,7/12/2017,73,Single
7272017HBD8,OTU259,US,0.9963,BOLD:AAL6280,Animalia,Arthropoda,Arachnida,Araneae,NA,NA,NA,7,7/27/2017,HickoryBottoms,D,7/12/2017,73,Single
7272017HBD8,OTU266,US,0,None,Animalia,Arthropoda,Insecta,Diptera,NA,NA,NA,16,7/27/2017,HickoryBottoms,D,7/12/2017,73,Single
7272017HBD8,OTU279,US,0.9881,BOLD:AAL9881,Animalia,Arthropoda,Arachnida,Araneae,NA,NA,NA,15,7/27/2017,HickoryBottoms,D,7/12/2017,73,Single
7272017HBD8,OTU317,GS,99.4,BOLD:ACA8818,Animalia,Arthropoda,Insecta,Hemiptera,Derbidae,Patara,Patara vanduzeei,22,7/27/2017,HickoryBottoms,D,7/12/2017,73,Single
7272017HBD8,OTU325,GS,100,BOLD:AAB6013,Animalia,Arthropoda,Insecta,Lepidoptera,Tortricidae,Phaecasiophora,Phaecasiophora confixana,8,7/27/2017,HickoryBottoms,D,7/12/2017,73,Single
7272017HBD8,OTU354,SS,0.48,BOLD:AAM6278,Animalia,Arthropoda,Insecta,Diptera,NA,NA,NA,6,7/27/2017,HickoryBottoms,D,7/12/2017,73,Single
7272017HBD8,OTU382,US,0.9803,BOLD:ACU8254,Animalia,Arthropoda,Insecta,Diptera,NA,NA,NA,12,7/27/2017,HickoryBottoms,D,7/12/2017,73,Single
7272017HBD8,OTU447,US,0.9916,BOLD:AAW5176,Animalia,Arthropoda,Arachnida,Araneae,NA,NA,NA,12,7/27/2017,HickoryBottoms,D,7/12/2017,73,Single
7272017HBD8,OTU457,GS,100,BOLD:ABY9153,Animalia,Arthropoda,Insecta,Lepidoptera,Oecophoridae,Epicallima,Epicallima argenticinctella,21,7/27/2017,HickoryBottoms,D,7/12/2017,73,Single
7272017HBD8,OTU503,GS,99.4,BOLD:AAG6486,Animalia,Arthropoda,Insecta,Diptera,Ceratopogonidae,Bezzia,Bezzia nobilis,14,7/27/2017,HickoryBottoms,D,7/12/2017,73,Single
7272017HBD8,OTU609,GS,100,BOLD:AAG1032,Animalia,Arthropoda,Insecta,Lepidoptera,NA,NA,NA,7,7/27/2017,HickoryBottoms,D,7/12/2017,73,Single
7272017HBD8,OTU620,US,0,BOLD:AAZ7729,Animalia,Arthropoda,Arachnida,Araneae,NA,NA,NA,5,7/27/2017,HickoryBottoms,D,7/12/2017,73,Single
7272017HBD8,OTU652,US,0.2259,BOLD:ACR5415,Animalia,Arthropoda,Insecta,Coleoptera,NA,NA,NA,5,7/27/2017,HickoryBottoms,D,7/12/2017,73,Single
7272017HBD8,OTU712,US,1,None,Animalia,Arthropoda,Insecta,Hymenoptera,NA,NA,NA,237,7/27/2017,HickoryBottoms,D,7/12/2017,73,Single
7272017HBD8,OTU778,GS,100,BOLD:AAB5798,Animalia,Arthropoda,Insecta,Lepidoptera,Erebidae,Isogona,Isogona tenuis,14,7/27/2017,HickoryBottoms,D,7/12/2017,73,Single
7272017HBD8,OTU857,GS,100,BOLD:AAC9885,Animalia,Arthropoda,Insecta,Lepidoptera,Tortricidae,Acleris,Acleris negundana,3,7/27/2017,HickoryBottoms,D,7/12/2017,73,Single
7272017HBD8,OTU895,GS,100,BOLD:AAA4222,Animalia,Arthropoda,Insecta,Lepidoptera,Erebidae,Hypena,Hypena scabra,4,7/27/2017,HickoryBottoms,D,7/12/2017,73,Single
7272017HBD8,OTU902,US,0,None,Animalia,Arthropoda,Insecta,Hymenoptera,NA,NA,NA,1,7/27/2017,HickoryBottoms,D,7/12/2017,73,Single
7272017HBD8,OTU934,GS,100,BOLD:AAK0004,Animalia,Arthropoda,Arachnida,Araneae,Araneidae,Verrucosa,Verrucosa arenata,1,7/27/2017,HickoryBottoms,D,7/12/2017,73,Single
7272017HBD8,OTU1148,US,0.1935,None,Animalia,Arthropoda,Insecta,Coleoptera,NA,NA,NA,1,7/27/2017,HickoryBottoms,D,7/12/2017,73,Single
7272017HBD8,OTU1176,US,0.9249,BOLD:AAF4632,Animalia,Arthropoda,Insecta,Diptera,NA,NA,NA,380,7/27/2017,HickoryBottoms,D,7/12/2017,73,Single
7272017HBD8,OTU1210,GS,97.2,BOLD:AAF4632,Animalia,Arthropoda,Insecta,Diptera,Limoniidae,Epiphragma,Epiphragma solatrix,8,7/27/2017,HickoryBottoms,D,7/12/2017,73,Single
7272017HBD8,OTU1265,SS,0.83,BOLD:AAF4632,Animalia,Arthropoda,Insecta,Diptera,Limoniidae,Epiphragma,Epiphragma solatrix,563,7/27/2017,HickoryBottoms,D,7/12/2017,73,Single
7272017HBD8,OTU1274,GS,98.9,BOLD:AAG6465,Animalia,Arthropoda,Insecta,Diptera,Ceratopogonidae,NA,NA,2,7/27/2017,HickoryBottoms,D,7/12/2017,73,Single
7272017HBD8,OTU1351,SS,0.94,BOLD:AAB7030,Animalia,Arthropoda,Insecta,Diptera,Chironomidae,Chironomus,Chironomus decorus,4,7/27/2017,HickoryBottoms,D,7/12/2017,73,Single
7272017HBD8,OTU1401,SS,0.78,BOLD:AAF9008,Animalia,Arthropoda,Insecta,Diptera,NA,NA,NA,1,7/27/2017,HickoryBottoms,D,7/12/2017,73,Single
7272017HBD8,OTU1403,SS,0.36,BOLD:ACV0130,Animalia,Arthropoda,Insecta,Diptera,NA,NA,NA,34,7/27/2017,HickoryBottoms,D,7/12/2017,73,Single
7272017HBD8,OTU1419,SS,0.8,BOLD:AAF4632,Animalia,Arthropoda,Insecta,Diptera,Limoniidae,Epiphragma,Epiphragma solatrix,686,7/27/2017,HickoryBottoms,D,7/12/2017,73,Single
7272017HBD8,OTU1522,SS,0.57,BOLD:AAF9008,Animalia,Arthropoda,Insecta,Diptera,NA,NA,NA,46,7/27/2017,HickoryBottoms,D,7/12/2017,73,Single
7272017HBD8,OTU1599,US,0.9916,BOLD:ACE0264,Animalia,Arthropoda,Insecta,Lepidoptera,NA,NA,NA,27,7/27/2017,HickoryBottoms,D,7/12/2017,73,Single
7272017HBD8,OTU1635,US,0,None,Animalia,Arthropoda,Arachnida,Araneae,NA,NA,NA,1,7/27/2017,HickoryBottoms,D,7/12/2017,73,Single
7272017HBD8,OTU1712,US,0,None,Animalia,Arthropoda,Insecta,Hymenoptera,NA,NA,NA,1,7/27/2017,HickoryBottoms,D,7/12/2017,73,Single
7272017HBD8,OTU1834,SS,0.74,BOLD:AAF4632,Animalia,Arthropoda,Insecta,Diptera,NA,NA,NA,5,7/27/2017,HickoryBottoms,D,7/12/2017,73,Single
7272017HBD8,OTU1914,US,0.3913,None,Animalia,Arthropoda,Insecta,Ephemeroptera,NA,NA,NA,12,7/27/2017,HickoryBottoms,D,7/12/2017,73,Single
7272017HBD9,OTU5,GS,99.4,BOLD:AAN5451,Animalia,Arthropoda,Arachnida,Araneae,Araneidae,Eustala,NA,691,7/27/2017,HickoryBottoms,D,7/12/2017,73,Single
7272017HBD9,OTU7,GS,100,BOLD:AAF4632,Animalia,Arthropoda,Insecta,Diptera,Limoniidae,Epiphragma,Epiphragma solatrix,1470,7/27/2017,HickoryBottoms,D,7/12/2017,73,Single
7272017HBD9,OTU31,GS,100,BOLD:AAM6212,Animalia,Arthropoda,Insecta,Diptera,Chironomidae,Axarus,Axarus festivus,416,7/27/2017,HickoryBottoms,D,7/12/2017,73,Single
7272017HBD9,OTU47,GS,100,BOLD:AAN5881,Animalia,Arthropoda,Insecta,Diptera,Limoniidae,NA,NA,25683,7/27/2017,HickoryBottoms,D,7/12/2017,73,Single
7272017HBD9,OTU88,GS,100,BOLD:AAE0434,Animalia,Arthropoda,Insecta,Diptera,Culicidae,Uranotaenia,Uranotaenia sapphirina,552,7/27/2017,HickoryBottoms,D,7/12/2017,73,Single
7272017HBD9,OTU192,SS,0.12,BOLD:ACF9102,Animalia,Arthropoda,Insecta,Diptera,NA,NA,NA,399,7/27/2017,HickoryBottoms,D,7/12/2017,73,Single
7272017HBD9,OTU658,US,0,BOLD:AAN5415,Animalia,Arthropoda,Insecta,Diptera,NA,NA,NA,104,7/27/2017,HickoryBottoms,D,7/12/2017,73,Single
7272017HBD9,OTU1210,GS,97.2,BOLD:AAF4632,Animalia,Arthropoda,Insecta,Diptera,Limoniidae,Epiphragma,Epiphragma solatrix,19,7/27/2017,HickoryBottoms,D,7/12/2017,73,Single
7272017HBD9,OTU1265,SS,0.83,BOLD:AAF4632,Animalia,Arthropoda,Insecta,Diptera,Limoniidae,Epiphragma,Epiphragma solatrix,9,7/27/2017,HickoryBottoms,D,7/12/2017,73,Single
7272017HBD9,OTU1317,SS,0.01,BOLD:AAN5451,Animalia,Arthropoda,Arachnida,Araneae,Araneidae,Eustala,NA,10,7/27/2017,HickoryBottoms,D,7/12/2017,73,Single
7272017HBD9,OTU1403,SS,0.36,BOLD:ACV0130,Animalia,Arthropoda,Insecta,Diptera,NA,NA,NA,87,7/27/2017,HickoryBottoms,D,7/12/2017,73,Single
7272017HBD9,OTU1842,SS,0.82,BOLD:AAM6212,Animalia,Arthropoda,Insecta,Diptera,Chironomidae,Axarus,Axarus festivus,253,7/27/2017,HickoryBottoms,D,7/12/2017,73,Single
7272017HBPoolA1,OTU3,GS,100,BOLD:AAP2734,Animalia,Arthropoda,Insecta,Diptera,Limoniidae,Erioptera,Erioptera parva,1400,7/27/2017,HickoryBottoms,A,7/12/2017,11,Pool
7272017HBPoolA1,OTU4,GS,100,BOLD:AAN5882,Animalia,Arthropoda,Insecta,Diptera,Limoniidae,Erioptera,Erioptera caliptera,1667,7/27/2017,HickoryBottoms,A,7/12/2017,11,Pool
7272017HBPoolA1,OTU5,GS,99.4,BOLD:AAN5451,Animalia,Arthropoda,Arachnida,Araneae,Araneidae,Eustala,NA,403,7/27/2017,HickoryBottoms,A,7/12/2017,11,Pool
7272017HBPoolA1,OTU14,GS,99.4,BOLD:AAO3940,Animalia,Arthropoda,Insecta,Diptera,Limoniidae,Rhipidia,NA,258,7/27/2017,HickoryBottoms,A,7/12/2017,11,Pool
7272017HBPoolA1,OTU23,GS,100,BOLD:AAF9008,Animalia,Arthropoda,Insecta,Diptera,Limoniidae,Helius,Helius flavipes,3720,7/27/2017,HickoryBottoms,A,7/12/2017,11,Pool
7272017HBPoolA1,OTU24,GS,98.9,BOLD:ABW3499,Animalia,Arthropoda,Insecta,Diptera,NA,NA,NA,662,7/27/2017,HickoryBottoms,A,7/12/2017,11,Pool
7272017HBPoolA1,OTU57,GS,100,BOLD:AAI1618,Animalia,Arthropoda,Insecta,Diptera,Culicidae,Coquillettidia,Coquillettidia perturbans,112,7/27/2017,HickoryBottoms,A,7/12/2017,11,Pool
7272017HBPoolA1,OTU64,US,0.9925,BOLD:AAL8170,Animalia,Arthropoda,Insecta,Hymenoptera,NA,NA,NA,616,7/27/2017,HickoryBottoms,A,7/12/2017,11,Pool
7272017HBPoolA1,OTU89,GS,98.3,BOLD:ABW2415,Animalia,Arthropoda,Insecta,Diptera,Tipulidae,Nephrotoma,Nephrotoma okefenoke,668,7/27/2017,HickoryBottoms,A,7/12/2017,11,Pool
7272017HBPoolA1,OTU93,GS,99.4,BOLD:AAM4329,Animalia,Arthropoda,Insecta,Hemiptera,Cimicidae,Cimex,Cimex adjunctus,1403,7/27/2017,HickoryBottoms,A,7/12/2017,11,Pool
7272017HBPoolA1,OTU96,US,0,BOLD:ACL3138,Animalia,Arthropoda,Insecta,Diptera,NA,NA,NA,65,7/27/2017,HickoryBottoms,A,7/12/2017,11,Pool
7272017HBPoolA1,OTU100,US,0,BOLD:ACD6759,Animalia,Arthropoda,Insecta,Hymenoptera,NA,NA,NA,146,7/27/2017,HickoryBottoms,A,7/12/2017,11,Pool
7272017HBPoolA1,OTU105,GS,100,BOLD:AAB7936,Animalia,Arthropoda,Insecta,Lepidoptera,Oecophoridae,Inga,Inga sparsiciliella,46,7/27/2017,HickoryBottoms,A,7/12/2017,11,Pool
7272017HBPoolA1,OTU133,US,0,BOLD:AAH1180,Animalia,Arthropoda,Insecta,Hemiptera,NA,NA,NA,175,7/27/2017,HickoryBottoms,A,7/12/2017,11,Pool
7272017HBPoolA1,OTU136,GS,100,BOLD:AAJ2208,Animalia,Arthropoda,Insecta,Diptera,Limoniidae,Limonia,Limonia immatura,88,7/27/2017,HickoryBottoms,A,7/12/2017,11,Pool
7272017HBPoolA1,OTU146,GS,99.4,BOLD:ABV9238,Animalia,Arthropoda,Insecta,Diptera,Limoniidae,Gonomyia,NA,52,7/27/2017,HickoryBottoms,A,7/12/2017,11,Pool
7272017HBPoolA1,OTU148,GS,100,BOLD:AAK7352,Animalia,Arthropoda,Arachnida,Araneae,Araneidae,Metepeira,Metepeira labyrinthea,32,7/27/2017,HickoryBottoms,A,7/12/2017,11,Pool
7272017HBPoolA1,OTU172,GS,99.4,BOLD:AAA8563,Animalia,Arthropoda,Insecta,Lepidoptera,Erebidae,Parallelia,Parallelia bistriaris,1092,7/27/2017,HickoryBottoms,A,7/12/2017,11,Pool
7272017HBPoolA1,OTU175,GS,99.4,BOLD:AAC7367,Animalia,Arthropoda,Insecta,Lepidoptera,Tineidae,Isocorypha,Isocorypha mediostriatella,77,7/27/2017,HickoryBottoms,A,7/12/2017,11,Pool
7272017HBPoolA1,OTU185,GS,100,BOLD:AAA7667,Animalia,Arthropoda,Insecta,Lepidoptera,Tortricidae,Acleris,Acleris chalybeana,216,7/27/2017,HickoryBottoms,A,7/12/2017,11,Pool
7272017HBPoolA1,OTU192,SS,0.12,BOLD:ACF9102,Animalia,Arthropoda,Insecta,Diptera,NA,NA,NA,77,7/27/2017,HickoryBottoms,A,7/12/2017,11,Pool
7272017HBPoolA1,OTU225,GS,99.4,BOLD:AAE1532,Animalia,Arthropoda,Insecta,Lepidoptera,Sphingidae,Ceratomia,Ceratomia catalpae,652,7/27/2017,HickoryBottoms,A,7/12/2017,11,Pool
7272017HBPoolA1,OTU235,GS,100,BOLD:AAG3918,Animalia,Arthropoda,Insecta,Diptera,Chironomidae,Procladius,NA,62,7/27/2017,HickoryBottoms,A,7/12/2017,11,Pool
7272017HBPoolA1,OTU239,GS,100,BOLD:ABW2526,Animalia,Arthropoda,Insecta,Diptera,Tabanidae,Tabanus,NA,85,7/27/2017,HickoryBottoms,A,7/12/2017,11,Pool
7272017HBPoolA1,OTU244,GS,100,BOLD:AAB1096,Animalia,Arthropoda,Insecta,Lepidoptera,Blastobasidae,Blastobasis,Blastobasis glandulella,28,7/27/2017,HickoryBottoms,A,7/12/2017,11,Pool
7272017HBPoolA1,OTU264,GS,100,BOLD:AAE5990,Animalia,Arthropoda,Arachnida,Araneae,Linyphiidae,Neriene,Neriene variabilis,483,7/27/2017,HickoryBottoms,A,7/12/2017,11,Pool
7272017HBPoolA1,OTU268,US,0.9963,BOLD:ACT8457,Animalia,Arthropoda,Insecta,Hymenoptera,NA,NA,NA,131,7/27/2017,HickoryBottoms,A,7/12/2017,11,Pool
7272017HBPoolA1,OTU269,GS,97.2,BOLD:AAP9050,Animalia,Arthropoda,Insecta,Diptera,Ceratopogonidae,NA,NA,50,7/27/2017,HickoryBottoms,A,7/12/2017,11,Pool
7272017HBPoolA1,OTU271,GS,98.9,BOLD:ABX3627,Animalia,Arthropoda,Insecta,Diptera,Limoniidae,NA,NA,912,7/27/2017,HickoryBottoms,A,7/12/2017,11,Pool
7272017HBPoolA1,OTU294,GS,98.9,BOLD:ACF3447,Animalia,Arthropoda,Insecta,Diptera,Tachinidae,Nemorilla,NA,704,7/27/2017,HickoryBottoms,A,7/12/2017,11,Pool
7272017HBPoolA1,OTU309,GS,100,BOLD:AAH5582,Animalia,Arthropoda,Insecta,Lepidoptera,Gelechiidae,Battaristis,NA,376,7/27/2017,HickoryBottoms,A,7/12/2017,11,Pool
7272017HBPoolA1,OTU325,GS,100,BOLD:AAB6013,Animalia,Arthropoda,Insecta,Lepidoptera,Tortricidae,Phaecasiophora,Phaecasiophora confixana,62,7/27/2017,HickoryBottoms,A,7/12/2017,11,Pool
7272017HBPoolA1,OTU354,SS,0.48,BOLD:AAM6278,Animalia,Arthropoda,Insecta,Diptera,NA,NA,NA,147,7/27/2017,HickoryBottoms,A,7/12/2017,11,Pool
7272017HBPoolA1,OTU383,GS,100,BOLD:AAA1467,Animalia,Arthropoda,Insecta,Hymenoptera,Formicidae,Formica,Formica neogagates group,38,7/27/2017,HickoryBottoms,A,7/12/2017,11,Pool
7272017HBPoolA1,OTU398,GS,98.9,BOLD:ACE4129,Animalia,Arthropoda,Insecta,Lepidoptera,Tortricidae,Cydia,Cydia latiferreana,43,7/27/2017,HickoryBottoms,A,7/12/2017,11,Pool
7272017HBPoolA1,OTU399,GS,100,BOLD:ACF2428,Animalia,Arthropoda,Insecta,Lepidoptera,Tineidae,Acrolophus,Acrolophus texanella,13,7/27/2017,HickoryBottoms,A,7/12/2017,11,Pool
7272017HBPoolA1,OTU417,GS,100,BOLD:ACF5244,Animalia,Arthropoda,Insecta,Diptera,Tachinidae,Hyphantrophaga,Hyphantrophaga virilis,150,7/27/2017,HickoryBottoms,A,7/12/2017,11,Pool
7272017HBPoolA1,OTU423,GS,100,BOLD:AAA5139,Animalia,Arthropoda,Insecta,Lepidoptera,Noctuidae,Acronicta,Acronicta americana,459,7/27/2017,HickoryBottoms,A,7/12/2017,11,Pool
7272017HBPoolA1,OTU424,GS,100,BOLD:ABZ3656,Animalia,Arthropoda,Insecta,Lepidoptera,Depressariidae,Psilocorsis,Psilocorsis reflexella,116,7/27/2017,HickoryBottoms,A,7/12/2017,11,Pool
7272017HBPoolA1,OTU509,GS,100,BOLD:AAB8437,Animalia,Arthropoda,Insecta,Diptera,Tachinidae,Actia,Actia interrupta,193,7/27/2017,HickoryBottoms,A,7/12/2017,11,Pool
7272017HBPoolA1,OTU513,SS,0.71,BOLD:ABY8891,Animalia,Arthropoda,Insecta,Diptera,NA,NA,NA,27,7/27/2017,HickoryBottoms,A,7/12/2017,11,Pool
7272017HBPoolA1,OTU537,GS,100,BOLD:AAA3773,Animalia,Arthropoda,Insecta,Lepidoptera,Notodontidae,Heterocampa,Heterocampa guttivitta,243,7/27/2017,HickoryBottoms,A,7/12/2017,11,Pool
7272017HBPoolA1,OTU571,GS,100,BOLD:AAD1986,Animalia,Arthropoda,Arachnida,Araneae,Thomisidae,Xysticus,Xysticus ferox,123,7/27/2017,HickoryBottoms,A,7/12/2017,11,Pool
7272017HBPoolA1,OTU573,GS,98.9,BOLD:AAB8921,Animalia,Arthropoda,Insecta,Lepidoptera,Zygaenidae,Harrisina,Harrisina americana,7,7/27/2017,HickoryBottoms,A,7/12/2017,11,Pool
7272017HBPoolA1,OTU576,GS,100,BOLD:AAA5192,Animalia,Arthropoda,Insecta,Lepidoptera,Tortricidae,Platynota,Platynota idaeusalis,7,7/27/2017,HickoryBottoms,A,7/12/2017,11,Pool
7272017HBPoolA1,OTU598,GS,100,BOLD:AAN7492,Animalia,Arthropoda,Insecta,Neuroptera,Hemerobiidae,Hemerobius,Hemerobius humulinus,20,7/27/2017,HickoryBottoms,A,7/12/2017,11,Pool
7272017HBPoolA1,OTU635,GS,97.2,BOLD:AAN5882,Animalia,Arthropoda,Insecta,Diptera,Limoniidae,Erioptera,Erioptera caliptera,264,7/27/2017,HickoryBottoms,A,7/12/2017,11,Pool
7272017HBPoolA1,OTU636,GS,99.4,BOLD:AAM6230,Animalia,Arthropoda,Insecta,Diptera,Chironomidae,Chironomus,NA,25,7/27/2017,HickoryBottoms,A,7/12/2017,11,Pool
7272017HBPoolA1,OTU680,GS,97.2,BOLD:AAF9008,Animalia,Arthropoda,Insecta,Diptera,Limoniidae,Helius,Helius flavipes,43,7/27/2017,HickoryBottoms,A,7/12/2017,11,Pool
7272017HBPoolA1,OTU714,SS,0.67,BOLD:ACM2197,Animalia,Arthropoda,Insecta,Hymenoptera,NA,NA,NA,28,7/27/2017,HickoryBottoms,A,7/12/2017,11,Pool
7272017HBPoolA1,OTU720,GS,99.4,BOLD:AAB5347,Animalia,Arthropoda,Insecta,Lepidoptera,Tortricidae,Paralobesia,Paralobesia liriodendrana,9,7/27/2017,HickoryBottoms,A,7/12/2017,11,Pool
7272017HBPoolA1,OTU764,GS,100,BOLD:AAI2732,Animalia,Arthropoda,Arachnida,Araneae,Lycosidae,Pirata,Pirata alachuus,57,7/27/2017,HickoryBottoms,A,7/12/2017,11,Pool
7272017HBPoolA1,OTU807,GS,99.4,BOLD:AAD2595,Animalia,Arthropoda,Insecta,Diptera,Culicidae,Anopheles,Anopheles walkeri,16,7/27/2017,HickoryBottoms,A,7/12/2017,11,Pool
7272017HBPoolA1,OTU867,GS,100,BOLD:AAC8834,Animalia,Arthropoda,Arachnida,Araneae,Araneidae,Mecynogea,Mecynogea lemniscata,46,7/27/2017,HickoryBottoms,A,7/12/2017,11,Pool
7272017HBPoolA1,OTU882,SS,0.73,BOLD:AAN5451,Animalia,Arthropoda,Arachnida,Araneae,Araneidae,NA,NA,179,7/27/2017,HickoryBottoms,A,7/12/2017,11,Pool
7272017HBPoolA1,OTU906,US,0,BOLD:ACO4200,Animalia,Arthropoda,Insecta,Coleoptera,NA,NA,NA,32,7/27/2017,HickoryBottoms,A,7/12/2017,11,Pool
7272017HBPoolA1,OTU1097,GS,97.2,BOLD:AAN5451,Animalia,Arthropoda,Arachnida,Araneae,Araneidae,Eustala,NA,19,7/27/2017,HickoryBottoms,A,7/12/2017,11,Pool
7272017HBPoolA1,OTU1210,GS,97.2,BOLD:AAF4632,Animalia,Arthropoda,Insecta,Diptera,Limoniidae,Epiphragma,Epiphragma solatrix,6,7/27/2017,HickoryBottoms,A,7/12/2017,11,Pool
7272017HBPoolA1,OTU1241,GS,99.4,BOLD:AAA4208,Animalia,Arthropoda,Insecta,Lepidoptera,Geometridae,Scopula,Scopula limboundata,55,7/27/2017,HickoryBottoms,A,7/12/2017,11,Pool
7272017HBPoolA1,OTU1265,SS,0.83,BOLD:AAF4632,Animalia,Arthropoda,Insecta,Diptera,Limoniidae,Epiphragma,Epiphragma solatrix,3,7/27/2017,HickoryBottoms,A,7/12/2017,11,Pool
7272017HBPoolA1,OTU1292,GS,97.8,BOLD:AAN5882,Animalia,Arthropoda,Insecta,Diptera,Limoniidae,Erioptera,Erioptera caliptera,16,7/27/2017,HickoryBottoms,A,7/12/2017,11,Pool
7272017HBPoolA1,OTU1317,SS,0.01,BOLD:AAN5451,Animalia,Arthropoda,Arachnida,Araneae,Araneidae,Eustala,NA,8,7/27/2017,HickoryBottoms,A,7/12/2017,11,Pool
7272017HBPoolA1,OTU1323,US,0.9934,BOLD:ABW8929,Animalia,Arthropoda,Maxillopoda,Cyclopoida,NA,NA,NA,107,7/27/2017,HickoryBottoms,A,7/12/2017,11,Pool
7272017HBPoolA1,OTU1387,GS,99.4,BOLD:AAG0330,Animalia,Arthropoda,Insecta,Lepidoptera,Tortricidae,Grapholita,Grapholita prunivora,10,7/27/2017,HickoryBottoms,A,7/12/2017,11,Pool
7272017HBPoolA1,OTU1401,SS,0.78,BOLD:AAF9008,Animalia,Arthropoda,Insecta,Diptera,NA,NA,NA,4,7/27/2017,HickoryBottoms,A,7/12/2017,11,Pool
7272017HBPoolA1,OTU1480,US,0.9249,BOLD:AAN5882,Animalia,Arthropoda,Insecta,Diptera,NA,NA,NA,5,7/27/2017,HickoryBottoms,A,7/12/2017,11,Pool
7272017HBPoolA1,OTU1482,SS,0.87,BOLD:AAF9008,Animalia,Arthropoda,Insecta,Diptera,Limoniidae,Helius,Helius flavipes,10,7/27/2017,HickoryBottoms,A,7/12/2017,11,Pool
7272017HBPoolA1,OTU1494,US,0.8732,BOLD:AAF4632,Animalia,Arthropoda,Insecta,Diptera,NA,NA,NA,1,7/27/2017,HickoryBottoms,A,7/12/2017,11,Pool
7272017HBPoolA1,OTU1522,SS,0.57,BOLD:AAF9008,Animalia,Arthropoda,Insecta,Diptera,NA,NA,NA,3,7/27/2017,HickoryBottoms,A,7/12/2017,11,Pool
7272017HBPoolA1,OTU1554,SS,0.92,BOLD:AAP2734,Animalia,Arthropoda,Insecta,Diptera,Limoniidae,Erioptera,Erioptera parva,63,7/27/2017,HickoryBottoms,A,7/12/2017,11,Pool
7272017HBPoolA1,OTU1646,GS,97.8,BOLD:ABZ0149,Animalia,Arthropoda,Insecta,Neuroptera,Hemerobiidae,Hemerobius,Hemerobius discretus,2,7/27/2017,HickoryBottoms,A,7/12/2017,11,Pool
7272017HBPoolA1,OTU1664,SS,0.26,BOLD:AAF9008,Animalia,Arthropoda,Insecta,Diptera,NA,NA,NA,3,7/27/2017,HickoryBottoms,A,7/12/2017,11,Pool
7272017HBPoolA1,OTU1722,GS,97.8,BOLD:AAB8920,Animalia,Arthropoda,Insecta,Lepidoptera,Zygaenidae,Harrisina,Harrisina americana,84,7/27/2017,HickoryBottoms,A,7/12/2017,11,Pool
7272017HBPoolA1,OTU1724,US,0.8732,BOLD:ABW0552,Animalia,Arthropoda,Insecta,Lepidoptera,NA,NA,NA,2,7/27/2017,HickoryBottoms,A,7/12/2017,11,Pool
7272017HBPoolA1,OTU1748,SS,0.6,BOLD:ACF8409,Animalia,Arthropoda,Insecta,Diptera,NA,NA,NA,1,7/27/2017,HickoryBottoms,A,7/12/2017,11,Pool
7272017HBPoolA1,OTU1764,US,0.9934,BOLD:ACQ7934,Animalia,Arthropoda,Insecta,Hymenoptera,NA,NA,NA,11,7/27/2017,HickoryBottoms,A,7/12/2017,11,Pool
7272017HBPoolA1,OTU1834,SS,0.74,BOLD:AAF4632,Animalia,Arthropoda,Insecta,Diptera,NA,NA,NA,2,7/27/2017,HickoryBottoms,A,7/12/2017,11,Pool
7272017HBPoolA2,OTU3,GS,100,BOLD:AAP2734,Animalia,Arthropoda,Insecta,Diptera,Limoniidae,Erioptera,Erioptera parva,2188,7/27/2017,HickoryBottoms,A,7/12/2017,11,Pool
7272017HBPoolA2,OTU4,GS,100,BOLD:AAN5882,Animalia,Arthropoda,Insecta,Diptera,Limoniidae,Erioptera,Erioptera caliptera,2010,7/27/2017,HickoryBottoms,A,7/12/2017,11,Pool
7272017HBPoolA2,OTU5,GS,99.4,BOLD:AAN5451,Animalia,Arthropoda,Arachnida,Araneae,Araneidae,Eustala,NA,726,7/27/2017,HickoryBottoms,A,7/12/2017,11,Pool
7272017HBPoolA2,OTU7,GS,100,BOLD:AAF4632,Animalia,Arthropoda,Insecta,Diptera,Limoniidae,Epiphragma,Epiphragma solatrix,604,7/27/2017,HickoryBottoms,A,7/12/2017,11,Pool
7272017HBPoolA2,OTU14,GS,99.4,BOLD:AAO3940,Animalia,Arthropoda,Insecta,Diptera,Limoniidae,Rhipidia,NA,351,7/27/2017,HickoryBottoms,A,7/12/2017,11,Pool
7272017HBPoolA2,OTU17,GS,100,BOLD:AAB3702,Animalia,Arthropoda,Insecta,Trichoptera,Hydropsychidae,Potamyia,Potamyia flava,272,7/27/2017,HickoryBottoms,A,7/12/2017,11,Pool
7272017HBPoolA2,OTU23,GS,100,BOLD:AAF9008,Animalia,Arthropoda,Insecta,Diptera,Limoniidae,Helius,Helius flavipes,4214,7/27/2017,HickoryBottoms,A,7/12/2017,11,Pool
7272017HBPoolA2,OTU24,GS,98.9,BOLD:ABW3499,Animalia,Arthropoda,Insecta,Diptera,NA,NA,NA,237,7/27/2017,HickoryBottoms,A,7/12/2017,11,Pool
7272017HBPoolA2,OTU57,GS,100,BOLD:AAI1618,Animalia,Arthropoda,Insecta,Diptera,Culicidae,Coquillettidia,Coquillettidia perturbans,95,7/27/2017,HickoryBottoms,A,7/12/2017,11,Pool
7272017HBPoolA2,OTU64,US,0.9925,BOLD:AAL8170,Animalia,Arthropoda,Insecta,Hymenoptera,NA,NA,NA,586,7/27/2017,HickoryBottoms,A,7/12/2017,11,Pool
7272017HBPoolA2,OTU65,GS,100,BOLD:AAA1517,Animalia,Arthropoda,Insecta,Lepidoptera,Tortricidae,Choristoneura,Choristoneura rosaceana,316,7/27/2017,HickoryBottoms,A,7/12/2017,11,Pool
7272017HBPoolA2,OTU73,GS,100,BOLD:AAD6926,Animalia,Arthropoda,Arachnida,Araneae,Anyphaenidae,Anyphaena,Anyphaena pectorosa,104,7/27/2017,HickoryBottoms,A,7/12/2017,11,Pool
7272017HBPoolA2,OTU89,GS,98.3,BOLD:ABW2415,Animalia,Arthropoda,Insecta,Diptera,Tipulidae,Nephrotoma,Nephrotoma okefenoke,1026,7/27/2017,HickoryBottoms,A,7/12/2017,11,Pool
7272017HBPoolA2,OTU100,US,0,BOLD:ACD6759,Animalia,Arthropoda,Insecta,Hymenoptera,NA,NA,NA,305,7/27/2017,HickoryBottoms,A,7/12/2017,11,Pool
7272017HBPoolA2,OTU125,GS,100,BOLD:ACX4440,Animalia,Arthropoda,Insecta,Coleoptera,NA,NA,NA,214,7/27/2017,HickoryBottoms,A,7/12/2017,11,Pool
7272017HBPoolA2,OTU133,US,0,BOLD:AAH1180,Animalia,Arthropoda,Insecta,Hemiptera,NA,NA,NA,45,7/27/2017,HickoryBottoms,A,7/12/2017,11,Pool
7272017HBPoolA2,OTU136,GS,100,BOLD:AAJ2208,Animalia,Arthropoda,Insecta,Diptera,Limoniidae,Limonia,Limonia immatura,53,7/27/2017,HickoryBottoms,A,7/12/2017,11,Pool
7272017HBPoolA2,OTU146,GS,99.4,BOLD:ABV9238,Animalia,Arthropoda,Insecta,Diptera,Limoniidae,Gonomyia,NA,177,7/27/2017,HickoryBottoms,A,7/12/2017,11,Pool
7272017HBPoolA2,OTU149,GS,99.4,BOLD:AAH4942,Animalia,Arthropoda,Insecta,Lepidoptera,Gelechiidae,Dichomeris,NA,192,7/27/2017,HickoryBottoms,A,7/12/2017,11,Pool
7272017HBPoolA2,OTU172,GS,99.4,BOLD:AAA8563,Animalia,Arthropoda,Insecta,Lepidoptera,Erebidae,Parallelia,Parallelia bistriaris,1809,7/27/2017,HickoryBottoms,A,7/12/2017,11,Pool
7272017HBPoolA2,OTU173,GS,99.4,BOLD:ABA7621,Animalia,Arthropoda,Insecta,Diptera,Tipulidae,Dolichopeza,Dolichopeza walleyi,62,7/27/2017,HickoryBottoms,A,7/12/2017,11,Pool
7272017HBPoolA2,OTU185,GS,100,BOLD:AAA7667,Animalia,Arthropoda,Insecta,Lepidoptera,Tortricidae,Acleris,Acleris chalybeana,55,7/27/2017,HickoryBottoms,A,7/12/2017,11,Pool
7272017HBPoolA2,OTU192,SS,0.12,BOLD:ACF9102,Animalia,Arthropoda,Insecta,Diptera,NA,NA,NA,181,7/27/2017,HickoryBottoms,A,7/12/2017,11,Pool
7272017HBPoolA2,OTU198,GS,99.4,BOLD:ABZ1242,Animalia,Arthropoda,Insecta,Diptera,Chironomidae,NA,NA,69,7/27/2017,HickoryBottoms,A,7/12/2017,11,Pool
7272017HBPoolA2,OTU213,GS,100,BOLD:AAD4936,Animalia,Arthropoda,Insecta,Lepidoptera,Gracillariidae,Caloptilia,Caloptilia sassafrasella,81,7/27/2017,HickoryBottoms,A,7/12/2017,11,Pool
7272017HBPoolA2,OTU225,GS,99.4,BOLD:AAE1532,Animalia,Arthropoda,Insecta,Lepidoptera,Sphingidae,Ceratomia,Ceratomia catalpae,537,7/27/2017,HickoryBottoms,A,7/12/2017,11,Pool
7272017HBPoolA2,OTU254,GS,100,BOLD:AAG8977,Animalia,Arthropoda,Insecta,Hemiptera,Derbidae,Apache,Apache degeerii,9,7/27/2017,HickoryBottoms,A,7/12/2017,11,Pool
7272017HBPoolA2,OTU264,GS,100,BOLD:AAE5990,Animalia,Arthropoda,Arachnida,Araneae,Linyphiidae,Neriene,Neriene variabilis,718,7/27/2017,HickoryBottoms,A,7/12/2017,11,Pool
7272017HBPoolA2,OTU271,GS,98.9,BOLD:ABX3627,Animalia,Arthropoda,Insecta,Diptera,Limoniidae,NA,NA,694,7/27/2017,HickoryBottoms,A,7/12/2017,11,Pool
7272017HBPoolA2,OTU294,GS,98.9,BOLD:ACF3447,Animalia,Arthropoda,Insecta,Diptera,Tachinidae,Nemorilla,NA,607,7/27/2017,HickoryBottoms,A,7/12/2017,11,Pool
7272017HBPoolA2,OTU305,US,0.9881,BOLD:AAQ0487,Animalia,Arthropoda,Insecta,Diptera,NA,NA,NA,37,7/27/2017,HickoryBottoms,A,7/12/2017,11,Pool
7272017HBPoolA2,OTU309,GS,100,BOLD:AAH5582,Animalia,Arthropoda,Insecta,Lepidoptera,Gelechiidae,Battaristis,NA,342,7/27/2017,HickoryBottoms,A,7/12/2017,11,Pool
7272017HBPoolA2,OTU320,US,0,BOLD:ACQ9987,Animalia,Arthropoda,Insecta,Hemiptera,NA,NA,NA,71,7/27/2017,HickoryBottoms,A,7/12/2017,11,Pool
7272017HBPoolA2,OTU354,SS,0.48,BOLD:AAM6278,Animalia,Arthropoda,Insecta,Diptera,NA,NA,NA,346,7/27/2017,HickoryBottoms,A,7/12/2017,11,Pool
7272017HBPoolA2,OTU397,GS,100,BOLD:ACA9043,Animalia,Arthropoda,Insecta,Coleoptera,NA,NA,NA,248,7/27/2017,HickoryBottoms,A,7/12/2017,11,Pool
7272017HBPoolA2,OTU399,GS,100,BOLD:ACF2428,Animalia,Arthropoda,Insecta,Lepidoptera,Tineidae,Acrolophus,Acrolophus texanella,44,7/27/2017,HickoryBottoms,A,7/12/2017,11,Pool
7272017HBPoolA2,OTU406,US,0.9916,BOLD:ACL2991,Animalia,Arthropoda,Insecta,Coleoptera,NA,NA,NA,25,7/27/2017,HickoryBottoms,A,7/12/2017,11,Pool
7272017HBPoolA2,OTU410,SS,0.26,BOLD:ABZ3458,Animalia,Arthropoda,Insecta,Lepidoptera,NA,NA,NA,38,7/27/2017,HickoryBottoms,A,7/12/2017,11,Pool
7272017HBPoolA2,OTU417,GS,100,BOLD:ACF5244,Animalia,Arthropoda,Insecta,Diptera,Tachinidae,Hyphantrophaga,Hyphantrophaga virilis,261,7/27/2017,HickoryBottoms,A,7/12/2017,11,Pool
7272017HBPoolA2,OTU423,GS,100,BOLD:AAA5139,Animalia,Arthropoda,Insecta,Lepidoptera,Noctuidae,Acronicta,Acronicta americana,51,7/27/2017,HickoryBottoms,A,7/12/2017,11,Pool
7272017HBPoolA2,OTU424,GS,100,BOLD:ABZ3656,Animalia,Arthropoda,Insecta,Lepidoptera,Depressariidae,Psilocorsis,Psilocorsis reflexella,221,7/27/2017,HickoryBottoms,A,7/12/2017,11,Pool
7272017HBPoolA2,OTU509,GS,100,BOLD:AAB8437,Animalia,Arthropoda,Insecta,Diptera,Tachinidae,Actia,Actia interrupta,297,7/27/2017,HickoryBottoms,A,7/12/2017,11,Pool
7272017HBPoolA2,OTU513,SS,0.71,BOLD:ABY8891,Animalia,Arthropoda,Insecta,Diptera,NA,NA,NA,55,7/27/2017,HickoryBottoms,A,7/12/2017,11,Pool
7272017HBPoolA2,OTU524,GS,100,BOLD:AAD2126,Animalia,Arthropoda,Insecta,Lepidoptera,Psychidae,Thyridopteryx,Thyridopteryx ephemeraeformis,10,7/27/2017,HickoryBottoms,A,7/12/2017,11,Pool
7272017HBPoolA2,OTU537,GS,100,BOLD:AAA3773,Animalia,Arthropoda,Insecta,Lepidoptera,Notodontidae,Heterocampa,Heterocampa guttivitta,46,7/27/2017,HickoryBottoms,A,7/12/2017,11,Pool
7272017HBPoolA2,OTU543,GS,100,BOLD:AAA7928,Animalia,Arthropoda,Insecta,Lepidoptera,Blastobasidae,Blastobasis,Blastobasis taurusella,19,7/27/2017,HickoryBottoms,A,7/12/2017,11,Pool
7272017HBPoolA2,OTU635,GS,97.2,BOLD:AAN5882,Animalia,Arthropoda,Insecta,Diptera,Limoniidae,Erioptera,Erioptera caliptera,292,7/27/2017,HickoryBottoms,A,7/12/2017,11,Pool
7272017HBPoolA2,OTU652,US,0.2259,BOLD:ACR5415,Animalia,Arthropoda,Insecta,Coleoptera,NA,NA,NA,30,7/27/2017,HickoryBottoms,A,7/12/2017,11,Pool
7272017HBPoolA2,OTU680,GS,97.2,BOLD:AAF9008,Animalia,Arthropoda,Insecta,Diptera,Limoniidae,Helius,Helius flavipes,59,7/27/2017,HickoryBottoms,A,7/12/2017,11,Pool
7272017HBPoolA2,OTU711,GS,100,BOLD:AAG2871,Animalia,Arthropoda,Insecta,Hemiptera,Cicadellidae,Agallia,Agallia constricta,73,7/27/2017,HickoryBottoms,A,7/12/2017,11,Pool
7272017HBPoolA2,OTU777,US,0,BOLD:AAM1497,Animalia,Arthropoda,Insecta,Hymenoptera,NA,NA,NA,1,7/27/2017,HickoryBottoms,A,7/12/2017,11,Pool
7272017HBPoolA2,OTU824,GS,100,BOLD:AAI1938,Animalia,Arthropoda,Arachnida,Araneae,Lycosidae,Tigrosa,Tigrosa grandis,109,7/27/2017,HickoryBottoms,A,7/12/2017,11,Pool
7272017HBPoolA2,OTU888,GS,100,BOLD:AAG5541,Animalia,Arthropoda,Insecta,Diptera,Chironomidae,Polypedilum,NA,87,7/27/2017,HickoryBottoms,A,7/12/2017,11,Pool
7272017HBPoolA2,OTU1056,US,0.9972,BOLD:AAN2749,Animalia,Arthropoda,Insecta,Lepidoptera,NA,NA,NA,89,7/27/2017,HickoryBottoms,A,7/12/2017,11,Pool
7272017HBPoolA2,OTU1163,GS,99.4,BOLD:AAX1174,Animalia,Arthropoda,Insecta,Lepidoptera,Tineidae,Homosetia,NA,73,7/27/2017,HickoryBottoms,A,7/12/2017,11,Pool
7272017HBPoolA2,OTU1172,SS,0.83,BOLD:AAD6926,Animalia,Arthropoda,Arachnida,Araneae,Anyphaenidae,Anyphaena,Anyphaena pectorosa,3,7/27/2017,HickoryBottoms,A,7/12/2017,11,Pool
7272017HBPoolA2,OTU1176,US,0.9249,BOLD:AAF4632,Animalia,Arthropoda,Insecta,Diptera,NA,NA,NA,4,7/27/2017,HickoryBottoms,A,7/12/2017,11,Pool
7272017HBPoolA2,OTU1210,GS,97.2,BOLD:AAF4632,Animalia,Arthropoda,Insecta,Diptera,Limoniidae,Epiphragma,Epiphragma solatrix,13,7/27/2017,HickoryBottoms,A,7/12/2017,11,Pool
7272017HBPoolA2,OTU1265,SS,0.83,BOLD:AAF4632,Animalia,Arthropoda,Insecta,Diptera,Limoniidae,Epiphragma,Epiphragma solatrix,10,7/27/2017,HickoryBottoms,A,7/12/2017,11,Pool
7272017HBPoolA2,OTU1292,GS,97.8,BOLD:AAN5882,Animalia,Arthropoda,Insecta,Diptera,Limoniidae,Erioptera,Erioptera caliptera,25,7/27/2017,HickoryBottoms,A,7/12/2017,11,Pool
7272017HBPoolA2,OTU1317,SS,0.01,BOLD:AAN5451,Animalia,Arthropoda,Arachnida,Araneae,Araneidae,Eustala,NA,3,7/27/2017,HickoryBottoms,A,7/12/2017,11,Pool
7272017HBPoolA2,OTU1359,GS,100,BOLD:ABY6338,Animalia,Arthropoda,Insecta,Lepidoptera,Noctuidae,Leucania,Leucania linda,5,7/27/2017,HickoryBottoms,A,7/12/2017,11,Pool
7272017HBPoolA2,OTU1387,GS,99.4,BOLD:AAG0330,Animalia,Arthropoda,Insecta,Lepidoptera,Tortricidae,Grapholita,Grapholita prunivora,57,7/27/2017,HickoryBottoms,A,7/12/2017,11,Pool
7272017HBPoolA2,OTU1401,SS,0.78,BOLD:AAF9008,Animalia,Arthropoda,Insecta,Diptera,NA,NA,NA,3,7/27/2017,HickoryBottoms,A,7/12/2017,11,Pool
7272017HBPoolA2,OTU1403,SS,0.36,BOLD:ACV0130,Animalia,Arthropoda,Insecta,Diptera,NA,NA,NA,2,7/27/2017,HickoryBottoms,A,7/12/2017,11,Pool
7272017HBPoolA2,OTU1480,US,0.9249,BOLD:AAN5882,Animalia,Arthropoda,Insecta,Diptera,NA,NA,NA,7,7/27/2017,HickoryBottoms,A,7/12/2017,11,Pool
7272017HBPoolA2,OTU1482,SS,0.87,BOLD:AAF9008,Animalia,Arthropoda,Insecta,Diptera,Limoniidae,Helius,Helius flavipes,25,7/27/2017,HickoryBottoms,A,7/12/2017,11,Pool
7272017HBPoolA2,OTU1494,US,0.8732,BOLD:AAF4632,Animalia,Arthropoda,Insecta,Diptera,NA,NA,NA,2,7/27/2017,HickoryBottoms,A,7/12/2017,11,Pool
7272017HBPoolA2,OTU1497,SS,0.97,BOLD:AAI1618,Animalia,Arthropoda,Insecta,Diptera,Culicidae,Coquillettidia,Coquillettidia perturbans,5,7/27/2017,HickoryBottoms,A,7/12/2017,11,Pool
7272017HBPoolA2,OTU1522,SS,0.57,BOLD:AAF9008,Animalia,Arthropoda,Insecta,Diptera,NA,NA,NA,6,7/27/2017,HickoryBottoms,A,7/12/2017,11,Pool
7272017HBPoolA2,OTU1554,SS,0.92,BOLD:AAP2734,Animalia,Arthropoda,Insecta,Diptera,Limoniidae,Erioptera,Erioptera parva,29,7/27/2017,HickoryBottoms,A,7/12/2017,11,Pool
7272017HBPoolA2,OTU1641,GS,97.8,BOLD:AAW5755,Animalia,Arthropoda,Insecta,Lepidoptera,Depressariidae,Psilocorsis,Psilocorsis reflexella,47,7/27/2017,HickoryBottoms,A,7/12/2017,11,Pool
7272017HBPoolA2,OTU1664,SS,0.26,BOLD:AAF9008,Animalia,Arthropoda,Insecta,Diptera,NA,NA,NA,3,7/27/2017,HickoryBottoms,A,7/12/2017,11,Pool
7272017HBPoolA2,OTU1724,US,0.8732,BOLD:ABW0552,Animalia,Arthropoda,Insecta,Lepidoptera,NA,NA,NA,4,7/27/2017,HickoryBottoms,A,7/12/2017,11,Pool
7272017HBPoolA2,OTU1764,US,0.9934,BOLD:ACQ7934,Animalia,Arthropoda,Insecta,Hymenoptera,NA,NA,NA,10,7/27/2017,HickoryBottoms,A,7/12/2017,11,Pool
7272017HBPoolA2,OTU1866,SS,0.38,BOLD:ABX3627,Animalia,Arthropoda,Insecta,Diptera,NA,NA,NA,1,7/27/2017,HickoryBottoms,A,7/12/2017,11,Pool
7272017HBPoolA3,OTU3,GS,100,BOLD:AAP2734,Animalia,Arthropoda,Insecta,Diptera,Limoniidae,Erioptera,Erioptera parva,2302,7/27/2017,HickoryBottoms,A,7/12/2017,11,Pool
7272017HBPoolA3,OTU4,GS,100,BOLD:AAN5882,Animalia,Arthropoda,Insecta,Diptera,Limoniidae,Erioptera,Erioptera caliptera,2906,7/27/2017,HickoryBottoms,A,7/12/2017,11,Pool
7272017HBPoolA3,OTU5,GS,99.4,BOLD:AAN5451,Animalia,Arthropoda,Arachnida,Araneae,Araneidae,Eustala,NA,617,7/27/2017,HickoryBottoms,A,7/12/2017,11,Pool
7272017HBPoolA3,OTU7,GS,100,BOLD:AAF4632,Animalia,Arthropoda,Insecta,Diptera,Limoniidae,Epiphragma,Epiphragma solatrix,847,7/27/2017,HickoryBottoms,A,7/12/2017,11,Pool
7272017HBPoolA3,OTU9,US,0.7924,BOLD:AAG8502,Animalia,Arthropoda,Insecta,NA,NA,NA,NA,344,7/27/2017,HickoryBottoms,A,7/12/2017,11,Pool
7272017HBPoolA3,OTU14,GS,99.4,BOLD:AAO3940,Animalia,Arthropoda,Insecta,Diptera,Limoniidae,Rhipidia,NA,1233,7/27/2017,HickoryBottoms,A,7/12/2017,11,Pool
7272017HBPoolA3,OTU23,GS,100,BOLD:AAF9008,Animalia,Arthropoda,Insecta,Diptera,Limoniidae,Helius,Helius flavipes,6892,7/27/2017,HickoryBottoms,A,7/12/2017,11,Pool
7272017HBPoolA3,OTU24,GS,98.9,BOLD:ABW3499,Animalia,Arthropoda,Insecta,Diptera,NA,NA,NA,1318,7/27/2017,HickoryBottoms,A,7/12/2017,11,Pool
7272017HBPoolA3,OTU64,US,0.9925,BOLD:AAL8170,Animalia,Arthropoda,Insecta,Hymenoptera,NA,NA,NA,524,7/27/2017,HickoryBottoms,A,7/12/2017,11,Pool
7272017HBPoolA3,OTU68,GS,100,BOLD:AAB7030,Animalia,Arthropoda,Insecta,Diptera,Chironomidae,Chironomus,Chironomus decorus,223,7/27/2017,HickoryBottoms,A,7/12/2017,11,Pool
7272017HBPoolA3,OTU81,US,0,BOLD:ABV3248,Animalia,Arthropoda,Insecta,Diptera,NA,NA,NA,489,7/27/2017,HickoryBottoms,A,7/12/2017,11,Pool
7272017HBPoolA3,OTU89,GS,98.3,BOLD:ABW2415,Animalia,Arthropoda,Insecta,Diptera,Tipulidae,Nephrotoma,Nephrotoma okefenoke,3218,7/27/2017,HickoryBottoms,A,7/12/2017,11,Pool
7272017HBPoolA3,OTU93,GS,99.4,BOLD:AAM4329,Animalia,Arthropoda,Insecta,Hemiptera,Cimicidae,Cimex,Cimex adjunctus,216,7/27/2017,HickoryBottoms,A,7/12/2017,11,Pool
7272017HBPoolA3,OTU96,US,0,BOLD:ACL3138,Animalia,Arthropoda,Insecta,Diptera,NA,NA,NA,198,7/27/2017,HickoryBottoms,A,7/12/2017,11,Pool
7272017HBPoolA3,OTU100,US,0,BOLD:ACD6759,Animalia,Arthropoda,Insecta,Hymenoptera,NA,NA,NA,210,7/27/2017,HickoryBottoms,A,7/12/2017,11,Pool
7272017HBPoolA3,OTU133,US,0,BOLD:AAH1180,Animalia,Arthropoda,Insecta,Hemiptera,NA,NA,NA,172,7/27/2017,HickoryBottoms,A,7/12/2017,11,Pool
7272017HBPoolA3,OTU136,GS,100,BOLD:AAJ2208,Animalia,Arthropoda,Insecta,Diptera,Limoniidae,Limonia,Limonia immatura,39,7/27/2017,HickoryBottoms,A,7/12/2017,11,Pool
7272017HBPoolA3,OTU146,GS,99.4,BOLD:ABV9238,Animalia,Arthropoda,Insecta,Diptera,Limoniidae,Gonomyia,NA,354,7/27/2017,HickoryBottoms,A,7/12/2017,11,Pool
7272017HBPoolA3,OTU148,GS,100,BOLD:AAK7352,Animalia,Arthropoda,Arachnida,Araneae,Araneidae,Metepeira,Metepeira labyrinthea,112,7/27/2017,HickoryBottoms,A,7/12/2017,11,Pool
7272017HBPoolA3,OTU172,GS,99.4,BOLD:AAA8563,Animalia,Arthropoda,Insecta,Lepidoptera,Erebidae,Parallelia,Parallelia bistriaris,1808,7/27/2017,HickoryBottoms,A,7/12/2017,11,Pool
7272017HBPoolA3,OTU173,GS,99.4,BOLD:ABA7621,Animalia,Arthropoda,Insecta,Diptera,Tipulidae,Dolichopeza,Dolichopeza walleyi,65,7/27/2017,HickoryBottoms,A,7/12/2017,11,Pool
7272017HBPoolA3,OTU185,GS,100,BOLD:AAA7667,Animalia,Arthropoda,Insecta,Lepidoptera,Tortricidae,Acleris,Acleris chalybeana,52,7/27/2017,HickoryBottoms,A,7/12/2017,11,Pool
7272017HBPoolA3,OTU192,SS,0.12,BOLD:ACF9102,Animalia,Arthropoda,Insecta,Diptera,NA,NA,NA,199,7/27/2017,HickoryBottoms,A,7/12/2017,11,Pool
7272017HBPoolA3,OTU215,GS,100,BOLD:AAA2490,Animalia,Arthropoda,Insecta,Lepidoptera,Crambidae,Palpita,Palpita magniferalis,50,7/27/2017,HickoryBottoms,A,7/12/2017,11,Pool
7272017HBPoolA3,OTU225,GS,99.4,BOLD:AAE1532,Animalia,Arthropoda,Insecta,Lepidoptera,Sphingidae,Ceratomia,Ceratomia catalpae,1084,7/27/2017,HickoryBottoms,A,7/12/2017,11,Pool
7272017HBPoolA3,OTU244,GS,100,BOLD:AAB1096,Animalia,Arthropoda,Insecta,Lepidoptera,Blastobasidae,Blastobasis,Blastobasis glandulella,103,7/27/2017,HickoryBottoms,A,7/12/2017,11,Pool
7272017HBPoolA3,OTU254,GS,100,BOLD:AAG8977,Animalia,Arthropoda,Insecta,Hemiptera,Derbidae,Apache,Apache degeerii,80,7/27/2017,HickoryBottoms,A,7/12/2017,11,Pool
7272017HBPoolA3,OTU264,GS,100,BOLD:AAE5990,Animalia,Arthropoda,Arachnida,Araneae,Linyphiidae,Neriene,Neriene variabilis,277,7/27/2017,HickoryBottoms,A,7/12/2017,11,Pool
7272017HBPoolA3,OTU271,GS,98.9,BOLD:ABX3627,Animalia,Arthropoda,Insecta,Diptera,Limoniidae,NA,NA,942,7/27/2017,HickoryBottoms,A,7/12/2017,11,Pool
7272017HBPoolA3,OTU294,GS,98.9,BOLD:ACF3447,Animalia,Arthropoda,Insecta,Diptera,Tachinidae,Nemorilla,NA,1159,7/27/2017,HickoryBottoms,A,7/12/2017,11,Pool
7272017HBPoolA3,OTU305,US,0.9881,BOLD:AAQ0487,Animalia,Arthropoda,Insecta,Diptera,NA,NA,NA,125,7/27/2017,HickoryBottoms,A,7/12/2017,11,Pool
7272017HBPoolA3,OTU309,GS,100,BOLD:AAH5582,Animalia,Arthropoda,Insecta,Lepidoptera,Gelechiidae,Battaristis,NA,731,7/27/2017,HickoryBottoms,A,7/12/2017,11,Pool
7272017HBPoolA3,OTU322,GS,100,BOLD:AAC2499,Animalia,Arthropoda,Insecta,Diptera,Drosophilidae,Drosophila,Drosophila suzukii,52,7/27/2017,HickoryBottoms,A,7/12/2017,11,Pool
7272017HBPoolA3,OTU352,GS,100,BOLD:AAM7592,Animalia,Arthropoda,Insecta,Coleoptera,Heteroceridae,Tropicus,Tropicus pusillus,982,7/27/2017,HickoryBottoms,A,7/12/2017,11,Pool
7272017HBPoolA3,OTU354,SS,0.48,BOLD:AAM6278,Animalia,Arthropoda,Insecta,Diptera,NA,NA,NA,158,7/27/2017,HickoryBottoms,A,7/12/2017,11,Pool
7272017HBPoolA3,OTU383,GS,100,BOLD:AAA1467,Animalia,Arthropoda,Insecta,Hymenoptera,Formicidae,Formica,Formica neogagates group,6,7/27/2017,HickoryBottoms,A,7/12/2017,11,Pool
7272017HBPoolA3,OTU389,US,0.986,BOLD:ACB3375,Animalia,Arthropoda,Insecta,Hemiptera,NA,NA,NA,40,7/27/2017,HickoryBottoms,A,7/12/2017,11,Pool
7272017HBPoolA3,OTU396,SS,0.98,BOLD:AAP2734,Animalia,Arthropoda,Insecta,Diptera,Limoniidae,Erioptera,Erioptera parva,49,7/27/2017,HickoryBottoms,A,7/12/2017,11,Pool
7272017HBPoolA3,OTU417,GS,100,BOLD:ACF5244,Animalia,Arthropoda,Insecta,Diptera,Tachinidae,Hyphantrophaga,Hyphantrophaga virilis,487,7/27/2017,HickoryBottoms,A,7/12/2017,11,Pool
7272017HBPoolA3,OTU423,GS,100,BOLD:AAA5139,Animalia,Arthropoda,Insecta,Lepidoptera,Noctuidae,Acronicta,Acronicta americana,529,7/27/2017,HickoryBottoms,A,7/12/2017,11,Pool
7272017HBPoolA3,OTU424,GS,100,BOLD:ABZ3656,Animalia,Arthropoda,Insecta,Lepidoptera,Depressariidae,Psilocorsis,Psilocorsis reflexella,121,7/27/2017,HickoryBottoms,A,7/12/2017,11,Pool
7272017HBPoolA3,OTU434,GS,100,BOLD:AAU7127,Animalia,Arthropoda,Insecta,Coleoptera,Carabidae,Bembidion,Bembidion affine,143,7/27/2017,HickoryBottoms,A,7/12/2017,11,Pool
7272017HBPoolA3,OTU509,GS,100,BOLD:AAB8437,Animalia,Arthropoda,Insecta,Diptera,Tachinidae,Actia,Actia interrupta,298,7/27/2017,HickoryBottoms,A,7/12/2017,11,Pool
7272017HBPoolA3,OTU513,SS,0.71,BOLD:ABY8891,Animalia,Arthropoda,Insecta,Diptera,NA,NA,NA,119,7/27/2017,HickoryBottoms,A,7/12/2017,11,Pool
7272017HBPoolA3,OTU537,GS,100,BOLD:AAA3773,Animalia,Arthropoda,Insecta,Lepidoptera,Notodontidae,Heterocampa,Heterocampa guttivitta,322,7/27/2017,HickoryBottoms,A,7/12/2017,11,Pool
7272017HBPoolA3,OTU543,GS,100,BOLD:AAA7928,Animalia,Arthropoda,Insecta,Lepidoptera,Blastobasidae,Blastobasis,Blastobasis taurusella,45,7/27/2017,HickoryBottoms,A,7/12/2017,11,Pool
7272017HBPoolA3,OTU548,GS,99.4,BOLD:AAC0126,Animalia,Arthropoda,Insecta,Lepidoptera,Tortricidae,Coelostathma,Coelostathma discopunctana,146,7/27/2017,HickoryBottoms,A,7/12/2017,11,Pool
7272017HBPoolA3,OTU549,GS,100,BOLD:AAM8604,Animalia,Arthropoda,Insecta,Lepidoptera,NA,NA,NA,1,7/27/2017,HickoryBottoms,A,7/12/2017,11,Pool
7272017HBPoolA3,OTU576,GS,100,BOLD:AAA5192,Animalia,Arthropoda,Insecta,Lepidoptera,Tortricidae,Platynota,Platynota idaeusalis,8,7/27/2017,HickoryBottoms,A,7/12/2017,11,Pool
7272017HBPoolA3,OTU635,GS,97.2,BOLD:AAN5882,Animalia,Arthropoda,Insecta,Diptera,Limoniidae,Erioptera,Erioptera caliptera,487,7/27/2017,HickoryBottoms,A,7/12/2017,11,Pool
7272017HBPoolA3,OTU652,US,0.2259,BOLD:ACR5415,Animalia,Arthropoda,Insecta,Coleoptera,NA,NA,NA,102,7/27/2017,HickoryBottoms,A,7/12/2017,11,Pool
7272017HBPoolA3,OTU680,GS,97.2,BOLD:AAF9008,Animalia,Arthropoda,Insecta,Diptera,Limoniidae,Helius,Helius flavipes,84,7/27/2017,HickoryBottoms,A,7/12/2017,11,Pool
7272017HBPoolA3,OTU714,SS,0.67,BOLD:ACM2197,Animalia,Arthropoda,Insecta,Hymenoptera,NA,NA,NA,258,7/27/2017,HickoryBottoms,A,7/12/2017,11,Pool
7272017HBPoolA3,OTU738,GS,99.4,BOLD:AAC9476,Animalia,Arthropoda,Insecta,Diptera,Culicidae,Aedes,Aedes triseriatus,22,7/27/2017,HickoryBottoms,A,7/12/2017,11,Pool
7272017HBPoolA3,OTU759,US,0.9249,BOLD:ACA9002,Animalia,Arthropoda,Insecta,Hemiptera,NA,NA,NA,120,7/27/2017,HickoryBottoms,A,7/12/2017,11,Pool
7272017HBPoolA3,OTU807,GS,99.4,BOLD:AAD2595,Animalia,Arthropoda,Insecta,Diptera,Culicidae,Anopheles,Anopheles walkeri,48,7/27/2017,HickoryBottoms,A,7/12/2017,11,Pool
7272017HBPoolA3,OTU906,US,0,BOLD:ACO4200,Animalia,Arthropoda,Insecta,Coleoptera,NA,NA,NA,15,7/27/2017,HickoryBottoms,A,7/12/2017,11,Pool
7272017HBPoolA3,OTU916,GS,100,BOLD:AAB2176,Animalia,Arthropoda,Insecta,Lepidoptera,Gelechiidae,Arogalea,Arogalea cristifasciella,98,7/27/2017,HickoryBottoms,A,7/12/2017,11,Pool
7272017HBPoolA3,OTU987,GS,100,BOLD:ABY6492,Animalia,Arthropoda,Insecta,Diptera,Chironomidae,NA,NA,185,7/27/2017,HickoryBottoms,A,7/12/2017,11,Pool
7272017HBPoolA3,OTU1000,US,0.9919,BOLD:ABW8929,Animalia,Arthropoda,Maxillopoda,Cyclopoida,NA,NA,NA,176,7/27/2017,HickoryBottoms,A,7/12/2017,11,Pool
7272017HBPoolA3,OTU1097,GS,97.2,BOLD:AAN5451,Animalia,Arthropoda,Arachnida,Araneae,Araneidae,Eustala,NA,20,7/27/2017,HickoryBottoms,A,7/12/2017,11,Pool
7272017HBPoolA3,OTU1134,GS,99.4,BOLD:AAB3667,Animalia,Arthropoda,Insecta,Lepidoptera,Crambidae,Conchylodes,Conchylodes ovulalis,86,7/27/2017,HickoryBottoms,A,7/12/2017,11,Pool
7272017HBPoolA3,OTU1162,GS,99.4,BOLD:AAF9053,Animalia,Arthropoda,Insecta,Diptera,Tipulidae,Tipula,Tipula tricolor,90,7/27/2017,HickoryBottoms,A,7/12/2017,11,Pool
7272017HBPoolA3,OTU1176,US,0.9249,BOLD:AAF4632,Animalia,Arthropoda,Insecta,Diptera,NA,NA,NA,3,7/27/2017,HickoryBottoms,A,7/12/2017,11,Pool
7272017HBPoolA3,OTU1210,GS,97.2,BOLD:AAF4632,Animalia,Arthropoda,Insecta,Diptera,Limoniidae,Epiphragma,Epiphragma solatrix,18,7/27/2017,HickoryBottoms,A,7/12/2017,11,Pool
7272017HBPoolA3,OTU1241,GS,99.4,BOLD:AAA4208,Animalia,Arthropoda,Insecta,Lepidoptera,Geometridae,Scopula,Scopula limboundata,43,7/27/2017,HickoryBottoms,A,7/12/2017,11,Pool
7272017HBPoolA3,OTU1265,SS,0.83,BOLD:AAF4632,Animalia,Arthropoda,Insecta,Diptera,Limoniidae,Epiphragma,Epiphragma solatrix,23,7/27/2017,HickoryBottoms,A,7/12/2017,11,Pool
7272017HBPoolA3,OTU1292,GS,97.8,BOLD:AAN5882,Animalia,Arthropoda,Insecta,Diptera,Limoniidae,Erioptera,Erioptera caliptera,15,7/27/2017,HickoryBottoms,A,7/12/2017,11,Pool
7272017HBPoolA3,OTU1317,SS,0.01,BOLD:AAN5451,Animalia,Arthropoda,Arachnida,Araneae,Araneidae,Eustala,NA,5,7/27/2017,HickoryBottoms,A,7/12/2017,11,Pool
7272017HBPoolA3,OTU1323,US,0.9934,BOLD:ABW8929,Animalia,Arthropoda,Maxillopoda,Cyclopoida,NA,NA,NA,55,7/27/2017,HickoryBottoms,A,7/12/2017,11,Pool
7272017HBPoolA3,OTU1344,SS,0.69,BOLD:AAX0364,Animalia,Arthropoda,Insecta,Diptera,NA,NA,NA,23,7/27/2017,HickoryBottoms,A,7/12/2017,11,Pool
7272017HBPoolA3,OTU1351,SS,0.94,BOLD:AAB7030,Animalia,Arthropoda,Insecta,Diptera,Chironomidae,Chironomus,Chironomus decorus,29,7/27/2017,HickoryBottoms,A,7/12/2017,11,Pool
7272017HBPoolA3,OTU1401,SS,0.78,BOLD:AAF9008,Animalia,Arthropoda,Insecta,Diptera,NA,NA,NA,4,7/27/2017,HickoryBottoms,A,7/12/2017,11,Pool
7272017HBPoolA3,OTU1403,SS,0.36,BOLD:ACV0130,Animalia,Arthropoda,Insecta,Diptera,NA,NA,NA,9,7/27/2017,HickoryBottoms,A,7/12/2017,11,Pool
7272017HBPoolA3,OTU1480,US,0.9249,BOLD:AAN5882,Animalia,Arthropoda,Insecta,Diptera,NA,NA,NA,5,7/27/2017,HickoryBottoms,A,7/12/2017,11,Pool
7272017HBPoolA3,OTU1482,SS,0.87,BOLD:AAF9008,Animalia,Arthropoda,Insecta,Diptera,Limoniidae,Helius,Helius flavipes,21,7/27/2017,HickoryBottoms,A,7/12/2017,11,Pool
7272017HBPoolA3,OTU1494,US,0.8732,BOLD:AAF4632,Animalia,Arthropoda,Insecta,Diptera,NA,NA,NA,4,7/27/2017,HickoryBottoms,A,7/12/2017,11,Pool
7272017HBPoolA3,OTU1513,GS,97.8,BOLD:ACL2801,Animalia,Arthropoda,Insecta,Diptera,Tipulidae,Nephrotoma,Nephrotoma macrocera,1,7/27/2017,HickoryBottoms,A,7/12/2017,11,Pool
7272017HBPoolA3,OTU1522,SS,0.57,BOLD:AAF9008,Animalia,Arthropoda,Insecta,Diptera,NA,NA,NA,14,7/27/2017,HickoryBottoms,A,7/12/2017,11,Pool
7272017HBPoolA3,OTU1554,SS,0.92,BOLD:AAP2734,Animalia,Arthropoda,Insecta,Diptera,Limoniidae,Erioptera,Erioptera parva,88,7/27/2017,HickoryBottoms,A,7/12/2017,11,Pool
7272017HBPoolA3,OTU1641,GS,97.8,BOLD:AAW5755,Animalia,Arthropoda,Insecta,Lepidoptera,Depressariidae,Psilocorsis,Psilocorsis reflexella,1,7/27/2017,HickoryBottoms,A,7/12/2017,11,Pool
7272017HBPoolA3,OTU1664,SS,0.26,BOLD:AAF9008,Animalia,Arthropoda,Insecta,Diptera,NA,NA,NA,7,7/27/2017,HickoryBottoms,A,7/12/2017,11,Pool
7272017HBPoolA3,OTU1683,SS,0.84,BOLD:AAF4632,Animalia,Arthropoda,Insecta,Diptera,Limoniidae,Epiphragma,Epiphragma solatrix,5,7/27/2017,HickoryBottoms,A,7/12/2017,11,Pool
7272017HBPoolA3,OTU1724,US,0.8732,BOLD:ABW0552,Animalia,Arthropoda,Insecta,Lepidoptera,NA,NA,NA,7,7/27/2017,HickoryBottoms,A,7/12/2017,11,Pool
7272017HBPoolA3,OTU1748,SS,0.6,BOLD:ACF8409,Animalia,Arthropoda,Insecta,Diptera,NA,NA,NA,2,7/27/2017,HickoryBottoms,A,7/12/2017,11,Pool
7272017HBPoolA3,OTU1764,US,0.9934,BOLD:ACQ7934,Animalia,Arthropoda,Insecta,Hymenoptera,NA,NA,NA,16,7/27/2017,HickoryBottoms,A,7/12/2017,11,Pool
7272017HBPoolA3,OTU1782,US,0.9249,BOLD:AAO3940,Animalia,Arthropoda,Insecta,Diptera,NA,NA,NA,1,7/27/2017,HickoryBottoms,A,7/12/2017,11,Pool
7272017HBPoolA3,OTU1795,US,0.9963,BOLD:AAG3179,Animalia,Arthropoda,Insecta,Diptera,NA,NA,NA,6,7/27/2017,HickoryBottoms,A,7/12/2017,11,Pool
7272017HBPoolA4,OTU3,GS,100,BOLD:AAP2734,Animalia,Arthropoda,Insecta,Diptera,Limoniidae,Erioptera,Erioptera parva,1673,7/27/2017,HickoryBottoms,A,7/12/2017,11,Pool
7272017HBPoolA4,OTU4,GS,100,BOLD:AAN5882,Animalia,Arthropoda,Insecta,Diptera,Limoniidae,Erioptera,Erioptera caliptera,2643,7/27/2017,HickoryBottoms,A,7/12/2017,11,Pool
7272017HBPoolA4,OTU7,GS,100,BOLD:AAF4632,Animalia,Arthropoda,Insecta,Diptera,Limoniidae,Epiphragma,Epiphragma solatrix,1193,7/27/2017,HickoryBottoms,A,7/12/2017,11,Pool
7272017HBPoolA4,OTU9,US,0.7924,BOLD:AAG8502,Animalia,Arthropoda,Insecta,NA,NA,NA,NA,308,7/27/2017,HickoryBottoms,A,7/12/2017,11,Pool
7272017HBPoolA4,OTU14,GS,99.4,BOLD:AAO3940,Animalia,Arthropoda,Insecta,Diptera,Limoniidae,Rhipidia,NA,1287,7/27/2017,HickoryBottoms,A,7/12/2017,11,Pool
7272017HBPoolA4,OTU17,GS,100,BOLD:AAB3702,Animalia,Arthropoda,Insecta,Trichoptera,Hydropsychidae,Potamyia,Potamyia flava,101,7/27/2017,HickoryBottoms,A,7/12/2017,11,Pool
7272017HBPoolA4,OTU23,GS,100,BOLD:AAF9008,Animalia,Arthropoda,Insecta,Diptera,Limoniidae,Helius,Helius flavipes,3563,7/27/2017,HickoryBottoms,A,7/12/2017,11,Pool
7272017HBPoolA4,OTU24,GS,98.9,BOLD:ABW3499,Animalia,Arthropoda,Insecta,Diptera,NA,NA,NA,429,7/27/2017,HickoryBottoms,A,7/12/2017,11,Pool
7272017HBPoolA4,OTU64,US,0.9925,BOLD:AAL8170,Animalia,Arthropoda,Insecta,Hymenoptera,NA,NA,NA,99,7/27/2017,HickoryBottoms,A,7/12/2017,11,Pool
7272017HBPoolA4,OTU65,GS,100,BOLD:AAA1517,Animalia,Arthropoda,Insecta,Lepidoptera,Tortricidae,Choristoneura,Choristoneura rosaceana,218,7/27/2017,HickoryBottoms,A,7/12/2017,11,Pool
7272017HBPoolA4,OTU73,GS,100,BOLD:AAD6926,Animalia,Arthropoda,Arachnida,Araneae,Anyphaenidae,Anyphaena,Anyphaena pectorosa,251,7/27/2017,HickoryBottoms,A,7/12/2017,11,Pool
7272017HBPoolA4,OTU89,GS,98.3,BOLD:ABW2415,Animalia,Arthropoda,Insecta,Diptera,Tipulidae,Nephrotoma,Nephrotoma okefenoke,1406,7/27/2017,HickoryBottoms,A,7/12/2017,11,Pool
7272017HBPoolA4,OTU93,GS,99.4,BOLD:AAM4329,Animalia,Arthropoda,Insecta,Hemiptera,Cimicidae,Cimex,Cimex adjunctus,206,7/27/2017,HickoryBottoms,A,7/12/2017,11,Pool
7272017HBPoolA4,OTU100,US,0,BOLD:ACD6759,Animalia,Arthropoda,Insecta,Hymenoptera,NA,NA,NA,97,7/27/2017,HickoryBottoms,A,7/12/2017,11,Pool
7272017HBPoolA4,OTU124,SS,0.3,BOLD:ABZ5204,Animalia,Arthropoda,Insecta,Hemiptera,Miridae,NA,NA,1854,7/27/2017,HickoryBottoms,A,7/12/2017,11,Pool
7272017HBPoolA4,OTU133,US,0,BOLD:AAH1180,Animalia,Arthropoda,Insecta,Hemiptera,NA,NA,NA,44,7/27/2017,HickoryBottoms,A,7/12/2017,11,Pool
7272017HBPoolA4,OTU146,GS,99.4,BOLD:ABV9238,Animalia,Arthropoda,Insecta,Diptera,Limoniidae,Gonomyia,NA,492,7/27/2017,HickoryBottoms,A,7/12/2017,11,Pool
7272017HBPoolA4,OTU172,GS,99.4,BOLD:AAA8563,Animalia,Arthropoda,Insecta,Lepidoptera,Erebidae,Parallelia,Parallelia bistriaris,1615,7/27/2017,HickoryBottoms,A,7/12/2017,11,Pool
7272017HBPoolA4,OTU173,GS,99.4,BOLD:ABA7621,Animalia,Arthropoda,Insecta,Diptera,Tipulidae,Dolichopeza,Dolichopeza walleyi,161,7/27/2017,HickoryBottoms,A,7/12/2017,11,Pool
7272017HBPoolA4,OTU190,GS,100,BOLD:ABY7666,Animalia,Arthropoda,Insecta,Diptera,Culicidae,Culex,Culex territans,110,7/27/2017,HickoryBottoms,A,7/12/2017,11,Pool
7272017HBPoolA4,OTU192,SS,0.12,BOLD:ACF9102,Animalia,Arthropoda,Insecta,Diptera,NA,NA,NA,172,7/27/2017,HickoryBottoms,A,7/12/2017,11,Pool
7272017HBPoolA4,OTU225,GS,99.4,BOLD:AAE1532,Animalia,Arthropoda,Insecta,Lepidoptera,Sphingidae,Ceratomia,Ceratomia catalpae,1213,7/27/2017,HickoryBottoms,A,7/12/2017,11,Pool
7272017HBPoolA4,OTU230,GS,100,BOLD:AAG3850,Animalia,Arthropoda,Insecta,Diptera,Culicidae,Psorophora,Psorophora columbiae,164,7/27/2017,HickoryBottoms,A,7/12/2017,11,Pool
7272017HBPoolA4,OTU264,GS,100,BOLD:AAE5990,Animalia,Arthropoda,Arachnida,Araneae,Linyphiidae,Neriene,Neriene variabilis,1216,7/27/2017,HickoryBottoms,A,7/12/2017,11,Pool
7272017HBPoolA4,OTU271,GS,98.9,BOLD:ABX3627,Animalia,Arthropoda,Insecta,Diptera,Limoniidae,NA,NA,739,7/27/2017,HickoryBottoms,A,7/12/2017,11,Pool
7272017HBPoolA4,OTU294,GS,98.9,BOLD:ACF3447,Animalia,Arthropoda,Insecta,Diptera,Tachinidae,Nemorilla,NA,464,7/27/2017,HickoryBottoms,A,7/12/2017,11,Pool
7272017HBPoolA4,OTU305,US,0.9881,BOLD:AAQ0487,Animalia,Arthropoda,Insecta,Diptera,NA,NA,NA,105,7/27/2017,HickoryBottoms,A,7/12/2017,11,Pool
7272017HBPoolA4,OTU309,GS,100,BOLD:AAH5582,Animalia,Arthropoda,Insecta,Lepidoptera,Gelechiidae,Battaristis,NA,496,7/27/2017,HickoryBottoms,A,7/12/2017,11,Pool
7272017HBPoolA4,OTU354,SS,0.48,BOLD:AAM6278,Animalia,Arthropoda,Insecta,Diptera,NA,NA,NA,133,7/27/2017,HickoryBottoms,A,7/12/2017,11,Pool
7272017HBPoolA4,OTU417,GS,100,BOLD:ACF5244,Animalia,Arthropoda,Insecta,Diptera,Tachinidae,Hyphantrophaga,Hyphantrophaga virilis,256,7/27/2017,HickoryBottoms,A,7/12/2017,11,Pool
7272017HBPoolA4,OTU423,GS,100,BOLD:AAA5139,Animalia,Arthropoda,Insecta,Lepidoptera,Noctuidae,Acronicta,Acronicta americana,77,7/27/2017,HickoryBottoms,A,7/12/2017,11,Pool
7272017HBPoolA4,OTU424,GS,100,BOLD:ABZ3656,Animalia,Arthropoda,Insecta,Lepidoptera,Depressariidae,Psilocorsis,Psilocorsis reflexella,266,7/27/2017,HickoryBottoms,A,7/12/2017,11,Pool
7272017HBPoolA4,OTU509,GS,100,BOLD:AAB8437,Animalia,Arthropoda,Insecta,Diptera,Tachinidae,Actia,Actia interrupta,321,7/27/2017,HickoryBottoms,A,7/12/2017,11,Pool
7272017HBPoolA4,OTU513,SS,0.71,BOLD:ABY8891,Animalia,Arthropoda,Insecta,Diptera,NA,NA,NA,41,7/27/2017,HickoryBottoms,A,7/12/2017,11,Pool
7272017HBPoolA4,OTU537,GS,100,BOLD:AAA3773,Animalia,Arthropoda,Insecta,Lepidoptera,Notodontidae,Heterocampa,Heterocampa guttivitta,124,7/27/2017,HickoryBottoms,A,7/12/2017,11,Pool
7272017HBPoolA4,OTU543,GS,100,BOLD:AAA7928,Animalia,Arthropoda,Insecta,Lepidoptera,Blastobasidae,Blastobasis,Blastobasis taurusella,18,7/27/2017,HickoryBottoms,A,7/12/2017,11,Pool
7272017HBPoolA4,OTU571,GS,100,BOLD:AAD1986,Animalia,Arthropoda,Arachnida,Araneae,Thomisidae,Xysticus,Xysticus ferox,288,7/27/2017,HickoryBottoms,A,7/12/2017,11,Pool
7272017HBPoolA4,OTU576,GS,100,BOLD:AAA5192,Animalia,Arthropoda,Insecta,Lepidoptera,Tortricidae,Platynota,Platynota idaeusalis,4,7/27/2017,HickoryBottoms,A,7/12/2017,11,Pool
7272017HBPoolA4,OTU635,GS,97.2,BOLD:AAN5882,Animalia,Arthropoda,Insecta,Diptera,Limoniidae,Erioptera,Erioptera caliptera,284,7/27/2017,HickoryBottoms,A,7/12/2017,11,Pool
7272017HBPoolA4,OTU680,GS,97.2,BOLD:AAF9008,Animalia,Arthropoda,Insecta,Diptera,Limoniidae,Helius,Helius flavipes,47,7/27/2017,HickoryBottoms,A,7/12/2017,11,Pool
7272017HBPoolA4,OTU711,GS,100,BOLD:AAG2871,Animalia,Arthropoda,Insecta,Hemiptera,Cicadellidae,Agallia,Agallia constricta,81,7/27/2017,HickoryBottoms,A,7/12/2017,11,Pool
7272017HBPoolA4,OTU714,SS,0.67,BOLD:ACM2197,Animalia,Arthropoda,Insecta,Hymenoptera,NA,NA,NA,31,7/27/2017,HickoryBottoms,A,7/12/2017,11,Pool
7272017HBPoolA4,OTU742,GS,99.4,BOLD:ABA9828,Animalia,Arthropoda,Insecta,Hemiptera,Derbidae,Otiocerus,Otiocerus wolfei,79,7/27/2017,HickoryBottoms,A,7/12/2017,11,Pool
7272017HBPoolA4,OTU759,US,0.9249,BOLD:ACA9002,Animalia,Arthropoda,Insecta,Hemiptera,NA,NA,NA,76,7/27/2017,HickoryBottoms,A,7/12/2017,11,Pool
7272017HBPoolA4,OTU907,SS,0.01,BOLD:AAO3940,Animalia,Arthropoda,Insecta,Diptera,Limoniidae,Rhipidia,NA,7,7/27/2017,HickoryBottoms,A,7/12/2017,11,Pool
7272017HBPoolA4,OTU977,GS,100,BOLD:AAZ1829,Animalia,Arthropoda,Insecta,Hemiptera,Cicadellidae,Draeculacephala,Draeculacephala mollipes,97,7/27/2017,HickoryBottoms,A,7/12/2017,11,Pool
7272017HBPoolA4,OTU1038,GS,99.4,BOLD:AAC7835,Animalia,Arthropoda,Insecta,Lepidoptera,Erebidae,Spiloloma,Spiloloma lunilinea,108,7/27/2017,HickoryBottoms,A,7/12/2017,11,Pool
7272017HBPoolA4,OTU1172,SS,0.83,BOLD:AAD6926,Animalia,Arthropoda,Arachnida,Araneae,Anyphaenidae,Anyphaena,Anyphaena pectorosa,5,7/27/2017,HickoryBottoms,A,7/12/2017,11,Pool
7272017HBPoolA4,OTU1176,US,0.9249,BOLD:AAF4632,Animalia,Arthropoda,Insecta,Diptera,NA,NA,NA,3,7/27/2017,HickoryBottoms,A,7/12/2017,11,Pool
7272017HBPoolA4,OTU1180,GS,100,BOLD:AAA8609,Animalia,Arthropoda,Insecta,Lepidoptera,Cosmopterigidae,Euclemensia,Euclemensia bassettella,94,7/27/2017,HickoryBottoms,A,7/12/2017,11,Pool
7272017HBPoolA4,OTU1210,GS,97.2,BOLD:AAF4632,Animalia,Arthropoda,Insecta,Diptera,Limoniidae,Epiphragma,Epiphragma solatrix,32,7/27/2017,HickoryBottoms,A,7/12/2017,11,Pool
7272017HBPoolA4,OTU1265,SS,0.83,BOLD:AAF4632,Animalia,Arthropoda,Insecta,Diptera,Limoniidae,Epiphragma,Epiphragma solatrix,16,7/27/2017,HickoryBottoms,A,7/12/2017,11,Pool
7272017HBPoolA4,OTU1292,GS,97.8,BOLD:AAN5882,Animalia,Arthropoda,Insecta,Diptera,Limoniidae,Erioptera,Erioptera caliptera,15,7/27/2017,HickoryBottoms,A,7/12/2017,11,Pool
7272017HBPoolA4,OTU1317,SS,0.01,BOLD:AAN5451,Animalia,Arthropoda,Arachnida,Araneae,Araneidae,Eustala,NA,2,7/27/2017,HickoryBottoms,A,7/12/2017,11,Pool
7272017HBPoolA4,OTU1318,SS,0.75,BOLD:ABV9403,Animalia,Arthropoda,Insecta,NA,NA,NA,NA,1,7/27/2017,HickoryBottoms,A,7/12/2017,11,Pool
7272017HBPoolA4,OTU1351,SS,0.94,BOLD:AAB7030,Animalia,Arthropoda,Insecta,Diptera,Chironomidae,Chironomus,Chironomus decorus,3,7/27/2017,HickoryBottoms,A,7/12/2017,11,Pool
7272017HBPoolA4,OTU1401,SS,0.78,BOLD:AAF9008,Animalia,Arthropoda,Insecta,Diptera,NA,NA,NA,3,7/27/2017,HickoryBottoms,A,7/12/2017,11,Pool
7272017HBPoolA4,OTU1403,SS,0.36,BOLD:ACV0130,Animalia,Arthropoda,Insecta,Diptera,NA,NA,NA,5,7/27/2017,HickoryBottoms,A,7/12/2017,11,Pool
7272017HBPoolA4,OTU1480,US,0.9249,BOLD:AAN5882,Animalia,Arthropoda,Insecta,Diptera,NA,NA,NA,5,7/27/2017,HickoryBottoms,A,7/12/2017,11,Pool
7272017HBPoolA4,OTU1482,SS,0.87,BOLD:AAF9008,Animalia,Arthropoda,Insecta,Diptera,Limoniidae,Helius,Helius flavipes,11,7/27/2017,HickoryBottoms,A,7/12/2017,11,Pool
7272017HBPoolA4,OTU1494,US,0.8732,BOLD:AAF4632,Animalia,Arthropoda,Insecta,Diptera,NA,NA,NA,1,7/27/2017,HickoryBottoms,A,7/12/2017,11,Pool
7272017HBPoolA4,OTU1497,SS,0.97,BOLD:AAI1618,Animalia,Arthropoda,Insecta,Diptera,Culicidae,Coquillettidia,Coquillettidia perturbans,4,7/27/2017,HickoryBottoms,A,7/12/2017,11,Pool
7272017HBPoolA4,OTU1513,GS,97.8,BOLD:ACL2801,Animalia,Arthropoda,Insecta,Diptera,Tipulidae,Nephrotoma,Nephrotoma macrocera,1,7/27/2017,HickoryBottoms,A,7/12/2017,11,Pool
7272017HBPoolA4,OTU1522,SS,0.57,BOLD:AAF9008,Animalia,Arthropoda,Insecta,Diptera,NA,NA,NA,14,7/27/2017,HickoryBottoms,A,7/12/2017,11,Pool
7272017HBPoolA4,OTU1554,SS,0.92,BOLD:AAP2734,Animalia,Arthropoda,Insecta,Diptera,Limoniidae,Erioptera,Erioptera parva,49,7/27/2017,HickoryBottoms,A,7/12/2017,11,Pool
7272017HBPoolA4,OTU1641,GS,97.8,BOLD:AAW5755,Animalia,Arthropoda,Insecta,Lepidoptera,Depressariidae,Psilocorsis,Psilocorsis reflexella,46,7/27/2017,HickoryBottoms,A,7/12/2017,11,Pool
7272017HBPoolA4,OTU1664,SS,0.26,BOLD:AAF9008,Animalia,Arthropoda,Insecta,Diptera,NA,NA,NA,2,7/27/2017,HickoryBottoms,A,7/12/2017,11,Pool
7272017HBPoolA4,OTU1683,SS,0.84,BOLD:AAF4632,Animalia,Arthropoda,Insecta,Diptera,Limoniidae,Epiphragma,Epiphragma solatrix,7,7/27/2017,HickoryBottoms,A,7/12/2017,11,Pool
7272017HBPoolA4,OTU1724,US,0.8732,BOLD:ABW0552,Animalia,Arthropoda,Insecta,Lepidoptera,NA,NA,NA,3,7/27/2017,HickoryBottoms,A,7/12/2017,11,Pool
7272017HBPoolA4,OTU1748,SS,0.6,BOLD:ACF8409,Animalia,Arthropoda,Insecta,Diptera,NA,NA,NA,2,7/27/2017,HickoryBottoms,A,7/12/2017,11,Pool
7272017HBPoolA4,OTU1782,US,0.9249,BOLD:AAO3940,Animalia,Arthropoda,Insecta,Diptera,NA,NA,NA,1,7/27/2017,HickoryBottoms,A,7/12/2017,11,Pool
7272017HBPoolA4,OTU1834,SS,0.74,BOLD:AAF4632,Animalia,Arthropoda,Insecta,Diptera,NA,NA,NA,3,7/27/2017,HickoryBottoms,A,7/12/2017,11,Pool
7272017HBPoolA4,OTU1866,SS,0.38,BOLD:ABX3627,Animalia,Arthropoda,Insecta,Diptera,NA,NA,NA,1,7/27/2017,HickoryBottoms,A,7/12/2017,11,Pool
7272017HBPoolD1,OTU1,US,0.0026,BOLD:AAD6798,Animalia,Arthropoda,Insecta,Diptera,NA,NA,NA,358,7/27/2017,HickoryBottoms,D,7/12/2017,73,Pool
7272017HBPoolD1,OTU5,GS,99.4,BOLD:AAN5451,Animalia,Arthropoda,Arachnida,Araneae,Araneidae,Eustala,NA,1691,7/27/2017,HickoryBottoms,D,7/12/2017,73,Pool
7272017HBPoolD1,OTU11,GS,99.4,BOLD:AAG3848,Animalia,Arthropoda,Insecta,Diptera,Culicidae,Culex,Culex erraticus,750,7/27/2017,HickoryBottoms,D,7/12/2017,73,Pool
7272017HBPoolD1,OTU16,GS,100,BOLD:AAA7067,Animalia,Arthropoda,Insecta,Diptera,Culicidae,Aedes,Aedes vexans,350,7/27/2017,HickoryBottoms,D,7/12/2017,73,Pool
7272017HBPoolD1,OTU17,GS,100,BOLD:AAB3702,Animalia,Arthropoda,Insecta,Trichoptera,Hydropsychidae,Potamyia,Potamyia flava,1967,7/27/2017,HickoryBottoms,D,7/12/2017,73,Pool
7272017HBPoolD1,OTU21,GS,100,BOLD:ACR3763,Animalia,Arthropoda,Insecta,Coleoptera,Ptilodactylidae,Ptilodactyla,Ptilodactyla serricollis,123,7/27/2017,HickoryBottoms,D,7/12/2017,73,Pool
7272017HBPoolD1,OTU29,US,0,BOLD:ADD1431,Animalia,Arthropoda,Arachnida,Trombidiformes,NA,NA,NA,10768,7/27/2017,HickoryBottoms,D,7/12/2017,73,Pool
7272017HBPoolD1,OTU33,GS,100,BOLD:AAB8714,Animalia,Arthropoda,Arachnida,Araneae,Tetragnathidae,Leucauge,Leucauge venusta,1294,7/27/2017,HickoryBottoms,D,7/12/2017,73,Pool
7272017HBPoolD1,OTU35,GS,100,BOLD:ABW4215,Animalia,Arthropoda,Insecta,Diptera,Chironomidae,Glyptotendipes,Glyptotendipes meridionalis,834,7/27/2017,HickoryBottoms,D,7/12/2017,73,Pool
7272017HBPoolD1,OTU51,GS,100,BOLD:AAG1040,Animalia,Arthropoda,Insecta,Lepidoptera,Cosmopterigidae,Perimede,Perimede circitor,151,7/27/2017,HickoryBottoms,D,7/12/2017,73,Pool
7272017HBPoolD1,OTU57,GS,100,BOLD:AAI1618,Animalia,Arthropoda,Insecta,Diptera,Culicidae,Coquillettidia,Coquillettidia perturbans,246,7/27/2017,HickoryBottoms,D,7/12/2017,73,Pool
7272017HBPoolD1,OTU65,GS,100,BOLD:AAA1517,Animalia,Arthropoda,Insecta,Lepidoptera,Tortricidae,Choristoneura,Choristoneura rosaceana,838,7/27/2017,HickoryBottoms,D,7/12/2017,73,Pool
7272017HBPoolD1,OTU68,GS,100,BOLD:AAB7030,Animalia,Arthropoda,Insecta,Diptera,Chironomidae,Chironomus,Chironomus decorus,70,7/27/2017,HickoryBottoms,D,7/12/2017,73,Pool
7272017HBPoolD1,OTU70,GS,100,BOLD:ABY9168,Animalia,Arthropoda,Insecta,Lepidoptera,Tortricidae,Clepsis,Clepsis peritana,153,7/27/2017,HickoryBottoms,D,7/12/2017,73,Pool
7272017HBPoolD1,OTU81,US,0,BOLD:ABV3248,Animalia,Arthropoda,Insecta,Diptera,NA,NA,NA,652,7/27/2017,HickoryBottoms,D,7/12/2017,73,Pool
7272017HBPoolD1,OTU91,GS,99.4,BOLD:AAU8053,Animalia,Arthropoda,Malacostraca,Isopoda,Armadillidiidae,Armadillidium,Armadillidium nasatum,872,7/27/2017,HickoryBottoms,D,7/12/2017,73,Pool
7272017HBPoolD1,OTU92,GS,100,BOLD:AAG8582,Animalia,Arthropoda,Insecta,Lepidoptera,Blastobasidae,Asaphocrita,Asaphocrita aphidiella,2580,7/27/2017,HickoryBottoms,D,7/12/2017,73,Pool
7272017HBPoolD1,OTU105,GS,100,BOLD:AAB7936,Animalia,Arthropoda,Insecta,Lepidoptera,Oecophoridae,Inga,Inga sparsiciliella,121,7/27/2017,HickoryBottoms,D,7/12/2017,73,Pool
7272017HBPoolD1,OTU116,GS,100,BOLD:AAG0758,Animalia,Arthropoda,Insecta,Coleoptera,Pyrochroidae,Dendroides,Dendroides canadensis,120,7/27/2017,HickoryBottoms,D,7/12/2017,73,Pool
7272017HBPoolD1,OTU122,GS,99.4,BOLD:AAC5568,Animalia,Arthropoda,Insecta,Lepidoptera,Tortricidae,Gypsonoma,Gypsonoma salicicolana,734,7/27/2017,HickoryBottoms,D,7/12/2017,73,Pool
7272017HBPoolD1,OTU123,GS,99.4,BOLD:AAM8787,Animalia,Arthropoda,Insecta,Lepidoptera,Gelechiidae,Dichomeris,Dichomeris laetitia,1362,7/27/2017,HickoryBottoms,D,7/12/2017,73,Pool
7272017HBPoolD1,OTU148,GS,100,BOLD:AAK7352,Animalia,Arthropoda,Arachnida,Araneae,Araneidae,Metepeira,Metepeira labyrinthea,297,7/27/2017,HickoryBottoms,D,7/12/2017,73,Pool
7272017HBPoolD1,OTU160,GS,99.4,BOLD:ABY9321,Animalia,Arthropoda,Insecta,Lepidoptera,Erebidae,Apantesis,Apantesis phalerata,1744,7/27/2017,HickoryBottoms,D,7/12/2017,73,Pool
7272017HBPoolD1,OTU161,GS,100,BOLD:AAA8840,Animalia,Arthropoda,Insecta,Lepidoptera,Tortricidae,Pandemis,Pandemis lamprosana,822,7/27/2017,HickoryBottoms,D,7/12/2017,73,Pool
7272017HBPoolD1,OTU180,GS,100,BOLD:AAM8933,Animalia,Arthropoda,Insecta,Psocodea,Amphipsocidae,Polypsocus,Polypsocus corruptus,132,7/27/2017,HickoryBottoms,D,7/12/2017,73,Pool
7272017HBPoolD1,OTU193,GS,98.9,BOLD:AAI4436,Animalia,Arthropoda,Insecta,Lepidoptera,Gelechiidae,Aristotelia,NA,111,7/27/2017,HickoryBottoms,D,7/12/2017,73,Pool
7272017HBPoolD1,OTU213,GS,100,BOLD:AAD4936,Animalia,Arthropoda,Insecta,Lepidoptera,Gracillariidae,Caloptilia,Caloptilia sassafrasella,277,7/27/2017,HickoryBottoms,D,7/12/2017,73,Pool
7272017HBPoolD1,OTU219,GS,100,BOLD:AAD1855,Animalia,Arthropoda,Insecta,Lepidoptera,Tortricidae,Episimus,Episimus tyrius,421,7/27/2017,HickoryBottoms,D,7/12/2017,73,Pool
7272017HBPoolD1,OTU223,GS,100,BOLD:ABZ0282,Animalia,Arthropoda,Insecta,Orthoptera,Trigonidiidae,Anaxipha,Anaxipha exigua,719,7/27/2017,HickoryBottoms,D,7/12/2017,73,Pool
7272017HBPoolD1,OTU231,GS,100,BOLD:AAD2590,Animalia,Arthropoda,Insecta,Lepidoptera,Gracillariidae,Caloptilia,Caloptilia packardella,294,7/27/2017,HickoryBottoms,D,7/12/2017,73,Pool
7272017HBPoolD1,OTU241,US,0.9963,BOLD:AAZ5765,Animalia,Arthropoda,Insecta,Coleoptera,NA,NA,NA,262,7/27/2017,HickoryBottoms,D,7/12/2017,73,Pool
7272017HBPoolD1,OTU254,GS,100,BOLD:AAG8977,Animalia,Arthropoda,Insecta,Hemiptera,Derbidae,Apache,Apache degeerii,53,7/27/2017,HickoryBottoms,D,7/12/2017,73,Pool
7272017HBPoolD1,OTU280,GS,99.4,BOLD:AAK1435,Animalia,Arthropoda,Insecta,Orthoptera,NA,NA,NA,431,7/27/2017,HickoryBottoms,D,7/12/2017,73,Pool
7272017HBPoolD1,OTU325,GS,100,BOLD:AAB6013,Animalia,Arthropoda,Insecta,Lepidoptera,Tortricidae,Phaecasiophora,Phaecasiophora confixana,126,7/27/2017,HickoryBottoms,D,7/12/2017,73,Pool
7272017HBPoolD1,OTU336,GS,100,BOLD:ABZ4680,Animalia,Arthropoda,Insecta,Lepidoptera,Noctuidae,Lacinipolia,Lacinipolia renigera,218,7/27/2017,HickoryBottoms,D,7/12/2017,73,Pool
7272017HBPoolD1,OTU354,SS,0.48,BOLD:AAM6278,Animalia,Arthropoda,Insecta,Diptera,NA,NA,NA,29,7/27/2017,HickoryBottoms,D,7/12/2017,73,Pool
7272017HBPoolD1,OTU357,GS,98.9,BOLD:ABX3356,Animalia,Arthropoda,Insecta,Diptera,Chironomidae,Chironomus,NA,75,7/27/2017,HickoryBottoms,D,7/12/2017,73,Pool
7272017HBPoolD1,OTU363,GS,100,BOLD:AAB4093,Animalia,Arthropoda,Insecta,Lepidoptera,Noctuidae,Elaphria,Elaphria grata,132,7/27/2017,HickoryBottoms,D,7/12/2017,73,Pool
7272017HBPoolD1,OTU382,US,0.9803,BOLD:ACU8254,Animalia,Arthropoda,Insecta,Diptera,NA,NA,NA,24,7/27/2017,HickoryBottoms,D,7/12/2017,73,Pool
7272017HBPoolD1,OTU383,GS,100,BOLD:AAA1467,Animalia,Arthropoda,Insecta,Hymenoptera,Formicidae,Formica,Formica neogagates group,147,7/27/2017,HickoryBottoms,D,7/12/2017,73,Pool
7272017HBPoolD1,OTU488,GS,100,BOLD:AAN8391,Animalia,Arthropoda,Insecta,Hemiptera,Clastopteridae,Clastoptera,NA,110,7/27/2017,HickoryBottoms,D,7/12/2017,73,Pool
7272017HBPoolD1,OTU490,GS,99.4,BOLD:AAA7232,Animalia,Arthropoda,Arachnida,Araneae,Lycosidae,Schizocosa,Schizocosa ocreata,53,7/27/2017,HickoryBottoms,D,7/12/2017,73,Pool
7272017HBPoolD1,OTU501,GS,100,BOLD:AAA8313,Animalia,Arthropoda,Insecta,Lepidoptera,Noctuidae,Athetis,Athetis tarda,9,7/27/2017,HickoryBottoms,D,7/12/2017,73,Pool
7272017HBPoolD1,OTU510,GS,100,BOLD:AAA8194,Animalia,Arthropoda,Insecta,Lepidoptera,Tortricidae,Epiblema,Epiblema strenuana,176,7/27/2017,HickoryBottoms,D,7/12/2017,73,Pool
7272017HBPoolD1,OTU543,GS,100,BOLD:AAA7928,Animalia,Arthropoda,Insecta,Lepidoptera,Blastobasidae,Blastobasis,Blastobasis taurusella,41,7/27/2017,HickoryBottoms,D,7/12/2017,73,Pool
7272017HBPoolD1,OTU557,GS,98.3,BOLD:AAO7609,Animalia,Arthropoda,Insecta,Diptera,NA,NA,NA,168,7/27/2017,HickoryBottoms,D,7/12/2017,73,Pool
7272017HBPoolD1,OTU580,GS,98.3,BOLD:ABZ0908,Animalia,Arthropoda,Insecta,Diptera,Tipulidae,Nephrotoma,Nephrotoma ferruginea,36,7/27/2017,HickoryBottoms,D,7/12/2017,73,Pool
7272017HBPoolD1,OTU582,US,0,BOLD:ACR2991,Animalia,Arthropoda,Insecta,Lepidoptera,NA,NA,NA,84,7/27/2017,HickoryBottoms,D,7/12/2017,73,Pool
7272017HBPoolD1,OTU608,US,0.6809,BOLD:ABW8929,Animalia,Arthropoda,Maxillopoda,NA,NA,NA,NA,37,7/27/2017,HickoryBottoms,D,7/12/2017,73,Pool
7272017HBPoolD1,OTU609,GS,100,BOLD:AAG1032,Animalia,Arthropoda,Insecta,Lepidoptera,NA,NA,NA,96,7/27/2017,HickoryBottoms,D,7/12/2017,73,Pool
7272017HBPoolD1,OTU623,US,0.9925,BOLD:ACY8240,Animalia,Arthropoda,Insecta,Diptera,NA,NA,NA,479,7/27/2017,HickoryBottoms,D,7/12/2017,73,Pool
7272017HBPoolD1,OTU715,SS,0.71,BOLD:ABZ0908,Animalia,Arthropoda,Insecta,Diptera,NA,NA,NA,30,7/27/2017,HickoryBottoms,D,7/12/2017,73,Pool
7272017HBPoolD1,OTU771,US,0.2833,BOLD:ACN7840,Animalia,Arthropoda,Arachnida,Araneae,NA,NA,NA,166,7/27/2017,HickoryBottoms,D,7/12/2017,73,Pool
7272017HBPoolD1,OTU790,GS,98.9,BOLD:AAG5674,Animalia,Arthropoda,Arachnida,Araneae,Gnaphosidae,Drassyllus,Drassyllus dromeus,195,7/27/2017,HickoryBottoms,D,7/12/2017,73,Pool
7272017HBPoolD1,OTU796,GS,100,BOLD:AAH4950,Animalia,Arthropoda,Insecta,Lepidoptera,NA,NA,NA,2,7/27/2017,HickoryBottoms,D,7/12/2017,73,Pool
7272017HBPoolD1,OTU816,GS,100,BOLD:AAA3328,Animalia,Arthropoda,Insecta,Lepidoptera,Erebidae,Idia,NA,1,7/27/2017,HickoryBottoms,D,7/12/2017,73,Pool
7272017HBPoolD1,OTU859,GS,100,BOLD:AAB6961,Animalia,Arthropoda,Insecta,Lepidoptera,Tortricidae,Larisa,Larisa subsolana,1,7/27/2017,HickoryBottoms,D,7/12/2017,73,Pool
7272017HBPoolD1,OTU914,US,0,BOLD:ACL5453,Animalia,Arthropoda,Insecta,Hymenoptera,NA,NA,NA,31,7/27/2017,HickoryBottoms,D,7/12/2017,73,Pool
7272017HBPoolD1,OTU996,GS,100,BOLD:AAN5007,Animalia,Arthropoda,Arachnida,Araneae,Araneidae,Cyclosa,Cyclosa turbinata,8,7/27/2017,HickoryBottoms,D,7/12/2017,73,Pool
7272017HBPoolD1,OTU1029,GS,100,BOLD:ACE4783,Animalia,Arthropoda,Insecta,Lepidoptera,Noctuidae,Spodoptera,Spodoptera frugiperda,5,7/27/2017,HickoryBottoms,D,7/12/2017,73,Pool
7272017HBPoolD1,OTU1047,GS,99.4,BOLD:ACC8989,Animalia,Arthropoda,Insecta,Lepidoptera,Batrachedridae,Batrachedra,NA,1,7/27/2017,HickoryBottoms,D,7/12/2017,73,Pool
7272017HBPoolD1,OTU1097,GS,97.2,BOLD:AAN5451,Animalia,Arthropoda,Arachnida,Araneae,Araneidae,Eustala,NA,66,7/27/2017,HickoryBottoms,D,7/12/2017,73,Pool
7272017HBPoolD1,OTU1193,GS,99.4,BOLD:AAA9811,Animalia,Arthropoda,Insecta,Lepidoptera,Geometridae,Somatolophia,Somatolophia pallescens,95,7/27/2017,HickoryBottoms,D,7/12/2017,73,Pool
7272017HBPoolD1,OTU1210,GS,97.2,BOLD:AAF4632,Animalia,Arthropoda,Insecta,Diptera,Limoniidae,Epiphragma,Epiphragma solatrix,9,7/27/2017,HickoryBottoms,D,7/12/2017,73,Pool
7272017HBPoolD1,OTU1258,GS,100,BOLD:AAP5530,Animalia,Arthropoda,Insecta,Lepidoptera,Gelechiidae,Gelechia,Gelechia albisparsella,4,7/27/2017,HickoryBottoms,D,7/12/2017,73,Pool
7272017HBPoolD1,OTU1265,SS,0.83,BOLD:AAF4632,Animalia,Arthropoda,Insecta,Diptera,Limoniidae,Epiphragma,Epiphragma solatrix,3,7/27/2017,HickoryBottoms,D,7/12/2017,73,Pool
7272017HBPoolD1,OTU1268,GS,97.8,BOLD:AAM6211,Animalia,Arthropoda,Insecta,Diptera,Chironomidae,Glyptotendipes,NA,10,7/27/2017,HickoryBottoms,D,7/12/2017,73,Pool
7272017HBPoolD1,OTU1317,SS,0.01,BOLD:AAN5451,Animalia,Arthropoda,Arachnida,Araneae,Araneidae,Eustala,NA,3,7/27/2017,HickoryBottoms,D,7/12/2017,73,Pool
7272017HBPoolD1,OTU1329,US,0.9859,BOLD:ACM2949,Animalia,Arthropoda,Insecta,Lepidoptera,NA,NA,NA,71,7/27/2017,HickoryBottoms,D,7/12/2017,73,Pool
7272017HBPoolD1,OTU1351,SS,0.94,BOLD:AAB7030,Animalia,Arthropoda,Insecta,Diptera,Chironomidae,Chironomus,Chironomus decorus,9,7/27/2017,HickoryBottoms,D,7/12/2017,73,Pool
7272017HBPoolD1,OTU1361,GS,100,BOLD:AAC0584,Animalia,Arthropoda,Insecta,Diptera,Culicidae,Anopheles,Anopheles punctipennis,11,7/27/2017,HickoryBottoms,D,7/12/2017,73,Pool
7272017HBPoolD1,OTU1403,SS,0.36,BOLD:ACV0130,Animalia,Arthropoda,Insecta,Diptera,NA,NA,NA,2,7/27/2017,HickoryBottoms,D,7/12/2017,73,Pool
7272017HBPoolD1,OTU1412,US,0.9936,BOLD:ADD1431,Animalia,Arthropoda,Insecta,Diptera,NA,NA,NA,315,7/27/2017,HickoryBottoms,D,7/12/2017,73,Pool
7272017HBPoolD1,OTU1472,GS,98.9,BOLD:AAA2868,Animalia,Arthropoda,Insecta,Lepidoptera,Erebidae,Chytolita,Chytolita morbidalis,5,7/27/2017,HickoryBottoms,D,7/12/2017,73,Pool
7272017HBPoolD1,OTU1502,GS,100,BOLD:AAA7880,Animalia,Arthropoda,Insecta,Lepidoptera,Crambidae,Nomophila,Nomophila noctuella,5,7/27/2017,HickoryBottoms,D,7/12/2017,73,Pool
7272017HBPoolD1,OTU1625,GS,100,BOLD:AAN6315,Animalia,Arthropoda,Arachnida,Araneae,Araneidae,Acacesia,Acacesia hamata,42,7/27/2017,HickoryBottoms,D,7/12/2017,73,Pool
7272017HBPoolD1,OTU1642,GS,99.4,BOLD:AAB5246,Animalia,Arthropoda,Insecta,Lepidoptera,Erebidae,Ledaea,Ledaea perditalis,3,7/27/2017,HickoryBottoms,D,7/12/2017,73,Pool
7272017HBPoolD1,OTU1684,GS,97.8,BOLD:AAH7094,Animalia,Arthropoda,Insecta,Neuroptera,Chrysopidae,Ceraeochrysa,Ceraeochrysa lineaticornis,16,7/27/2017,HickoryBottoms,D,7/12/2017,73,Pool
7272017HBPoolD1,OTU1878,SS,0.78,BOLD:ABW4215,Animalia,Arthropoda,Insecta,Diptera,NA,NA,NA,4,7/27/2017,HickoryBottoms,D,7/12/2017,73,Pool
7272017HBPoolD2,OTU1,US,0.0026,BOLD:AAD6798,Animalia,Arthropoda,Insecta,Diptera,NA,NA,NA,466,7/27/2017,HickoryBottoms,D,7/12/2017,73,Pool
7272017HBPoolD2,OTU3,GS,100,BOLD:AAP2734,Animalia,Arthropoda,Insecta,Diptera,Limoniidae,Erioptera,Erioptera parva,807,7/27/2017,HickoryBottoms,D,7/12/2017,73,Pool
7272017HBPoolD2,OTU5,GS,99.4,BOLD:AAN5451,Animalia,Arthropoda,Arachnida,Araneae,Araneidae,Eustala,NA,2106,7/27/2017,HickoryBottoms,D,7/12/2017,73,Pool
7272017HBPoolD2,OTU7,GS,100,BOLD:AAF4632,Animalia,Arthropoda,Insecta,Diptera,Limoniidae,Epiphragma,Epiphragma solatrix,1698,7/27/2017,HickoryBottoms,D,7/12/2017,73,Pool
7272017HBPoolD2,OTU16,GS,100,BOLD:AAA7067,Animalia,Arthropoda,Insecta,Diptera,Culicidae,Aedes,Aedes vexans,420,7/27/2017,HickoryBottoms,D,7/12/2017,73,Pool
7272017HBPoolD2,OTU17,GS,100,BOLD:AAB3702,Animalia,Arthropoda,Insecta,Trichoptera,Hydropsychidae,Potamyia,Potamyia flava,5744,7/27/2017,HickoryBottoms,D,7/12/2017,73,Pool
7272017HBPoolD2,OTU20,US,0.9885,BOLD:ACL8445,Animalia,Arthropoda,Insecta,Diptera,NA,NA,NA,268,7/27/2017,HickoryBottoms,D,7/12/2017,73,Pool
7272017HBPoolD2,OTU24,GS,98.9,BOLD:ABW3499,Animalia,Arthropoda,Insecta,Diptera,NA,NA,NA,373,7/27/2017,HickoryBottoms,D,7/12/2017,73,Pool
7272017HBPoolD2,OTU29,US,0,BOLD:ADD1431,Animalia,Arthropoda,Arachnida,Trombidiformes,NA,NA,NA,22044,7/27/2017,HickoryBottoms,D,7/12/2017,73,Pool
7272017HBPoolD2,OTU33,GS,100,BOLD:AAB8714,Animalia,Arthropoda,Arachnida,Araneae,Tetragnathidae,Leucauge,Leucauge venusta,1696,7/27/2017,HickoryBottoms,D,7/12/2017,73,Pool
7272017HBPoolD2,OTU35,GS,100,BOLD:ABW4215,Animalia,Arthropoda,Insecta,Diptera,Chironomidae,Glyptotendipes,Glyptotendipes meridionalis,397,7/27/2017,HickoryBottoms,D,7/12/2017,73,Pool
7272017HBPoolD2,OTU37,GS,100,BOLD:AAB0484,Animalia,Arthropoda,Insecta,Lepidoptera,Tortricidae,Gypsonoma,Gypsonoma salicicolana,228,7/27/2017,HickoryBottoms,D,7/12/2017,73,Pool
7272017HBPoolD2,OTU57,GS,100,BOLD:AAI1618,Animalia,Arthropoda,Insecta,Diptera,Culicidae,Coquillettidia,Coquillettidia perturbans,1418,7/27/2017,HickoryBottoms,D,7/12/2017,73,Pool
7272017HBPoolD2,OTU65,GS,100,BOLD:AAA1517,Animalia,Arthropoda,Insecta,Lepidoptera,Tortricidae,Choristoneura,Choristoneura rosaceana,2209,7/27/2017,HickoryBottoms,D,7/12/2017,73,Pool
7272017HBPoolD2,OTU68,GS,100,BOLD:AAB7030,Animalia,Arthropoda,Insecta,Diptera,Chironomidae,Chironomus,Chironomus decorus,393,7/27/2017,HickoryBottoms,D,7/12/2017,73,Pool
7272017HBPoolD2,OTU70,GS,100,BOLD:ABY9168,Animalia,Arthropoda,Insecta,Lepidoptera,Tortricidae,Clepsis,Clepsis peritana,438,7/27/2017,HickoryBottoms,D,7/12/2017,73,Pool
7272017HBPoolD2,OTU72,US,0.9963,BOLD:ACO3874,Animalia,Arthropoda,Insecta,Coleoptera,NA,NA,NA,109,7/27/2017,HickoryBottoms,D,7/12/2017,73,Pool
7272017HBPoolD2,OTU81,US,0,BOLD:ABV3248,Animalia,Arthropoda,Insecta,Diptera,NA,NA,NA,1513,7/27/2017,HickoryBottoms,D,7/12/2017,73,Pool
7272017HBPoolD2,OTU91,GS,99.4,BOLD:AAU8053,Animalia,Arthropoda,Malacostraca,Isopoda,Armadillidiidae,Armadillidium,Armadillidium nasatum,1952,7/27/2017,HickoryBottoms,D,7/12/2017,73,Pool
7272017HBPoolD2,OTU92,GS,100,BOLD:AAG8582,Animalia,Arthropoda,Insecta,Lepidoptera,Blastobasidae,Asaphocrita,Asaphocrita aphidiella,2029,7/27/2017,HickoryBottoms,D,7/12/2017,73,Pool
7272017HBPoolD2,OTU105,GS,100,BOLD:AAB7936,Animalia,Arthropoda,Insecta,Lepidoptera,Oecophoridae,Inga,Inga sparsiciliella,515,7/27/2017,HickoryBottoms,D,7/12/2017,73,Pool
7272017HBPoolD2,OTU106,US,1,None,Animalia,Arthropoda,Insecta,Coleoptera,NA,NA,NA,227,7/27/2017,HickoryBottoms,D,7/12/2017,73,Pool
7272017HBPoolD2,OTU116,GS,100,BOLD:AAG0758,Animalia,Arthropoda,Insecta,Coleoptera,Pyrochroidae,Dendroides,Dendroides canadensis,301,7/27/2017,HickoryBottoms,D,7/12/2017,73,Pool
7272017HBPoolD2,OTU122,GS,99.4,BOLD:AAC5568,Animalia,Arthropoda,Insecta,Lepidoptera,Tortricidae,Gypsonoma,Gypsonoma salicicolana,363,7/27/2017,HickoryBottoms,D,7/12/2017,73,Pool
7272017HBPoolD2,OTU123,GS,99.4,BOLD:AAM8787,Animalia,Arthropoda,Insecta,Lepidoptera,Gelechiidae,Dichomeris,Dichomeris laetitia,2610,7/27/2017,HickoryBottoms,D,7/12/2017,73,Pool
7272017HBPoolD2,OTU148,GS,100,BOLD:AAK7352,Animalia,Arthropoda,Arachnida,Araneae,Araneidae,Metepeira,Metepeira labyrinthea,751,7/27/2017,HickoryBottoms,D,7/12/2017,73,Pool
7272017HBPoolD2,OTU149,GS,99.4,BOLD:AAH4942,Animalia,Arthropoda,Insecta,Lepidoptera,Gelechiidae,Dichomeris,NA,1197,7/27/2017,HickoryBottoms,D,7/12/2017,73,Pool
7272017HBPoolD2,OTU160,GS,99.4,BOLD:ABY9321,Animalia,Arthropoda,Insecta,Lepidoptera,Erebidae,Apantesis,Apantesis phalerata,1679,7/27/2017,HickoryBottoms,D,7/12/2017,73,Pool
7272017HBPoolD2,OTU161,GS,100,BOLD:AAA8840,Animalia,Arthropoda,Insecta,Lepidoptera,Tortricidae,Pandemis,Pandemis lamprosana,429,7/27/2017,HickoryBottoms,D,7/12/2017,73,Pool
7272017HBPoolD2,OTU179,US,0.3913,None,Animalia,Arthropoda,Arachnida,Araneae,NA,NA,NA,2962,7/27/2017,HickoryBottoms,D,7/12/2017,73,Pool
7272017HBPoolD2,OTU182,GS,100,BOLD:ACF4855,Animalia,Arthropoda,Insecta,Lepidoptera,Gelechiidae,Dichomeris,Dichomeris kimballi,23,7/27/2017,HickoryBottoms,D,7/12/2017,73,Pool
7272017HBPoolD2,OTU202,US,0.9967,BOLD:ACF8271,Animalia,Arthropoda,Insecta,Hymenoptera,NA,NA,NA,293,7/27/2017,HickoryBottoms,D,7/12/2017,73,Pool
7272017HBPoolD2,OTU213,GS,100,BOLD:AAD4936,Animalia,Arthropoda,Insecta,Lepidoptera,Gracillariidae,Caloptilia,Caloptilia sassafrasella,959,7/27/2017,HickoryBottoms,D,7/12/2017,73,Pool
7272017HBPoolD2,OTU219,GS,100,BOLD:AAD1855,Animalia,Arthropoda,Insecta,Lepidoptera,Tortricidae,Episimus,Episimus tyrius,565,7/27/2017,HickoryBottoms,D,7/12/2017,73,Pool
7272017HBPoolD2,OTU223,GS,100,BOLD:ABZ0282,Animalia,Arthropoda,Insecta,Orthoptera,Trigonidiidae,Anaxipha,Anaxipha exigua,1771,7/27/2017,HickoryBottoms,D,7/12/2017,73,Pool
7272017HBPoolD2,OTU230,GS,100,BOLD:AAG3850,Animalia,Arthropoda,Insecta,Diptera,Culicidae,Psorophora,Psorophora columbiae,212,7/27/2017,HickoryBottoms,D,7/12/2017,73,Pool
7272017HBPoolD2,OTU231,GS,100,BOLD:AAD2590,Animalia,Arthropoda,Insecta,Lepidoptera,Gracillariidae,Caloptilia,Caloptilia packardella,789,7/27/2017,HickoryBottoms,D,7/12/2017,73,Pool
7272017HBPoolD2,OTU238,GS,100,BOLD:AAC2281,Animalia,Arthropoda,Insecta,Diptera,Culicidae,Anopheles,Anopheles quadrimaculatus,15,7/27/2017,HickoryBottoms,D,7/12/2017,73,Pool
7272017HBPoolD2,OTU241,US,0.9963,BOLD:AAZ5765,Animalia,Arthropoda,Insecta,Coleoptera,NA,NA,NA,512,7/27/2017,HickoryBottoms,D,7/12/2017,73,Pool
7272017HBPoolD2,OTU244,GS,100,BOLD:AAB1096,Animalia,Arthropoda,Insecta,Lepidoptera,Blastobasidae,Blastobasis,Blastobasis glandulella,533,7/27/2017,HickoryBottoms,D,7/12/2017,73,Pool
7272017HBPoolD2,OTU254,GS,100,BOLD:AAG8977,Animalia,Arthropoda,Insecta,Hemiptera,Derbidae,Apache,Apache degeerii,53,7/27/2017,HickoryBottoms,D,7/12/2017,73,Pool
7272017HBPoolD2,OTU258,GS,100,BOLD:ACA7555,Animalia,Arthropoda,Insecta,Diptera,Chironomidae,NA,NA,16,7/27/2017,HickoryBottoms,D,7/12/2017,73,Pool
7272017HBPoolD2,OTU280,GS,99.4,BOLD:AAK1435,Animalia,Arthropoda,Insecta,Orthoptera,NA,NA,NA,1243,7/27/2017,HickoryBottoms,D,7/12/2017,73,Pool
7272017HBPoolD2,OTU325,GS,100,BOLD:AAB6013,Animalia,Arthropoda,Insecta,Lepidoptera,Tortricidae,Phaecasiophora,Phaecasiophora confixana,401,7/27/2017,HickoryBottoms,D,7/12/2017,73,Pool
7272017HBPoolD2,OTU336,GS,100,BOLD:ABZ4680,Animalia,Arthropoda,Insecta,Lepidoptera,Noctuidae,Lacinipolia,Lacinipolia renigera,333,7/27/2017,HickoryBottoms,D,7/12/2017,73,Pool
7272017HBPoolD2,OTU357,GS,98.9,BOLD:ABX3356,Animalia,Arthropoda,Insecta,Diptera,Chironomidae,Chironomus,NA,138,7/27/2017,HickoryBottoms,D,7/12/2017,73,Pool
7272017HBPoolD2,OTU363,GS,100,BOLD:AAB4093,Animalia,Arthropoda,Insecta,Lepidoptera,Noctuidae,Elaphria,Elaphria grata,552,7/27/2017,HickoryBottoms,D,7/12/2017,73,Pool
7272017HBPoolD2,OTU378,GS,100,BOLD:AAG8597,Animalia,Arthropoda,Insecta,Lepidoptera,NA,NA,NA,68,7/27/2017,HickoryBottoms,D,7/12/2017,73,Pool
7272017HBPoolD2,OTU383,GS,100,BOLD:AAA1467,Animalia,Arthropoda,Insecta,Hymenoptera,Formicidae,Formica,Formica neogagates group,20,7/27/2017,HickoryBottoms,D,7/12/2017,73,Pool
7272017HBPoolD2,OTU409,US,0.9916,BOLD:ACS0084,Animalia,Arthropoda,Insecta,Hemiptera,NA,NA,NA,523,7/27/2017,HickoryBottoms,D,7/12/2017,73,Pool
7272017HBPoolD2,OTU431,US,0,BOLD:ABA5252,Animalia,Arthropoda,Insecta,Diptera,NA,NA,NA,117,7/27/2017,HickoryBottoms,D,7/12/2017,73,Pool
7272017HBPoolD2,OTU469,GS,100,BOLD:AAR7014,Animalia,Arthropoda,Insecta,Lepidoptera,Gracillariidae,Neurobathra,Neurobathra strigifinitella,111,7/27/2017,HickoryBottoms,D,7/12/2017,73,Pool
7272017HBPoolD2,OTU478,US,0,BOLD:ACN7427,Animalia,Arthropoda,Insecta,Diptera,NA,NA,NA,196,7/27/2017,HickoryBottoms,D,7/12/2017,73,Pool
7272017HBPoolD2,OTU481,GS,100,BOLD:AAG0004,Animalia,Arthropoda,Insecta,Lepidoptera,Gelechiidae,Sinoe,Sinoe kwakae,267,7/27/2017,HickoryBottoms,D,7/12/2017,73,Pool
7272017HBPoolD2,OTU488,GS,100,BOLD:AAN8391,Animalia,Arthropoda,Insecta,Hemiptera,Clastopteridae,Clastoptera,NA,656,7/27/2017,HickoryBottoms,D,7/12/2017,73,Pool
7272017HBPoolD2,OTU490,GS,99.4,BOLD:AAA7232,Animalia,Arthropoda,Arachnida,Araneae,Lycosidae,Schizocosa,Schizocosa ocreata,89,7/27/2017,HickoryBottoms,D,7/12/2017,73,Pool
7272017HBPoolD2,OTU510,GS,100,BOLD:AAA8194,Animalia,Arthropoda,Insecta,Lepidoptera,Tortricidae,Epiblema,Epiblema strenuana,468,7/27/2017,HickoryBottoms,D,7/12/2017,73,Pool
7272017HBPoolD2,OTU543,GS,100,BOLD:AAA7928,Animalia,Arthropoda,Insecta,Lepidoptera,Blastobasidae,Blastobasis,Blastobasis taurusella,178,7/27/2017,HickoryBottoms,D,7/12/2017,73,Pool
7272017HBPoolD2,OTU574,GS,100,BOLD:AAB7238,Animalia,Arthropoda,Insecta,Lepidoptera,Tortricidae,Ancylis,Ancylis platanana,474,7/27/2017,HickoryBottoms,D,7/12/2017,73,Pool
7272017HBPoolD2,OTU576,GS,100,BOLD:AAA5192,Animalia,Arthropoda,Insecta,Lepidoptera,Tortricidae,Platynota,Platynota idaeusalis,23,7/27/2017,HickoryBottoms,D,7/12/2017,73,Pool
7272017HBPoolD2,OTU648,GS,100,BOLD:ACO6013,Animalia,Arthropoda,Insecta,Orthoptera,Acrididae,Melanoplus,Melanoplus scudderi group,307,7/27/2017,HickoryBottoms,D,7/12/2017,73,Pool
7272017HBPoolD2,OTU659,GS,100,BOLD:AAE6851,Animalia,Arthropoda,Arachnida,Araneae,Salticidae,Paraphidippus,Paraphidippus aurantius,217,7/27/2017,HickoryBottoms,D,7/12/2017,73,Pool
7272017HBPoolD2,OTU678,GS,98.6,BOLD:AAB0602,Animalia,Arthropoda,Insecta,Lepidoptera,Gelechiidae,Pseudotelphusa,Pseudotelphusa quercinigracella,189,7/27/2017,HickoryBottoms,D,7/12/2017,73,Pool
7272017HBPoolD2,OTU679,GS,100,BOLD:AAK5385,Animalia,Arthropoda,Insecta,Orthoptera,Tettigoniidae,Conocephalus,Conocephalus brevipennis,215,7/27/2017,HickoryBottoms,D,7/12/2017,73,Pool
7272017HBPoolD2,OTU720,GS,99.4,BOLD:AAB5347,Animalia,Arthropoda,Insecta,Lepidoptera,Tortricidae,Paralobesia,Paralobesia liriodendrana,184,7/27/2017,HickoryBottoms,D,7/12/2017,73,Pool
7272017HBPoolD2,OTU736,GS,100,BOLD:AAD7279,Animalia,Arthropoda,Insecta,Lepidoptera,Geometridae,Mellilla,Mellilla xanthometata,1,7/27/2017,HickoryBottoms,D,7/12/2017,73,Pool
7272017HBPoolD2,OTU902,US,0,None,Animalia,Arthropoda,Insecta,Hymenoptera,NA,NA,NA,99,7/27/2017,HickoryBottoms,D,7/12/2017,73,Pool
7272017HBPoolD2,OTU934,GS,100,BOLD:AAK0004,Animalia,Arthropoda,Arachnida,Araneae,Araneidae,Verrucosa,Verrucosa arenata,9,7/27/2017,HickoryBottoms,D,7/12/2017,73,Pool
7272017HBPoolD2,OTU1025,GS,100,BOLD:ACW5516,Animalia,Arthropoda,Insecta,Hymenoptera,Braconidae,Habrobracon,NA,25,7/27/2017,HickoryBottoms,D,7/12/2017,73,Pool
7272017HBPoolD2,OTU1047,GS,99.4,BOLD:ACC8989,Animalia,Arthropoda,Insecta,Lepidoptera,Batrachedridae,Batrachedra,NA,1,7/27/2017,HickoryBottoms,D,7/12/2017,73,Pool
7272017HBPoolD2,OTU1094,GS,100,BOLD:AAD4769,Animalia,Arthropoda,Insecta,Hemiptera,Cicadellidae,Balclutha,Balclutha abdominalis,72,7/27/2017,HickoryBottoms,D,7/12/2017,73,Pool
7272017HBPoolD2,OTU1097,GS,97.2,BOLD:AAN5451,Animalia,Arthropoda,Arachnida,Araneae,Araneidae,Eustala,NA,101,7/27/2017,HickoryBottoms,D,7/12/2017,73,Pool
7272017HBPoolD2,OTU1210,GS,97.2,BOLD:AAF4632,Animalia,Arthropoda,Insecta,Diptera,Limoniidae,Epiphragma,Epiphragma solatrix,41,7/27/2017,HickoryBottoms,D,7/12/2017,73,Pool
7272017HBPoolD2,OTU1265,SS,0.83,BOLD:AAF4632,Animalia,Arthropoda,Insecta,Diptera,Limoniidae,Epiphragma,Epiphragma solatrix,13,7/27/2017,HickoryBottoms,D,7/12/2017,73,Pool
7272017HBPoolD2,OTU1351,SS,0.94,BOLD:AAB7030,Animalia,Arthropoda,Insecta,Diptera,Chironomidae,Chironomus,Chironomus decorus,78,7/27/2017,HickoryBottoms,D,7/12/2017,73,Pool
7272017HBPoolD2,OTU1412,US,0.9936,BOLD:ADD1431,Animalia,Arthropoda,Insecta,Diptera,NA,NA,NA,524,7/27/2017,HickoryBottoms,D,7/12/2017,73,Pool
7272017HBPoolD2,OTU1434,GS,97.6,BOLD:AAA7067,Animalia,Arthropoda,Insecta,Diptera,Culicidae,Aedes,Aedes vexans,4,7/27/2017,HickoryBottoms,D,7/12/2017,73,Pool
7272017HBPoolD2,OTU1497,SS,0.97,BOLD:AAI1618,Animalia,Arthropoda,Insecta,Diptera,Culicidae,Coquillettidia,Coquillettidia perturbans,2,7/27/2017,HickoryBottoms,D,7/12/2017,73,Pool
7272017HBPoolD2,OTU1538,GS,100,BOLD:AAG1143,Animalia,Arthropoda,Insecta,Lepidoptera,Gracillariidae,Caloptilia,Caloptilia belfragella,1,7/27/2017,HickoryBottoms,D,7/12/2017,73,Pool
7272017HBPoolD2,OTU1554,SS,0.92,BOLD:AAP2734,Animalia,Arthropoda,Insecta,Diptera,Limoniidae,Erioptera,Erioptera parva,13,7/27/2017,HickoryBottoms,D,7/12/2017,73,Pool
7272017HBPoolD2,OTU1636,SS,0.74,BOLD:AAF4632,Animalia,Arthropoda,Insecta,NA,NA,NA,NA,4,7/27/2017,HickoryBottoms,D,7/12/2017,73,Pool
7272017HBPoolD2,OTU1660,US,0.3056,None,Animalia,Arthropoda,Arachnida,Araneae,NA,NA,NA,16,7/27/2017,HickoryBottoms,D,7/12/2017,73,Pool
7272017HBPoolD2,OTU1683,SS,0.84,BOLD:AAF4632,Animalia,Arthropoda,Insecta,Diptera,Limoniidae,Epiphragma,Epiphragma solatrix,13,7/27/2017,HickoryBottoms,D,7/12/2017,73,Pool
7272017HBPoolD2,OTU1724,US,0.8732,BOLD:ABW0552,Animalia,Arthropoda,Insecta,Lepidoptera,NA,NA,NA,2,7/27/2017,HickoryBottoms,D,7/12/2017,73,Pool
7272017HBPoolD2,OTU1742,GS,98.3,BOLD:AAB0602,Animalia,Arthropoda,Insecta,Lepidoptera,Gelechiidae,Pseudotelphusa,Pseudotelphusa quercinigracella,3,7/27/2017,HickoryBottoms,D,7/12/2017,73,Pool
7272017HBPoolD2,OTU1795,US,0.9963,BOLD:AAG3179,Animalia,Arthropoda,Insecta,Diptera,NA,NA,NA,3,7/27/2017,HickoryBottoms,D,7/12/2017,73,Pool
7272017HBPoolD2,OTU1812,GS,100,BOLD:AAK7043,Animalia,Arthropoda,Insecta,Lepidoptera,Tineidae,Mea,Mea bipunctella,14,7/27/2017,HickoryBottoms,D,7/12/2017,73,Pool
7272017HBPoolD2,OTU1878,SS,0.78,BOLD:ABW4215,Animalia,Arthropoda,Insecta,Diptera,NA,NA,NA,5,7/27/2017,HickoryBottoms,D,7/12/2017,73,Pool
7272017HBPoolD3,OTU1,US,0.0026,BOLD:AAD6798,Animalia,Arthropoda,Insecta,Diptera,NA,NA,NA,4532,7/27/2017,HickoryBottoms,D,7/12/2017,73,Pool
7272017HBPoolD3,OTU5,GS,99.4,BOLD:AAN5451,Animalia,Arthropoda,Arachnida,Araneae,Araneidae,Eustala,NA,2686,7/27/2017,HickoryBottoms,D,7/12/2017,73,Pool
7272017HBPoolD3,OTU7,GS,100,BOLD:AAF4632,Animalia,Arthropoda,Insecta,Diptera,Limoniidae,Epiphragma,Epiphragma solatrix,3043,7/27/2017,HickoryBottoms,D,7/12/2017,73,Pool
7272017HBPoolD3,OTU11,GS,99.4,BOLD:AAG3848,Animalia,Arthropoda,Insecta,Diptera,Culicidae,Culex,Culex erraticus,398,7/27/2017,HickoryBottoms,D,7/12/2017,73,Pool
7272017HBPoolD3,OTU15,GS,100,BOLD:ABZ0908,Animalia,Arthropoda,Insecta,Diptera,Tipulidae,Nephrotoma,Nephrotoma ferruginea,994,7/27/2017,HickoryBottoms,D,7/12/2017,73,Pool
7272017HBPoolD3,OTU16,GS,100,BOLD:AAA7067,Animalia,Arthropoda,Insecta,Diptera,Culicidae,Aedes,Aedes vexans,507,7/27/2017,HickoryBottoms,D,7/12/2017,73,Pool
7272017HBPoolD3,OTU17,GS,100,BOLD:AAB3702,Animalia,Arthropoda,Insecta,Trichoptera,Hydropsychidae,Potamyia,Potamyia flava,3070,7/27/2017,HickoryBottoms,D,7/12/2017,73,Pool
7272017HBPoolD3,OTU21,GS,100,BOLD:ACR3763,Animalia,Arthropoda,Insecta,Coleoptera,Ptilodactylidae,Ptilodactyla,Ptilodactyla serricollis,735,7/27/2017,HickoryBottoms,D,7/12/2017,73,Pool
7272017HBPoolD3,OTU24,GS,98.9,BOLD:ABW3499,Animalia,Arthropoda,Insecta,Diptera,NA,NA,NA,727,7/27/2017,HickoryBottoms,D,7/12/2017,73,Pool
7272017HBPoolD3,OTU29,US,0,BOLD:ADD1431,Animalia,Arthropoda,Arachnida,Trombidiformes,NA,NA,NA,34920,7/27/2017,HickoryBottoms,D,7/12/2017,73,Pool
7272017HBPoolD3,OTU33,GS,100,BOLD:AAB8714,Animalia,Arthropoda,Arachnida,Araneae,Tetragnathidae,Leucauge,Leucauge venusta,1204,7/27/2017,HickoryBottoms,D,7/12/2017,73,Pool
7272017HBPoolD3,OTU47,GS,100,BOLD:AAN5881,Animalia,Arthropoda,Insecta,Diptera,Limoniidae,NA,NA,749,7/27/2017,HickoryBottoms,D,7/12/2017,73,Pool
7272017HBPoolD3,OTU51,GS,100,BOLD:AAG1040,Animalia,Arthropoda,Insecta,Lepidoptera,Cosmopterigidae,Perimede,Perimede circitor,316,7/27/2017,HickoryBottoms,D,7/12/2017,73,Pool
7272017HBPoolD3,OTU56,GS,100,BOLD:AAN5879,Animalia,Arthropoda,Insecta,Diptera,Limoniidae,NA,NA,144,7/27/2017,HickoryBottoms,D,7/12/2017,73,Pool
7272017HBPoolD3,OTU57,GS,100,BOLD:AAI1618,Animalia,Arthropoda,Insecta,Diptera,Culicidae,Coquillettidia,Coquillettidia perturbans,536,7/27/2017,HickoryBottoms,D,7/12/2017,73,Pool
7272017HBPoolD3,OTU65,GS,100,BOLD:AAA1517,Animalia,Arthropoda,Insecta,Lepidoptera,Tortricidae,Choristoneura,Choristoneura rosaceana,1503,7/27/2017,HickoryBottoms,D,7/12/2017,73,Pool
7272017HBPoolD3,OTU68,GS,100,BOLD:AAB7030,Animalia,Arthropoda,Insecta,Diptera,Chironomidae,Chironomus,Chironomus decorus,1422,7/27/2017,HickoryBottoms,D,7/12/2017,73,Pool
7272017HBPoolD3,OTU70,GS,100,BOLD:ABY9168,Animalia,Arthropoda,Insecta,Lepidoptera,Tortricidae,Clepsis,Clepsis peritana,1732,7/27/2017,HickoryBottoms,D,7/12/2017,73,Pool
7272017HBPoolD3,OTU72,US,0.9963,BOLD:ACO3874,Animalia,Arthropoda,Insecta,Coleoptera,NA,NA,NA,408,7/27/2017,HickoryBottoms,D,7/12/2017,73,Pool
7272017HBPoolD3,OTU73,GS,100,BOLD:AAD6926,Animalia,Arthropoda,Arachnida,Araneae,Anyphaenidae,Anyphaena,Anyphaena pectorosa,1018,7/27/2017,HickoryBottoms,D,7/12/2017,73,Pool
7272017HBPoolD3,OTU81,US,0,BOLD:ABV3248,Animalia,Arthropoda,Insecta,Diptera,NA,NA,NA,2588,7/27/2017,HickoryBottoms,D,7/12/2017,73,Pool
7272017HBPoolD3,OTU91,GS,99.4,BOLD:AAU8053,Animalia,Arthropoda,Malacostraca,Isopoda,Armadillidiidae,Armadillidium,Armadillidium nasatum,1420,7/27/2017,HickoryBottoms,D,7/12/2017,73,Pool
7272017HBPoolD3,OTU92,GS,100,BOLD:AAG8582,Animalia,Arthropoda,Insecta,Lepidoptera,Blastobasidae,Asaphocrita,Asaphocrita aphidiella,8615,7/27/2017,HickoryBottoms,D,7/12/2017,73,Pool
7272017HBPoolD3,OTU93,GS,99.4,BOLD:AAM4329,Animalia,Arthropoda,Insecta,Hemiptera,Cimicidae,Cimex,Cimex adjunctus,95,7/27/2017,HickoryBottoms,D,7/12/2017,73,Pool
7272017HBPoolD3,OTU105,GS,100,BOLD:AAB7936,Animalia,Arthropoda,Insecta,Lepidoptera,Oecophoridae,Inga,Inga sparsiciliella,1547,7/27/2017,HickoryBottoms,D,7/12/2017,73,Pool
7272017HBPoolD3,OTU106,US,1,None,Animalia,Arthropoda,Insecta,Coleoptera,NA,NA,NA,1011,7/27/2017,HickoryBottoms,D,7/12/2017,73,Pool
7272017HBPoolD3,OTU116,GS,100,BOLD:AAG0758,Animalia,Arthropoda,Insecta,Coleoptera,Pyrochroidae,Dendroides,Dendroides canadensis,296,7/27/2017,HickoryBottoms,D,7/12/2017,73,Pool
7272017HBPoolD3,OTU122,GS,99.4,BOLD:AAC5568,Animalia,Arthropoda,Insecta,Lepidoptera,Tortricidae,Gypsonoma,Gypsonoma salicicolana,288,7/27/2017,HickoryBottoms,D,7/12/2017,73,Pool
7272017HBPoolD3,OTU123,GS,99.4,BOLD:AAM8787,Animalia,Arthropoda,Insecta,Lepidoptera,Gelechiidae,Dichomeris,Dichomeris laetitia,2125,7/27/2017,HickoryBottoms,D,7/12/2017,73,Pool
7272017HBPoolD3,OTU146,GS,99.4,BOLD:ABV9238,Animalia,Arthropoda,Insecta,Diptera,Limoniidae,Gonomyia,NA,190,7/27/2017,HickoryBottoms,D,7/12/2017,73,Pool
7272017HBPoolD3,OTU148,GS,100,BOLD:AAK7352,Animalia,Arthropoda,Arachnida,Araneae,Araneidae,Metepeira,Metepeira labyrinthea,73,7/27/2017,HickoryBottoms,D,7/12/2017,73,Pool
7272017HBPoolD3,OTU158,GS,100,BOLD:AAH3230,Animalia,Arthropoda,Insecta,Psocodea,Psocidae,NA,NA,123,7/27/2017,HickoryBottoms,D,7/12/2017,73,Pool
7272017HBPoolD3,OTU160,GS,99.4,BOLD:ABY9321,Animalia,Arthropoda,Insecta,Lepidoptera,Erebidae,Apantesis,Apantesis phalerata,4426,7/27/2017,HickoryBottoms,D,7/12/2017,73,Pool
7272017HBPoolD3,OTU161,GS,100,BOLD:AAA8840,Animalia,Arthropoda,Insecta,Lepidoptera,Tortricidae,Pandemis,Pandemis lamprosana,2517,7/27/2017,HickoryBottoms,D,7/12/2017,73,Pool
7272017HBPoolD3,OTU165,US,0.9936,BOLD:ACF8271,Animalia,Arthropoda,Insecta,Diptera,NA,NA,NA,115,7/27/2017,HickoryBottoms,D,7/12/2017,73,Pool
7272017HBPoolD3,OTU189,GS,100,BOLD:ABV2225,Animalia,Arthropoda,Insecta,Lepidoptera,Gracillariidae,Caloptilia,NA,422,7/27/2017,HickoryBottoms,D,7/12/2017,73,Pool
7272017HBPoolD3,OTU192,SS,0.12,BOLD:ACF9102,Animalia,Arthropoda,Insecta,Diptera,NA,NA,NA,730,7/27/2017,HickoryBottoms,D,7/12/2017,73,Pool
7272017HBPoolD3,OTU213,GS,100,BOLD:AAD4936,Animalia,Arthropoda,Insecta,Lepidoptera,Gracillariidae,Caloptilia,Caloptilia sassafrasella,427,7/27/2017,HickoryBottoms,D,7/12/2017,73,Pool
7272017HBPoolD3,OTU219,GS,100,BOLD:AAD1855,Animalia,Arthropoda,Insecta,Lepidoptera,Tortricidae,Episimus,Episimus tyrius,495,7/27/2017,HickoryBottoms,D,7/12/2017,73,Pool
7272017HBPoolD3,OTU222,GS,100,BOLD:AAU7129,Animalia,Arthropoda,Insecta,Coleoptera,Bostrichidae,Xylobiops,Xylobiops basilaris,153,7/27/2017,HickoryBottoms,D,7/12/2017,73,Pool
7272017HBPoolD3,OTU223,GS,100,BOLD:ABZ0282,Animalia,Arthropoda,Insecta,Orthoptera,Trigonidiidae,Anaxipha,Anaxipha exigua,376,7/27/2017,HickoryBottoms,D,7/12/2017,73,Pool
7272017HBPoolD3,OTU231,GS,100,BOLD:AAD2590,Animalia,Arthropoda,Insecta,Lepidoptera,Gracillariidae,Caloptilia,Caloptilia packardella,1593,7/27/2017,HickoryBottoms,D,7/12/2017,73,Pool
7272017HBPoolD3,OTU241,US,0.9963,BOLD:AAZ5765,Animalia,Arthropoda,Insecta,Coleoptera,NA,NA,NA,620,7/27/2017,HickoryBottoms,D,7/12/2017,73,Pool
7272017HBPoolD3,OTU244,GS,100,BOLD:AAB1096,Animalia,Arthropoda,Insecta,Lepidoptera,Blastobasidae,Blastobasis,Blastobasis glandulella,193,7/27/2017,HickoryBottoms,D,7/12/2017,73,Pool
7272017HBPoolD3,OTU254,GS,100,BOLD:AAG8977,Animalia,Arthropoda,Insecta,Hemiptera,Derbidae,Apache,Apache degeerii,144,7/27/2017,HickoryBottoms,D,7/12/2017,73,Pool
7272017HBPoolD3,OTU287,GS,98.9,BOLD:AAG5457,Animalia,Arthropoda,Insecta,Diptera,Chironomidae,NA,NA,149,7/27/2017,HickoryBottoms,D,7/12/2017,73,Pool
7272017HBPoolD3,OTU325,GS,100,BOLD:AAB6013,Animalia,Arthropoda,Insecta,Lepidoptera,Tortricidae,Phaecasiophora,Phaecasiophora confixana,797,7/27/2017,HickoryBottoms,D,7/12/2017,73,Pool
7272017HBPoolD3,OTU336,GS,100,BOLD:ABZ4680,Animalia,Arthropoda,Insecta,Lepidoptera,Noctuidae,Lacinipolia,Lacinipolia renigera,1249,7/27/2017,HickoryBottoms,D,7/12/2017,73,Pool
7272017HBPoolD3,OTU354,SS,0.48,BOLD:AAM6278,Animalia,Arthropoda,Insecta,Diptera,NA,NA,NA,354,7/27/2017,HickoryBottoms,D,7/12/2017,73,Pool
7272017HBPoolD3,OTU357,GS,98.9,BOLD:ABX3356,Animalia,Arthropoda,Insecta,Diptera,Chironomidae,Chironomus,NA,467,7/27/2017,HickoryBottoms,D,7/12/2017,73,Pool
7272017HBPoolD3,OTU383,GS,100,BOLD:AAA1467,Animalia,Arthropoda,Insecta,Hymenoptera,Formicidae,Formica,Formica neogagates group,13,7/27/2017,HickoryBottoms,D,7/12/2017,73,Pool
7272017HBPoolD3,OTU389,US,0.986,BOLD:ACB3375,Animalia,Arthropoda,Insecta,Hemiptera,NA,NA,NA,26,7/27/2017,HickoryBottoms,D,7/12/2017,73,Pool
7272017HBPoolD3,OTU406,US,0.9916,BOLD:ACL2991,Animalia,Arthropoda,Insecta,Coleoptera,NA,NA,NA,19,7/27/2017,HickoryBottoms,D,7/12/2017,73,Pool
7272017HBPoolD3,OTU431,US,0,BOLD:ABA5252,Animalia,Arthropoda,Insecta,Diptera,NA,NA,NA,226,7/27/2017,HickoryBottoms,D,7/12/2017,73,Pool
7272017HBPoolD3,OTU478,US,0,BOLD:ACN7427,Animalia,Arthropoda,Insecta,Diptera,NA,NA,NA,485,7/27/2017,HickoryBottoms,D,7/12/2017,73,Pool
7272017HBPoolD3,OTU480,GS,100,BOLD:AAP2997,Animalia,Arthropoda,Insecta,Diptera,Chironomidae,NA,NA,259,7/27/2017,HickoryBottoms,D,7/12/2017,73,Pool
7272017HBPoolD3,OTU490,GS,99.4,BOLD:AAA7232,Animalia,Arthropoda,Arachnida,Araneae,Lycosidae,Schizocosa,Schizocosa ocreata,146,7/27/2017,HickoryBottoms,D,7/12/2017,73,Pool
7272017HBPoolD3,OTU533,GS,100,BOLD:AAY3988,Animalia,Arthropoda,Insecta,Diptera,Limoniidae,Pilaria,Pilaria tenuipes,487,7/27/2017,HickoryBottoms,D,7/12/2017,73,Pool
7272017HBPoolD3,OTU543,GS,100,BOLD:AAA7928,Animalia,Arthropoda,Insecta,Lepidoptera,Blastobasidae,Blastobasis,Blastobasis taurusella,11,7/27/2017,HickoryBottoms,D,7/12/2017,73,Pool
7272017HBPoolD3,OTU573,GS,98.9,BOLD:AAB8921,Animalia,Arthropoda,Insecta,Lepidoptera,Zygaenidae,Harrisina,Harrisina americana,600,7/27/2017,HickoryBottoms,D,7/12/2017,73,Pool
7272017HBPoolD3,OTU580,GS,98.3,BOLD:ABZ0908,Animalia,Arthropoda,Insecta,Diptera,Tipulidae,Nephrotoma,Nephrotoma ferruginea,37,7/27/2017,HickoryBottoms,D,7/12/2017,73,Pool
7272017HBPoolD3,OTU582,US,0,BOLD:ACR2991,Animalia,Arthropoda,Insecta,Lepidoptera,NA,NA,NA,224,7/27/2017,HickoryBottoms,D,7/12/2017,73,Pool
7272017HBPoolD3,OTU627,US,0.9803,BOLD:ABW8929,Animalia,Arthropoda,Maxillopoda,Cyclopoida,NA,NA,NA,609,7/27/2017,HickoryBottoms,D,7/12/2017,73,Pool
7272017HBPoolD3,OTU652,US,0.2259,BOLD:ACR5415,Animalia,Arthropoda,Insecta,Coleoptera,NA,NA,NA,17,7/27/2017,HickoryBottoms,D,7/12/2017,73,Pool
7272017HBPoolD3,OTU679,GS,100,BOLD:AAK5385,Animalia,Arthropoda,Insecta,Orthoptera,Tettigoniidae,Conocephalus,Conocephalus brevipennis,113,7/27/2017,HickoryBottoms,D,7/12/2017,73,Pool
7272017HBPoolD3,OTU715,SS,0.71,BOLD:ABZ0908,Animalia,Arthropoda,Insecta,Diptera,NA,NA,NA,39,7/27/2017,HickoryBottoms,D,7/12/2017,73,Pool
7272017HBPoolD3,OTU736,GS,100,BOLD:AAD7279,Animalia,Arthropoda,Insecta,Lepidoptera,Geometridae,Mellilla,Mellilla xanthometata,2,7/27/2017,HickoryBottoms,D,7/12/2017,73,Pool
7272017HBPoolD3,OTU838,GS,100,BOLD:AAV5234,Animalia,Arthropoda,Insecta,Coleoptera,Carabidae,NA,NA,203,7/27/2017,HickoryBottoms,D,7/12/2017,73,Pool
7272017HBPoolD3,OTU934,GS,100,BOLD:AAK0004,Animalia,Arthropoda,Arachnida,Araneae,Araneidae,Verrucosa,Verrucosa arenata,75,7/27/2017,HickoryBottoms,D,7/12/2017,73,Pool
7272017HBPoolD3,OTU1025,GS,100,BOLD:ACW5516,Animalia,Arthropoda,Insecta,Hymenoptera,Braconidae,Habrobracon,NA,74,7/27/2017,HickoryBottoms,D,7/12/2017,73,Pool
7272017HBPoolD3,OTU1047,GS,99.4,BOLD:ACC8989,Animalia,Arthropoda,Insecta,Lepidoptera,Batrachedridae,Batrachedra,NA,3,7/27/2017,HickoryBottoms,D,7/12/2017,73,Pool
7272017HBPoolD3,OTU1091,GS,100,BOLD:AAI4088,Animalia,Arthropoda,Arachnida,Araneae,Clubionidae,Elaver,Elaver excepta,77,7/27/2017,HickoryBottoms,D,7/12/2017,73,Pool
7272017HBPoolD3,OTU1094,GS,100,BOLD:AAD4769,Animalia,Arthropoda,Insecta,Hemiptera,Cicadellidae,Balclutha,Balclutha abdominalis,28,7/27/2017,HickoryBottoms,D,7/12/2017,73,Pool
7272017HBPoolD3,OTU1097,GS,97.2,BOLD:AAN5451,Animalia,Arthropoda,Arachnida,Araneae,Araneidae,Eustala,NA,102,7/27/2017,HickoryBottoms,D,7/12/2017,73,Pool
7272017HBPoolD3,OTU1116,SS,0.5,BOLD:ABZ0908,Animalia,Arthropoda,Insecta,Diptera,NA,NA,NA,62,7/27/2017,HickoryBottoms,D,7/12/2017,73,Pool
7272017HBPoolD3,OTU1172,SS,0.83,BOLD:AAD6926,Animalia,Arthropoda,Arachnida,Araneae,Anyphaenidae,Anyphaena,Anyphaena pectorosa,89,7/27/2017,HickoryBottoms,D,7/12/2017,73,Pool
7272017HBPoolD3,OTU1192,US,0.9967,BOLD:AAU9820,Animalia,Arthropoda,Insecta,Hymenoptera,NA,NA,NA,16,7/27/2017,HickoryBottoms,D,7/12/2017,73,Pool
7272017HBPoolD3,OTU1195,GS,99.4,BOLD:ACA0907,Animalia,Arthropoda,Insecta,Hymenoptera,Ichneumonidae,NA,NA,69,7/27/2017,HickoryBottoms,D,7/12/2017,73,Pool
7272017HBPoolD3,OTU1210,GS,97.2,BOLD:AAF4632,Animalia,Arthropoda,Insecta,Diptera,Limoniidae,Epiphragma,Epiphragma solatrix,87,7/27/2017,HickoryBottoms,D,7/12/2017,73,Pool
7272017HBPoolD3,OTU1232,SS,0.24,BOLD:AAZ2661,Animalia,Arthropoda,Insecta,Hemiptera,NA,NA,NA,76,7/27/2017,HickoryBottoms,D,7/12/2017,73,Pool
7272017HBPoolD3,OTU1265,SS,0.83,BOLD:AAF4632,Animalia,Arthropoda,Insecta,Diptera,Limoniidae,Epiphragma,Epiphragma solatrix,18,7/27/2017,HickoryBottoms,D,7/12/2017,73,Pool
7272017HBPoolD3,OTU1351,SS,0.94,BOLD:AAB7030,Animalia,Arthropoda,Insecta,Diptera,Chironomidae,Chironomus,Chironomus decorus,272,7/27/2017,HickoryBottoms,D,7/12/2017,73,Pool
7272017HBPoolD3,OTU1395,US,0.2259,BOLD:AAN5364,Animalia,Arthropoda,Insecta,Coleoptera,NA,NA,NA,67,7/27/2017,HickoryBottoms,D,7/12/2017,73,Pool
7272017HBPoolD3,OTU1403,SS,0.36,BOLD:ACV0130,Animalia,Arthropoda,Insecta,Diptera,NA,NA,NA,2,7/27/2017,HickoryBottoms,D,7/12/2017,73,Pool
7272017HBPoolD3,OTU1412,US,0.9936,BOLD:ADD1431,Animalia,Arthropoda,Insecta,Diptera,NA,NA,NA,950,7/27/2017,HickoryBottoms,D,7/12/2017,73,Pool
7272017HBPoolD3,OTU1434,GS,97.6,BOLD:AAA7067,Animalia,Arthropoda,Insecta,Diptera,Culicidae,Aedes,Aedes vexans,15,7/27/2017,HickoryBottoms,D,7/12/2017,73,Pool
7272017HBPoolD3,OTU1569,SS,0.91,BOLD:AAB3702,Animalia,Arthropoda,Insecta,Trichoptera,Hydropsychidae,Potamyia,Potamyia flava,1,7/27/2017,HickoryBottoms,D,7/12/2017,73,Pool
7272017HBPoolD3,OTU1576,GS,97.8,BOLD:AAN5881,Animalia,Arthropoda,Insecta,Diptera,Limoniidae,NA,NA,5,7/27/2017,HickoryBottoms,D,7/12/2017,73,Pool
7272017HBPoolD3,OTU1636,SS,0.74,BOLD:AAF4632,Animalia,Arthropoda,Insecta,NA,NA,NA,NA,5,7/27/2017,HickoryBottoms,D,7/12/2017,73,Pool
7272017HBPoolD3,OTU1683,SS,0.84,BOLD:AAF4632,Animalia,Arthropoda,Insecta,Diptera,Limoniidae,Epiphragma,Epiphragma solatrix,18,7/27/2017,HickoryBottoms,D,7/12/2017,73,Pool
7272017HBPoolD3,OTU1722,GS,97.8,BOLD:AAB8920,Animalia,Arthropoda,Insecta,Lepidoptera,Zygaenidae,Harrisina,Harrisina americana,1,7/27/2017,HickoryBottoms,D,7/12/2017,73,Pool
7272017HBPoolD3,OTU1724,US,0.8732,BOLD:ABW0552,Animalia,Arthropoda,Insecta,Lepidoptera,NA,NA,NA,1,7/27/2017,HickoryBottoms,D,7/12/2017,73,Pool
7272017HBPoolD3,OTU1812,GS,100,BOLD:AAK7043,Animalia,Arthropoda,Insecta,Lepidoptera,Tineidae,Mea,Mea bipunctella,1,7/27/2017,HickoryBottoms,D,7/12/2017,73,Pool
7272017HBPoolD3,OTU1818,GS,97.9,BOLD:AAF4632,Animalia,Arthropoda,Insecta,Diptera,Limoniidae,Epiphragma,Epiphragma solatrix,1,7/27/2017,HickoryBottoms,D,7/12/2017,73,Pool
7272017HBPoolD3,OTU1834,SS,0.74,BOLD:AAF4632,Animalia,Arthropoda,Insecta,Diptera,NA,NA,NA,6,7/27/2017,HickoryBottoms,D,7/12/2017,73,Pool
7272017HBPoolD3,OTU1857,GS,98.9,BOLD:AAB6018,Animalia,Arthropoda,Insecta,Lepidoptera,Noctuidae,Elaphria,Elaphria chalcedonia,224,7/27/2017,HickoryBottoms,D,7/12/2017,73,Pool
7272017HBPoolD3,OTU1888,US,0.9967,BOLD:AAG5069,Animalia,Arthropoda,Insecta,Diptera,NA,NA,NA,16,7/27/2017,HickoryBottoms,D,7/12/2017,73,Pool
7272017HBPoolD4,OTU1,US,0.0026,BOLD:AAD6798,Animalia,Arthropoda,Insecta,Diptera,NA,NA,NA,783,7/27/2017,HickoryBottoms,D,7/12/2017,73,Pool
7272017HBPoolD4,OTU3,GS,100,BOLD:AAP2734,Animalia,Arthropoda,Insecta,Diptera,Limoniidae,Erioptera,Erioptera parva,392,7/27/2017,HickoryBottoms,D,7/12/2017,73,Pool
7272017HBPoolD4,OTU5,GS,99.4,BOLD:AAN5451,Animalia,Arthropoda,Arachnida,Araneae,Araneidae,Eustala,NA,1581,7/27/2017,HickoryBottoms,D,7/12/2017,73,Pool
7272017HBPoolD4,OTU7,GS,100,BOLD:AAF4632,Animalia,Arthropoda,Insecta,Diptera,Limoniidae,Epiphragma,Epiphragma solatrix,636,7/27/2017,HickoryBottoms,D,7/12/2017,73,Pool
7272017HBPoolD4,OTU11,GS,99.4,BOLD:AAG3848,Animalia,Arthropoda,Insecta,Diptera,Culicidae,Culex,Culex erraticus,510,7/27/2017,HickoryBottoms,D,7/12/2017,73,Pool
7272017HBPoolD4,OTU16,GS,100,BOLD:AAA7067,Animalia,Arthropoda,Insecta,Diptera,Culicidae,Aedes,Aedes vexans,445,7/27/2017,HickoryBottoms,D,7/12/2017,73,Pool
7272017HBPoolD4,OTU17,GS,100,BOLD:AAB3702,Animalia,Arthropoda,Insecta,Trichoptera,Hydropsychidae,Potamyia,Potamyia flava,4142,7/27/2017,HickoryBottoms,D,7/12/2017,73,Pool
7272017HBPoolD4,OTU24,GS,98.9,BOLD:ABW3499,Animalia,Arthropoda,Insecta,Diptera,NA,NA,NA,173,7/27/2017,HickoryBottoms,D,7/12/2017,73,Pool
7272017HBPoolD4,OTU29,US,0,BOLD:ADD1431,Animalia,Arthropoda,Arachnida,Trombidiformes,NA,NA,NA,16315,7/27/2017,HickoryBottoms,D,7/12/2017,73,Pool
7272017HBPoolD4,OTU33,GS,100,BOLD:AAB8714,Animalia,Arthropoda,Arachnida,Araneae,Tetragnathidae,Leucauge,Leucauge venusta,1319,7/27/2017,HickoryBottoms,D,7/12/2017,73,Pool
7272017HBPoolD4,OTU35,GS,100,BOLD:ABW4215,Animalia,Arthropoda,Insecta,Diptera,Chironomidae,Glyptotendipes,Glyptotendipes meridionalis,583,7/27/2017,HickoryBottoms,D,7/12/2017,73,Pool
7272017HBPoolD4,OTU57,GS,100,BOLD:AAI1618,Animalia,Arthropoda,Insecta,Diptera,Culicidae,Coquillettidia,Coquillettidia perturbans,200,7/27/2017,HickoryBottoms,D,7/12/2017,73,Pool
7272017HBPoolD4,OTU65,GS,100,BOLD:AAA1517,Animalia,Arthropoda,Insecta,Lepidoptera,Tortricidae,Choristoneura,Choristoneura rosaceana,594,7/27/2017,HickoryBottoms,D,7/12/2017,73,Pool
7272017HBPoolD4,OTU68,GS,100,BOLD:AAB7030,Animalia,Arthropoda,Insecta,Diptera,Chironomidae,Chironomus,Chironomus decorus,620,7/27/2017,HickoryBottoms,D,7/12/2017,73,Pool
7272017HBPoolD4,OTU70,GS,100,BOLD:ABY9168,Animalia,Arthropoda,Insecta,Lepidoptera,Tortricidae,Clepsis,Clepsis peritana,151,7/27/2017,HickoryBottoms,D,7/12/2017,73,Pool
7272017HBPoolD4,OTU81,US,0,BOLD:ABV3248,Animalia,Arthropoda,Insecta,Diptera,NA,NA,NA,2023,7/27/2017,HickoryBottoms,D,7/12/2017,73,Pool
7272017HBPoolD4,OTU91,GS,99.4,BOLD:AAU8053,Animalia,Arthropoda,Malacostraca,Isopoda,Armadillidiidae,Armadillidium,Armadillidium nasatum,201,7/27/2017,HickoryBottoms,D,7/12/2017,73,Pool
7272017HBPoolD4,OTU92,GS,100,BOLD:AAG8582,Animalia,Arthropoda,Insecta,Lepidoptera,Blastobasidae,Asaphocrita,Asaphocrita aphidiella,2458,7/27/2017,HickoryBottoms,D,7/12/2017,73,Pool
7272017HBPoolD4,OTU105,GS,100,BOLD:AAB7936,Animalia,Arthropoda,Insecta,Lepidoptera,Oecophoridae,Inga,Inga sparsiciliella,65,7/27/2017,HickoryBottoms,D,7/12/2017,73,Pool
7272017HBPoolD4,OTU110,GS,99.4,BOLD:AAJ0542,Animalia,Arthropoda,Arachnida,Araneae,Theridiidae,Euryopis,Euryopis funebris,218,7/27/2017,HickoryBottoms,D,7/12/2017,73,Pool
7272017HBPoolD4,OTU116,GS,100,BOLD:AAG0758,Animalia,Arthropoda,Insecta,Coleoptera,Pyrochroidae,Dendroides,Dendroides canadensis,79,7/27/2017,HickoryBottoms,D,7/12/2017,73,Pool
7272017HBPoolD4,OTU122,GS,99.4,BOLD:AAC5568,Animalia,Arthropoda,Insecta,Lepidoptera,Tortricidae,Gypsonoma,Gypsonoma salicicolana,202,7/27/2017,HickoryBottoms,D,7/12/2017,73,Pool
7272017HBPoolD4,OTU123,GS,99.4,BOLD:AAM8787,Animalia,Arthropoda,Insecta,Lepidoptera,Gelechiidae,Dichomeris,Dichomeris laetitia,1516,7/27/2017,HickoryBottoms,D,7/12/2017,73,Pool
7272017HBPoolD4,OTU131,US,0.9919,BOLD:AAL9946,Animalia,Arthropoda,Insecta,Diptera,NA,NA,NA,52,7/27/2017,HickoryBottoms,D,7/12/2017,73,Pool
7272017HBPoolD4,OTU146,GS,99.4,BOLD:ABV9238,Animalia,Arthropoda,Insecta,Diptera,Limoniidae,Gonomyia,NA,85,7/27/2017,HickoryBottoms,D,7/12/2017,73,Pool
7272017HBPoolD4,OTU148,GS,100,BOLD:AAK7352,Animalia,Arthropoda,Arachnida,Araneae,Araneidae,Metepeira,Metepeira labyrinthea,330,7/27/2017,HickoryBottoms,D,7/12/2017,73,Pool
7272017HBPoolD4,OTU149,GS,99.4,BOLD:AAH4942,Animalia,Arthropoda,Insecta,Lepidoptera,Gelechiidae,Dichomeris,NA,451,7/27/2017,HickoryBottoms,D,7/12/2017,73,Pool
7272017HBPoolD4,OTU160,GS,99.4,BOLD:ABY9321,Animalia,Arthropoda,Insecta,Lepidoptera,Erebidae,Apantesis,Apantesis phalerata,1150,7/27/2017,HickoryBottoms,D,7/12/2017,73,Pool
7272017HBPoolD4,OTU161,GS,100,BOLD:AAA8840,Animalia,Arthropoda,Insecta,Lepidoptera,Tortricidae,Pandemis,Pandemis lamprosana,705,7/27/2017,HickoryBottoms,D,7/12/2017,73,Pool
7272017HBPoolD4,OTU189,GS,100,BOLD:ABV2225,Animalia,Arthropoda,Insecta,Lepidoptera,Gracillariidae,Caloptilia,NA,120,7/27/2017,HickoryBottoms,D,7/12/2017,73,Pool
7272017HBPoolD4,OTU192,SS,0.12,BOLD:ACF9102,Animalia,Arthropoda,Insecta,Diptera,NA,NA,NA,258,7/27/2017,HickoryBottoms,D,7/12/2017,73,Pool
7272017HBPoolD4,OTU213,GS,100,BOLD:AAD4936,Animalia,Arthropoda,Insecta,Lepidoptera,Gracillariidae,Caloptilia,Caloptilia sassafrasella,502,7/27/2017,HickoryBottoms,D,7/12/2017,73,Pool
7272017HBPoolD4,OTU219,GS,100,BOLD:AAD1855,Animalia,Arthropoda,Insecta,Lepidoptera,Tortricidae,Episimus,Episimus tyrius,620,7/27/2017,HickoryBottoms,D,7/12/2017,73,Pool
7272017HBPoolD4,OTU223,GS,100,BOLD:ABZ0282,Animalia,Arthropoda,Insecta,Orthoptera,Trigonidiidae,Anaxipha,Anaxipha exigua,403,7/27/2017,HickoryBottoms,D,7/12/2017,73,Pool
7272017HBPoolD4,OTU230,GS,100,BOLD:AAG3850,Animalia,Arthropoda,Insecta,Diptera,Culicidae,Psorophora,Psorophora columbiae,131,7/27/2017,HickoryBottoms,D,7/12/2017,73,Pool
7272017HBPoolD4,OTU231,GS,100,BOLD:AAD2590,Animalia,Arthropoda,Insecta,Lepidoptera,Gracillariidae,Caloptilia,Caloptilia packardella,267,7/27/2017,HickoryBottoms,D,7/12/2017,73,Pool
7272017HBPoolD4,OTU235,GS,100,BOLD:AAG3918,Animalia,Arthropoda,Insecta,Diptera,Chironomidae,Procladius,NA,133,7/27/2017,HickoryBottoms,D,7/12/2017,73,Pool
7272017HBPoolD4,OTU239,GS,100,BOLD:ABW2526,Animalia,Arthropoda,Insecta,Diptera,Tabanidae,Tabanus,NA,183,7/27/2017,HickoryBottoms,D,7/12/2017,73,Pool
7272017HBPoolD4,OTU241,US,0.9963,BOLD:AAZ5765,Animalia,Arthropoda,Insecta,Coleoptera,NA,NA,NA,263,7/27/2017,HickoryBottoms,D,7/12/2017,73,Pool
7272017HBPoolD4,OTU254,GS,100,BOLD:AAG8977,Animalia,Arthropoda,Insecta,Hemiptera,Derbidae,Apache,Apache degeerii,162,7/27/2017,HickoryBottoms,D,7/12/2017,73,Pool
7272017HBPoolD4,OTU270,GS,100,BOLD:AAB6541,Animalia,Arthropoda,Insecta,Lepidoptera,Gelechiidae,Coleotechnites,Coleotechnites florae,162,7/27/2017,HickoryBottoms,D,7/12/2017,73,Pool
7272017HBPoolD4,OTU280,GS,99.4,BOLD:AAK1435,Animalia,Arthropoda,Insecta,Orthoptera,NA,NA,NA,379,7/27/2017,HickoryBottoms,D,7/12/2017,73,Pool
7272017HBPoolD4,OTU317,GS,99.4,BOLD:ACA8818,Animalia,Arthropoda,Insecta,Hemiptera,Derbidae,Patara,Patara vanduzeei,68,7/27/2017,HickoryBottoms,D,7/12/2017,73,Pool
7272017HBPoolD4,OTU336,GS,100,BOLD:ABZ4680,Animalia,Arthropoda,Insecta,Lepidoptera,Noctuidae,Lacinipolia,Lacinipolia renigera,142,7/27/2017,HickoryBottoms,D,7/12/2017,73,Pool
7272017HBPoolD4,OTU340,GS,100,BOLD:AAA6129,Animalia,Arthropoda,Insecta,Lepidoptera,NA,NA,NA,24,7/27/2017,HickoryBottoms,D,7/12/2017,73,Pool
7272017HBPoolD4,OTU354,SS,0.48,BOLD:AAM6278,Animalia,Arthropoda,Insecta,Diptera,NA,NA,NA,117,7/27/2017,HickoryBottoms,D,7/12/2017,73,Pool
7272017HBPoolD4,OTU363,GS,100,BOLD:AAB4093,Animalia,Arthropoda,Insecta,Lepidoptera,Noctuidae,Elaphria,Elaphria grata,785,7/27/2017,HickoryBottoms,D,7/12/2017,73,Pool
7272017HBPoolD4,OTU383,GS,100,BOLD:AAA1467,Animalia,Arthropoda,Insecta,Hymenoptera,Formicidae,Formica,Formica neogagates group,46,7/27/2017,HickoryBottoms,D,7/12/2017,73,Pool
7272017HBPoolD4,OTU431,US,0,BOLD:ABA5252,Animalia,Arthropoda,Insecta,Diptera,NA,NA,NA,13,7/27/2017,HickoryBottoms,D,7/12/2017,73,Pool
7272017HBPoolD4,OTU488,GS,100,BOLD:AAN8391,Animalia,Arthropoda,Insecta,Hemiptera,Clastopteridae,Clastoptera,NA,61,7/27/2017,HickoryBottoms,D,7/12/2017,73,Pool
7272017HBPoolD4,OTU490,GS,99.4,BOLD:AAA7232,Animalia,Arthropoda,Arachnida,Araneae,Lycosidae,Schizocosa,Schizocosa ocreata,55,7/27/2017,HickoryBottoms,D,7/12/2017,73,Pool
7272017HBPoolD4,OTU501,GS,100,BOLD:AAA8313,Animalia,Arthropoda,Insecta,Lepidoptera,Noctuidae,Athetis,Athetis tarda,5,7/27/2017,HickoryBottoms,D,7/12/2017,73,Pool
7272017HBPoolD4,OTU510,GS,100,BOLD:AAA8194,Animalia,Arthropoda,Insecta,Lepidoptera,Tortricidae,Epiblema,Epiblema strenuana,123,7/27/2017,HickoryBottoms,D,7/12/2017,73,Pool
7272017HBPoolD4,OTU516,US,1,BOLD:ACB3344,Animalia,Arthropoda,Insecta,Hymenoptera,NA,NA,NA,110,7/27/2017,HickoryBottoms,D,7/12/2017,73,Pool
7272017HBPoolD4,OTU543,GS,100,BOLD:AAA7928,Animalia,Arthropoda,Insecta,Lepidoptera,Blastobasidae,Blastobasis,Blastobasis taurusella,43,7/27/2017,HickoryBottoms,D,7/12/2017,73,Pool
7272017HBPoolD4,OTU557,GS,98.3,BOLD:AAO7609,Animalia,Arthropoda,Insecta,Diptera,NA,NA,NA,172,7/27/2017,HickoryBottoms,D,7/12/2017,73,Pool
7272017HBPoolD4,OTU582,US,0,BOLD:ACR2991,Animalia,Arthropoda,Insecta,Lepidoptera,NA,NA,NA,18,7/27/2017,HickoryBottoms,D,7/12/2017,73,Pool
7272017HBPoolD4,OTU591,GS,98.9,BOLD:AAG7407,Animalia,Arthropoda,Insecta,Orthoptera,Trigonidiidae,Allonemobius,Allonemobius fasciatus,543,7/27/2017,HickoryBottoms,D,7/12/2017,73,Pool
7272017HBPoolD4,OTU608,US,0.6809,BOLD:ABW8929,Animalia,Arthropoda,Maxillopoda,NA,NA,NA,NA,11,7/27/2017,HickoryBottoms,D,7/12/2017,73,Pool
7272017HBPoolD4,OTU609,GS,100,BOLD:AAG1032,Animalia,Arthropoda,Insecta,Lepidoptera,NA,NA,NA,259,7/27/2017,HickoryBottoms,D,7/12/2017,73,Pool
7272017HBPoolD4,OTU620,US,0,BOLD:AAZ7729,Animalia,Arthropoda,Arachnida,Araneae,NA,NA,NA,296,7/27/2017,HickoryBottoms,D,7/12/2017,73,Pool
7272017HBPoolD4,OTU627,US,0.9803,BOLD:ABW8929,Animalia,Arthropoda,Maxillopoda,Cyclopoida,NA,NA,NA,85,7/27/2017,HickoryBottoms,D,7/12/2017,73,Pool
7272017HBPoolD4,OTU667,GS,97.7,BOLD:ACW2548,Animalia,Arthropoda,Insecta,Diptera,NA,NA,NA,52,7/27/2017,HickoryBottoms,D,7/12/2017,73,Pool
7272017HBPoolD4,OTU699,GS,99.4,BOLD:ABW2433,Animalia,Arthropoda,Insecta,Diptera,Asilidae,NA,NA,282,7/27/2017,HickoryBottoms,D,7/12/2017,73,Pool
7272017HBPoolD4,OTU748,GS,100,BOLD:AAA1962,Animalia,Arthropoda,Insecta,Diptera,Sarcophagidae,Helicobia,Helicobia rapax,257,7/27/2017,HickoryBottoms,D,7/12/2017,73,Pool
7272017HBPoolD4,OTU786,SS,0.09,BOLD:AAM5298,Animalia,Arthropoda,Insecta,Lepidoptera,NA,NA,NA,179,7/27/2017,HickoryBottoms,D,7/12/2017,73,Pool
7272017HBPoolD4,OTU826,US,0.9916,BOLD:ACB1715,Animalia,Arthropoda,Insecta,Diptera,NA,NA,NA,139,7/27/2017,HickoryBottoms,D,7/12/2017,73,Pool
7272017HBPoolD4,OTU877,GS,100,BOLD:AAL9094,Animalia,Arthropoda,Arachnida,Araneae,Lycosidae,Trochosa,Trochosa sepulchralis,167,7/27/2017,HickoryBottoms,D,7/12/2017,73,Pool
7272017HBPoolD4,OTU933,GS,100,BOLD:AAD7817,Animalia,Arthropoda,Arachnida,Araneae,Salticidae,Zygoballus,Zygoballus rufipes,21,7/27/2017,HickoryBottoms,D,7/12/2017,73,Pool
7272017HBPoolD4,OTU985,US,0.9881,BOLD:AAD2869,Animalia,Arthropoda,Insecta,Lepidoptera,NA,NA,NA,96,7/27/2017,HickoryBottoms,D,7/12/2017,73,Pool
7272017HBPoolD4,OTU996,GS,100,BOLD:AAN5007,Animalia,Arthropoda,Arachnida,Araneae,Araneidae,Cyclosa,Cyclosa turbinata,61,7/27/2017,HickoryBottoms,D,7/12/2017,73,Pool
7272017HBPoolD4,OTU1029,GS,100,BOLD:ACE4783,Animalia,Arthropoda,Insecta,Lepidoptera,Noctuidae,Spodoptera,Spodoptera frugiperda,2,7/27/2017,HickoryBottoms,D,7/12/2017,73,Pool
7272017HBPoolD4,OTU1047,GS,99.4,BOLD:ACC8989,Animalia,Arthropoda,Insecta,Lepidoptera,Batrachedridae,Batrachedra,NA,1,7/27/2017,HickoryBottoms,D,7/12/2017,73,Pool
7272017HBPoolD4,OTU1097,GS,97.2,BOLD:AAN5451,Animalia,Arthropoda,Arachnida,Araneae,Araneidae,Eustala,NA,68,7/27/2017,HickoryBottoms,D,7/12/2017,73,Pool
7272017HBPoolD4,OTU1116,SS,0.5,BOLD:ABZ0908,Animalia,Arthropoda,Insecta,Diptera,NA,NA,NA,26,7/27/2017,HickoryBottoms,D,7/12/2017,73,Pool
7272017HBPoolD4,OTU1148,US,0.1935,None,Animalia,Arthropoda,Insecta,Coleoptera,NA,NA,NA,108,7/27/2017,HickoryBottoms,D,7/12/2017,73,Pool
7272017HBPoolD4,OTU1172,SS,0.83,BOLD:AAD6926,Animalia,Arthropoda,Arachnida,Araneae,Anyphaenidae,Anyphaena,Anyphaena pectorosa,1,7/27/2017,HickoryBottoms,D,7/12/2017,73,Pool
7272017HBPoolD4,OTU1210,GS,97.2,BOLD:AAF4632,Animalia,Arthropoda,Insecta,Diptera,Limoniidae,Epiphragma,Epiphragma solatrix,19,7/27/2017,HickoryBottoms,D,7/12/2017,73,Pool
7272017HBPoolD4,OTU1258,GS,100,BOLD:AAP5530,Animalia,Arthropoda,Insecta,Lepidoptera,Gelechiidae,Gelechia,Gelechia albisparsella,3,7/27/2017,HickoryBottoms,D,7/12/2017,73,Pool
7272017HBPoolD4,OTU1265,SS,0.83,BOLD:AAF4632,Animalia,Arthropoda,Insecta,Diptera,Limoniidae,Epiphragma,Epiphragma solatrix,6,7/27/2017,HickoryBottoms,D,7/12/2017,73,Pool
7272017HBPoolD4,OTU1317,SS,0.01,BOLD:AAN5451,Animalia,Arthropoda,Arachnida,Araneae,Araneidae,Eustala,NA,3,7/27/2017,HickoryBottoms,D,7/12/2017,73,Pool
7272017HBPoolD4,OTU1350,GS,97.2,BOLD:AAA7067,Animalia,Arthropoda,Insecta,Diptera,Culicidae,Aedes,Aedes vexans,22,7/27/2017,HickoryBottoms,D,7/12/2017,73,Pool
7272017HBPoolD4,OTU1351,SS,0.94,BOLD:AAB7030,Animalia,Arthropoda,Insecta,Diptera,Chironomidae,Chironomus,Chironomus decorus,108,7/27/2017,HickoryBottoms,D,7/12/2017,73,Pool
7272017HBPoolD4,OTU1403,SS,0.36,BOLD:ACV0130,Animalia,Arthropoda,Insecta,Diptera,NA,NA,NA,2,7/27/2017,HickoryBottoms,D,7/12/2017,73,Pool
7272017HBPoolD4,OTU1412,US,0.9936,BOLD:ADD1431,Animalia,Arthropoda,Insecta,Diptera,NA,NA,NA,454,7/27/2017,HickoryBottoms,D,7/12/2017,73,Pool
7272017HBPoolD4,OTU1434,GS,97.6,BOLD:AAA7067,Animalia,Arthropoda,Insecta,Diptera,Culicidae,Aedes,Aedes vexans,2,7/27/2017,HickoryBottoms,D,7/12/2017,73,Pool
7272017HBPoolD4,OTU1472,GS,98.9,BOLD:AAA2868,Animalia,Arthropoda,Insecta,Lepidoptera,Erebidae,Chytolita,Chytolita morbidalis,3,7/27/2017,HickoryBottoms,D,7/12/2017,73,Pool
7272017HBPoolD4,OTU1502,GS,100,BOLD:AAA7880,Animalia,Arthropoda,Insecta,Lepidoptera,Crambidae,Nomophila,Nomophila noctuella,2,7/27/2017,HickoryBottoms,D,7/12/2017,73,Pool
7272017HBPoolD4,OTU1554,SS,0.92,BOLD:AAP2734,Animalia,Arthropoda,Insecta,Diptera,Limoniidae,Erioptera,Erioptera parva,37,7/27/2017,HickoryBottoms,D,7/12/2017,73,Pool
7272017HBPoolD4,OTU1724,US,0.8732,BOLD:ABW0552,Animalia,Arthropoda,Insecta,Lepidoptera,NA,NA,NA,1,7/27/2017,HickoryBottoms,D,7/12/2017,73,Pool
7272017HBPoolD4,OTU1857,GS,98.9,BOLD:AAB6018,Animalia,Arthropoda,Insecta,Lepidoptera,Noctuidae,Elaphria,Elaphria chalcedonia,3,7/27/2017,HickoryBottoms,D,7/12/2017,73,Pool
7272017HBPoolD4,OTU1869,SS,0.67,BOLD:AAF4632,Animalia,Arthropoda,Insecta,Diptera,NA,NA,NA,1,7/27/2017,HickoryBottoms,D,7/12/2017,73,Pool
7272017HBPoolD4,OTU1878,SS,0.78,BOLD:ABW4215,Animalia,Arthropoda,Insecta,Diptera,NA,NA,NA,4,7/27/2017,HickoryBottoms,D,7/12/2017,73,Pool
7272017HBPoolD4,OTU1896,US,0.9201,BOLD:AAA0693,Animalia,Arthropoda,Insecta,Lepidoptera,NA,NA,NA,2,7/27/2017,HickoryBottoms,D,7/12/2017,73,Pool
7272017HBPoolD4,OTU1920,GS,98.9,BOLD:ABZ1624,Animalia,Arthropoda,Insecta,Lepidoptera,Depressariidae,Machimia,Machimia tentoriferella,1,7/27/2017,HickoryBottoms,D,7/12/2017,73,Pool
91517HBPoolD1,OTU2,GS,100,BOLD:AAH3225,Animalia,Arthropoda,Insecta,Psocodea,Psocidae,Metylophorus,Metylophorus novaescotiae,1313,9/15/2017,HickoryBottoms,D,9/14/2017,154,Pool
91517HBPoolD1,OTU3,GS,100,BOLD:AAP2734,Animalia,Arthropoda,Insecta,Diptera,Limoniidae,Erioptera,Erioptera parva,1526,9/15/2017,HickoryBottoms,D,9/14/2017,154,Pool
91517HBPoolD1,OTU4,GS,100,BOLD:AAN5882,Animalia,Arthropoda,Insecta,Diptera,Limoniidae,Erioptera,Erioptera caliptera,1384,9/15/2017,HickoryBottoms,D,9/14/2017,154,Pool
91517HBPoolD1,OTU5,GS,99.4,BOLD:AAN5451,Animalia,Arthropoda,Arachnida,Araneae,Araneidae,Eustala,NA,1656,9/15/2017,HickoryBottoms,D,9/14/2017,154,Pool
91517HBPoolD1,OTU9,US,0.7924,BOLD:AAG8502,Animalia,Arthropoda,Insecta,NA,NA,NA,NA,571,9/15/2017,HickoryBottoms,D,9/14/2017,154,Pool
91517HBPoolD1,OTU15,GS,100,BOLD:ABZ0908,Animalia,Arthropoda,Insecta,Diptera,Tipulidae,Nephrotoma,Nephrotoma ferruginea,3982,9/15/2017,HickoryBottoms,D,9/14/2017,154,Pool
91517HBPoolD1,OTU26,GS,98.8,BOLD:ACM8443,Animalia,Arthropoda,Insecta,Diptera,Tabanidae,Hybomitra,Hybomitra epistates,56,9/15/2017,HickoryBottoms,D,9/14/2017,154,Pool
91517HBPoolD1,OTU38,GS,99.4,BOLD:AAB4070,Animalia,Arthropoda,Insecta,Lepidoptera,Tortricidae,Gymnandrosoma,Gymnandrosoma punctidiscanum,1219,9/15/2017,HickoryBottoms,D,9/14/2017,154,Pool
91517HBPoolD1,OTU52,GS,100,BOLD:AAG4399,Animalia,Arthropoda,Insecta,Hemiptera,Flatidae,Metcalfa,Metcalfa pruinosa,134,9/15/2017,HickoryBottoms,D,9/14/2017,154,Pool
91517HBPoolD1,OTU54,GS,99.4,BOLD:ABA5202,Animalia,Arthropoda,Insecta,Diptera,Limoniidae,Pseudolimnophila,Pseudolimnophila luteipennis,574,9/15/2017,HickoryBottoms,D,9/14/2017,154,Pool
91517HBPoolD1,OTU55,GS,100,BOLD:AAF9006,Animalia,Arthropoda,Insecta,Diptera,NA,NA,NA,55,9/15/2017,HickoryBottoms,D,9/14/2017,154,Pool
91517HBPoolD1,OTU62,GS,100,BOLD:ACX8671,Animalia,Arthropoda,Insecta,Coleoptera,Elateridae,Melanotus,Melanotus miscellus,132,9/15/2017,HickoryBottoms,D,9/14/2017,154,Pool
91517HBPoolD1,OTU67,GS,100,BOLD:AAO3948,Animalia,Arthropoda,Insecta,Diptera,Tipulidae,Nephrotoma,Nephrotoma macrocera,1059,9/15/2017,HickoryBottoms,D,9/14/2017,154,Pool
91517HBPoolD1,OTU72,US,0.9963,BOLD:ACO3874,Animalia,Arthropoda,Insecta,Coleoptera,NA,NA,NA,247,9/15/2017,HickoryBottoms,D,9/14/2017,154,Pool
91517HBPoolD1,OTU73,GS,100,BOLD:AAD6926,Animalia,Arthropoda,Arachnida,Araneae,Anyphaenidae,Anyphaena,Anyphaena pectorosa,164,9/15/2017,HickoryBottoms,D,9/14/2017,154,Pool
91517HBPoolD1,OTU91,GS,99.4,BOLD:AAU8053,Animalia,Arthropoda,Malacostraca,Isopoda,Armadillidiidae,Armadillidium,Armadillidium nasatum,4215,9/15/2017,HickoryBottoms,D,9/14/2017,154,Pool
91517HBPoolD1,OTU115,GS,100,BOLD:AAA4942,Animalia,Arthropoda,Arachnida,Araneae,Tetragnathidae,Tetragnatha,Tetragnatha elongata,37,9/15/2017,HickoryBottoms,D,9/14/2017,154,Pool
91517HBPoolD1,OTU121,US,0.9936,BOLD:AAN9897,Animalia,Arthropoda,Insecta,Lepidoptera,NA,NA,NA,79,9/15/2017,HickoryBottoms,D,9/14/2017,154,Pool
91517HBPoolD1,OTU123,GS,99.4,BOLD:AAM8787,Animalia,Arthropoda,Insecta,Lepidoptera,Gelechiidae,Dichomeris,Dichomeris laetitia,147,9/15/2017,HickoryBottoms,D,9/14/2017,154,Pool
91517HBPoolD1,OTU136,GS,100,BOLD:AAJ2208,Animalia,Arthropoda,Insecta,Diptera,Limoniidae,Limonia,Limonia immatura,57,9/15/2017,HickoryBottoms,D,9/14/2017,154,Pool
91517HBPoolD1,OTU141,GS,100,BOLD:ABX6186,Animalia,Arthropoda,Insecta,Diptera,Tipulidae,Nephrotoma,Nephrotoma ferruginea,25,9/15/2017,HickoryBottoms,D,9/14/2017,154,Pool
91517HBPoolD1,OTU146,GS,99.4,BOLD:ABV9238,Animalia,Arthropoda,Insecta,Diptera,Limoniidae,Gonomyia,NA,37,9/15/2017,HickoryBottoms,D,9/14/2017,154,Pool
91517HBPoolD1,OTU180,GS,100,BOLD:AAM8933,Animalia,Arthropoda,Insecta,Psocodea,Amphipsocidae,Polypsocus,Polypsocus corruptus,9,9/15/2017,HickoryBottoms,D,9/14/2017,154,Pool
91517HBPoolD1,OTU197,GS,100,BOLD:AAN6380,Animalia,Arthropoda,Arachnida,Araneae,Araneidae,Neoscona,NA,24,9/15/2017,HickoryBottoms,D,9/14/2017,154,Pool
91517HBPoolD1,OTU201,GS,100,BOLD:AAG0906,Animalia,Arthropoda,Insecta,Neuroptera,Hemerobiidae,Micromus,Micromus posticus,68,9/15/2017,HickoryBottoms,D,9/14/2017,154,Pool
91517HBPoolD1,OTU202,US,0.9967,BOLD:ACF8271,Animalia,Arthropoda,Insecta,Hymenoptera,NA,NA,NA,20,9/15/2017,HickoryBottoms,D,9/14/2017,154,Pool
91517HBPoolD1,OTU235,GS,100,BOLD:AAG3918,Animalia,Arthropoda,Insecta,Diptera,Chironomidae,Procladius,NA,67,9/15/2017,HickoryBottoms,D,9/14/2017,154,Pool
91517HBPoolD1,OTU237,GS,100,BOLD:AAA4885,Animalia,Arthropoda,Insecta,Lepidoptera,Geometridae,Macaria,Macaria aemulataria,18,9/15/2017,HickoryBottoms,D,9/14/2017,154,Pool
91517HBPoolD1,OTU239,GS,100,BOLD:ABW2526,Animalia,Arthropoda,Insecta,Diptera,Tabanidae,Tabanus,NA,66,9/15/2017,HickoryBottoms,D,9/14/2017,154,Pool
91517HBPoolD1,OTU244,GS,100,BOLD:AAB1096,Animalia,Arthropoda,Insecta,Lepidoptera,Blastobasidae,Blastobasis,Blastobasis glandulella,15,9/15/2017,HickoryBottoms,D,9/14/2017,154,Pool
91517HBPoolD1,OTU252,GS,100,BOLD:AAC6739,Animalia,Arthropoda,Insecta,Lepidoptera,Coleophoridae,Coleophora,Coleophora borea,99,9/15/2017,HickoryBottoms,D,9/14/2017,154,Pool
91517HBPoolD1,OTU270,GS,100,BOLD:AAB6541,Animalia,Arthropoda,Insecta,Lepidoptera,Gelechiidae,Coleotechnites,Coleotechnites florae,14,9/15/2017,HickoryBottoms,D,9/14/2017,154,Pool
91517HBPoolD1,OTU271,GS,98.9,BOLD:ABX3627,Animalia,Arthropoda,Insecta,Diptera,Limoniidae,NA,NA,48,9/15/2017,HickoryBottoms,D,9/14/2017,154,Pool
91517HBPoolD1,OTU293,GS,100,BOLD:AAU4100,Animalia,Arthropoda,Insecta,Lepidoptera,Gracillariidae,Cameraria,Cameraria hamadryadella,7,9/15/2017,HickoryBottoms,D,9/14/2017,154,Pool
91517HBPoolD1,OTU373,GS,98.9,BOLD:AAG8953,Animalia,Arthropoda,Insecta,Hemiptera,Cicadellidae,Gyponana,Gyponana amara,42,9/15/2017,HickoryBottoms,D,9/14/2017,154,Pool
91517HBPoolD1,OTU396,SS,0.98,BOLD:AAP2734,Animalia,Arthropoda,Insecta,Diptera,Limoniidae,Erioptera,Erioptera parva,70,9/15/2017,HickoryBottoms,D,9/14/2017,154,Pool
91517HBPoolD1,OTU407,GS,99.4,BOLD:AAK8831,Animalia,Arthropoda,Insecta,Diptera,Limoniidae,Metalimnobia,Metalimnobia cinctipes,125,9/15/2017,HickoryBottoms,D,9/14/2017,154,Pool
91517HBPoolD1,OTU408,GS,100,BOLD:AAA2955,Animalia,Arthropoda,Insecta,Lepidoptera,Tortricidae,Argyrotaenia,Argyrotaenia ljungiana,19,9/15/2017,HickoryBottoms,D,9/14/2017,154,Pool
91517HBPoolD1,OTU418,US,0,None,Animalia,Arthropoda,Insecta,Lepidoptera,NA,NA,NA,148,9/15/2017,HickoryBottoms,D,9/14/2017,154,Pool
91517HBPoolD1,OTU428,US,0,None,Animalia,Arthropoda,Arachnida,Mesostigmata,NA,NA,NA,140,9/15/2017,HickoryBottoms,D,9/14/2017,154,Pool
91517HBPoolD1,OTU481,GS,100,BOLD:AAG0004,Animalia,Arthropoda,Insecta,Lepidoptera,Gelechiidae,Sinoe,Sinoe kwakae,28,9/15/2017,HickoryBottoms,D,9/14/2017,154,Pool
91517HBPoolD1,OTU530,GS,100,BOLD:ABX6784,Animalia,Arthropoda,Insecta,Lepidoptera,NA,NA,NA,13,9/15/2017,HickoryBottoms,D,9/14/2017,154,Pool
91517HBPoolD1,OTU547,GS,97.8,BOLD:ACU9882,Animalia,Arthropoda,Insecta,Diptera,Cecidomyiidae,NA,NA,256,9/15/2017,HickoryBottoms,D,9/14/2017,154,Pool
91517HBPoolD1,OTU576,GS,100,BOLD:AAA5192,Animalia,Arthropoda,Insecta,Lepidoptera,Tortricidae,Platynota,Platynota idaeusalis,24,9/15/2017,HickoryBottoms,D,9/14/2017,154,Pool
91517HBPoolD1,OTU580,GS,98.3,BOLD:ABZ0908,Animalia,Arthropoda,Insecta,Diptera,Tipulidae,Nephrotoma,Nephrotoma ferruginea,165,9/15/2017,HickoryBottoms,D,9/14/2017,154,Pool
91517HBPoolD1,OTU609,GS,100,BOLD:AAG1032,Animalia,Arthropoda,Insecta,Lepidoptera,NA,NA,NA,2,9/15/2017,HickoryBottoms,D,9/14/2017,154,Pool
91517HBPoolD1,OTU641,GS,100,BOLD:AAB4894,Animalia,Arthropoda,Insecta,Hemiptera,Aphididae,Sitobion,Sitobion avenae,14,9/15/2017,HickoryBottoms,D,9/14/2017,154,Pool
91517HBPoolD1,OTU645,GS,100,BOLD:AAG8824,Animalia,Arthropoda,Insecta,Hemiptera,Miridae,Hyaliodes,Hyaliodes harti,45,9/15/2017,HickoryBottoms,D,9/14/2017,154,Pool
91517HBPoolD1,OTU667,GS,97.7,BOLD:ACW2548,Animalia,Arthropoda,Insecta,Diptera,NA,NA,NA,90,9/15/2017,HickoryBottoms,D,9/14/2017,154,Pool
91517HBPoolD1,OTU686,US,0.9919,BOLD:ACT2785,Animalia,Arthropoda,Insecta,Hymenoptera,NA,NA,NA,1,9/15/2017,HickoryBottoms,D,9/14/2017,154,Pool
91517HBPoolD1,OTU715,SS,0.71,BOLD:ABZ0908,Animalia,Arthropoda,Insecta,Diptera,NA,NA,NA,265,9/15/2017,HickoryBottoms,D,9/14/2017,154,Pool
91517HBPoolD1,OTU735,GS,99.4,BOLD:AAJ7964,Animalia,Arthropoda,Arachnida,Araneae,Araneidae,Araneus,Araneus thaddeus,18,9/15/2017,HickoryBottoms,D,9/14/2017,154,Pool
91517HBPoolD1,OTU747,GS,98.9,BOLD:ACF0251,Animalia,Arthropoda,Insecta,Hemiptera,Aphididae,Nearctaphis,Nearctaphis clydesmithi,66,9/15/2017,HickoryBottoms,D,9/14/2017,154,Pool
91517HBPoolD1,OTU780,GS,100,BOLD:AAF2475,Animalia,Arthropoda,Insecta,Lepidoptera,Autostichidae,Sceptea,Sceptea aequepulvella,49,9/15/2017,HickoryBottoms,D,9/14/2017,154,Pool
91517HBPoolD1,OTU845,GS,100,BOLD:ACA8954,Animalia,Arthropoda,Insecta,Hemiptera,Derbidae,Omolicna,Omolicna uhleri,8,9/15/2017,HickoryBottoms,D,9/14/2017,154,Pool
91517HBPoolD1,OTU864,GS,100,BOLD:AAA4555,Animalia,Arthropoda,Insecta,Orthoptera,Acrididae,Melanoplus,Melanoplus bivittatus,72,9/15/2017,HickoryBottoms,D,9/14/2017,154,Pool
91517HBPoolD1,OTU925,SS,0.14,BOLD:AAV3966,Animalia,Arthropoda,Insecta,Diptera,NA,NA,NA,56,9/15/2017,HickoryBottoms,D,9/14/2017,154,Pool
91517HBPoolD1,OTU1047,GS,99.4,BOLD:ACC8989,Animalia,Arthropoda,Insecta,Lepidoptera,Batrachedridae,Batrachedra,NA,1,9/15/2017,HickoryBottoms,D,9/14/2017,154,Pool
91517HBPoolD1,OTU1072,SS,0.54,BOLD:ABV9238,Animalia,Arthropoda,Insecta,Diptera,NA,NA,NA,9,9/15/2017,HickoryBottoms,D,9/14/2017,154,Pool
91517HBPoolD1,OTU1073,GS,100,BOLD:AAC6457,Animalia,Arthropoda,Arachnida,Araneae,Linyphiidae,Pityohyphantes,Pityohyphantes costatus,46,9/15/2017,HickoryBottoms,D,9/14/2017,154,Pool
91517HBPoolD1,OTU1090,GS,97.2,BOLD:ABX3627,Animalia,Arthropoda,Insecta,Diptera,Limoniidae,NA,NA,5,9/15/2017,HickoryBottoms,D,9/14/2017,154,Pool
91517HBPoolD1,OTU1097,GS,97.2,BOLD:AAN5451,Animalia,Arthropoda,Arachnida,Araneae,Araneidae,Eustala,NA,64,9/15/2017,HickoryBottoms,D,9/14/2017,154,Pool
91517HBPoolD1,OTU1116,SS,0.5,BOLD:ABZ0908,Animalia,Arthropoda,Insecta,Diptera,NA,NA,NA,18,9/15/2017,HickoryBottoms,D,9/14/2017,154,Pool
91517HBPoolD1,OTU1138,US,0,BOLD:ACF8271,Animalia,Arthropoda,Insecta,Hymenoptera,NA,NA,NA,16,9/15/2017,HickoryBottoms,D,9/14/2017,154,Pool
91517HBPoolD1,OTU1145,GS,100,BOLD:AAA2229,Animalia,Arthropoda,Insecta,Lepidoptera,Erebidae,Idia,Idia concisa,75,9/15/2017,HickoryBottoms,D,9/14/2017,154,Pool
91517HBPoolD1,OTU1172,SS,0.83,BOLD:AAD6926,Animalia,Arthropoda,Arachnida,Araneae,Anyphaenidae,Anyphaena,Anyphaena pectorosa,1,9/15/2017,HickoryBottoms,D,9/14/2017,154,Pool
91517HBPoolD1,OTU1292,GS,97.8,BOLD:AAN5882,Animalia,Arthropoda,Insecta,Diptera,Limoniidae,Erioptera,Erioptera caliptera,10,9/15/2017,HickoryBottoms,D,9/14/2017,154,Pool
91517HBPoolD1,OTU1303,GS,98.9,BOLD:ABW4450,Animalia,Arthropoda,Insecta,Diptera,NA,NA,NA,14,9/15/2017,HickoryBottoms,D,9/14/2017,154,Pool
91517HBPoolD1,OTU1317,SS,0.01,BOLD:AAN5451,Animalia,Arthropoda,Arachnida,Araneae,Araneidae,Eustala,NA,6,9/15/2017,HickoryBottoms,D,9/14/2017,154,Pool
91517HBPoolD1,OTU1322,GS,100,BOLD:ACQ8867,Animalia,Arthropoda,Arachnida,Trombidiformes,Tydeidae,Microtydeus,NA,47,9/15/2017,HickoryBottoms,D,9/14/2017,154,Pool
91517HBPoolD1,OTU1353,SS,0.11,BOLD:ABU9995,Animalia,Arthropoda,Insecta,Diptera,NA,NA,NA,6,9/15/2017,HickoryBottoms,D,9/14/2017,154,Pool
91517HBPoolD1,OTU1403,SS,0.36,BOLD:ACV0130,Animalia,Arthropoda,Insecta,Diptera,NA,NA,NA,2,9/15/2017,HickoryBottoms,D,9/14/2017,154,Pool
91517HBPoolD1,OTU1471,GS,100,BOLD:ACU8469,Animalia,Arthropoda,Insecta,Hemiptera,Aphididae,Hyalomyzus,NA,14,9/15/2017,HickoryBottoms,D,9/14/2017,154,Pool
91517HBPoolD1,OTU1477,GS,100,BOLD:AAG0162,Animalia,Arthropoda,Insecta,Diptera,Milichiidae,Milichiella,Milichiella arcuata,34,9/15/2017,HickoryBottoms,D,9/14/2017,154,Pool
91517HBPoolD1,OTU1480,US,0.9249,BOLD:AAN5882,Animalia,Arthropoda,Insecta,Diptera,NA,NA,NA,3,9/15/2017,HickoryBottoms,D,9/14/2017,154,Pool
91517HBPoolD1,OTU1491,US,0,None,Animalia,Arthropoda,Arachnida,Araneae,NA,NA,NA,58,9/15/2017,HickoryBottoms,D,9/14/2017,154,Pool
91517HBPoolD1,OTU1504,SS,0.08,BOLD:ACB5181,Animalia,Arthropoda,Insecta,Diptera,NA,NA,NA,14,9/15/2017,HickoryBottoms,D,9/14/2017,154,Pool
91517HBPoolD1,OTU1506,SS,0.23,BOLD:ACJ1478,Animalia,Arthropoda,Insecta,Hymenoptera,NA,NA,NA,21,9/15/2017,HickoryBottoms,D,9/14/2017,154,Pool
91517HBPoolD1,OTU1513,GS,97.8,BOLD:ACL2801,Animalia,Arthropoda,Insecta,Diptera,Tipulidae,Nephrotoma,Nephrotoma macrocera,71,9/15/2017,HickoryBottoms,D,9/14/2017,154,Pool
91517HBPoolD1,OTU1518,US,0.0788,BOLD:AAZ4419,Animalia,Arthropoda,Insecta,Trichoptera,NA,NA,NA,25,9/15/2017,HickoryBottoms,D,9/14/2017,154,Pool
91517HBPoolD1,OTU1524,SS,0.4,BOLD:AAB4070,Animalia,Arthropoda,Insecta,Lepidoptera,NA,NA,NA,16,9/15/2017,HickoryBottoms,D,9/14/2017,154,Pool
91517HBPoolD1,OTU1554,SS,0.92,BOLD:AAP2734,Animalia,Arthropoda,Insecta,Diptera,Limoniidae,Erioptera,Erioptera parva,61,9/15/2017,HickoryBottoms,D,9/14/2017,154,Pool
91517HBPoolD1,OTU1561,GS,99.4,BOLD:ACI9865,Animalia,Arthropoda,Insecta,Diptera,Tachinidae,Lixophaga,NA,8,9/15/2017,HickoryBottoms,D,9/14/2017,154,Pool
91517HBPoolD1,OTU1576,GS,97.8,BOLD:AAN5881,Animalia,Arthropoda,Insecta,Diptera,Limoniidae,NA,NA,5,9/15/2017,HickoryBottoms,D,9/14/2017,154,Pool
91517HBPoolD1,OTU1627,US,1,None,Animalia,Arthropoda,Insecta,Diptera,NA,NA,NA,7,9/15/2017,HickoryBottoms,D,9/14/2017,154,Pool
91517HBPoolD1,OTU1683,SS,0.84,BOLD:AAF4632,Animalia,Arthropoda,Insecta,Diptera,Limoniidae,Epiphragma,Epiphragma solatrix,28,9/15/2017,HickoryBottoms,D,9/14/2017,154,Pool
91517HBPoolD1,OTU1714,SS,0.8,BOLD:ABX6186,Animalia,Arthropoda,Insecta,Diptera,Tipulidae,Nephrotoma,Nephrotoma ferruginea,2,9/15/2017,HickoryBottoms,D,9/14/2017,154,Pool
91517HBPoolD1,OTU1728,US,0,None,Animalia,Arthropoda,Arachnida,Mesostigmata,NA,NA,NA,17,9/15/2017,HickoryBottoms,D,9/14/2017,154,Pool
91517HBPoolD1,OTU1736,SS,0.78,BOLD:ACI9955,Animalia,Arthropoda,Insecta,Hymenoptera,NA,NA,NA,25,9/15/2017,HickoryBottoms,D,9/14/2017,154,Pool
91517HBPoolD1,OTU1748,SS,0.6,BOLD:ACF8409,Animalia,Arthropoda,Insecta,Diptera,NA,NA,NA,3,9/15/2017,HickoryBottoms,D,9/14/2017,154,Pool
91517HBPoolD1,OTU1797,SS,0.63,BOLD:ABX6186,Animalia,Arthropoda,Insecta,Diptera,NA,NA,NA,1,9/15/2017,HickoryBottoms,D,9/14/2017,154,Pool
91517HBPoolD1,OTU1896,US,0.9201,BOLD:AAA0693,Animalia,Arthropoda,Insecta,Lepidoptera,NA,NA,NA,1,9/15/2017,HickoryBottoms,D,9/14/2017,154,Pool
91517HBPoolD1,OTU1911,SS,0.65,BOLD:AAN5879,Animalia,Arthropoda,Insecta,Diptera,NA,NA,NA,1,9/15/2017,HickoryBottoms,D,9/14/2017,154,Pool
91517HBPoolD2,OTU1,US,0.0026,BOLD:AAD6798,Animalia,Arthropoda,Insecta,Diptera,NA,NA,NA,152,9/15/2017,HickoryBottoms,D,9/14/2017,154,Pool
91517HBPoolD2,OTU2,GS,100,BOLD:AAH3225,Animalia,Arthropoda,Insecta,Psocodea,Psocidae,Metylophorus,Metylophorus novaescotiae,2088,9/15/2017,HickoryBottoms,D,9/14/2017,154,Pool
91517HBPoolD2,OTU3,GS,100,BOLD:AAP2734,Animalia,Arthropoda,Insecta,Diptera,Limoniidae,Erioptera,Erioptera parva,2303,9/15/2017,HickoryBottoms,D,9/14/2017,154,Pool
91517HBPoolD2,OTU4,GS,100,BOLD:AAN5882,Animalia,Arthropoda,Insecta,Diptera,Limoniidae,Erioptera,Erioptera caliptera,1416,9/15/2017,HickoryBottoms,D,9/14/2017,154,Pool
91517HBPoolD2,OTU5,GS,99.4,BOLD:AAN5451,Animalia,Arthropoda,Arachnida,Araneae,Araneidae,Eustala,NA,2436,9/15/2017,HickoryBottoms,D,9/14/2017,154,Pool
91517HBPoolD2,OTU9,US,0.7924,BOLD:AAG8502,Animalia,Arthropoda,Insecta,NA,NA,NA,NA,393,9/15/2017,HickoryBottoms,D,9/14/2017,154,Pool
91517HBPoolD2,OTU15,GS,100,BOLD:ABZ0908,Animalia,Arthropoda,Insecta,Diptera,Tipulidae,Nephrotoma,Nephrotoma ferruginea,4708,9/15/2017,HickoryBottoms,D,9/14/2017,154,Pool
91517HBPoolD2,OTU38,GS,99.4,BOLD:AAB4070,Animalia,Arthropoda,Insecta,Lepidoptera,Tortricidae,Gymnandrosoma,Gymnandrosoma punctidiscanum,2595,9/15/2017,HickoryBottoms,D,9/14/2017,154,Pool
91517HBPoolD2,OTU47,GS,100,BOLD:AAN5881,Animalia,Arthropoda,Insecta,Diptera,Limoniidae,NA,NA,450,9/15/2017,HickoryBottoms,D,9/14/2017,154,Pool
91517HBPoolD2,OTU52,GS,100,BOLD:AAG4399,Animalia,Arthropoda,Insecta,Hemiptera,Flatidae,Metcalfa,Metcalfa pruinosa,182,9/15/2017,HickoryBottoms,D,9/14/2017,154,Pool
91517HBPoolD2,OTU54,GS,99.4,BOLD:ABA5202,Animalia,Arthropoda,Insecta,Diptera,Limoniidae,Pseudolimnophila,Pseudolimnophila luteipennis,807,9/15/2017,HickoryBottoms,D,9/14/2017,154,Pool
91517HBPoolD2,OTU62,GS,100,BOLD:ACX8671,Animalia,Arthropoda,Insecta,Coleoptera,Elateridae,Melanotus,Melanotus miscellus,106,9/15/2017,HickoryBottoms,D,9/14/2017,154,Pool
91517HBPoolD2,OTU67,GS,100,BOLD:AAO3948,Animalia,Arthropoda,Insecta,Diptera,Tipulidae,Nephrotoma,Nephrotoma macrocera,1635,9/15/2017,HickoryBottoms,D,9/14/2017,154,Pool
91517HBPoolD2,OTU72,US,0.9963,BOLD:ACO3874,Animalia,Arthropoda,Insecta,Coleoptera,NA,NA,NA,180,9/15/2017,HickoryBottoms,D,9/14/2017,154,Pool
91517HBPoolD2,OTU91,GS,99.4,BOLD:AAU8053,Animalia,Arthropoda,Malacostraca,Isopoda,Armadillidiidae,Armadillidium,Armadillidium nasatum,3012,9/15/2017,HickoryBottoms,D,9/14/2017,154,Pool
91517HBPoolD2,OTU93,GS,99.4,BOLD:AAM4329,Animalia,Arthropoda,Insecta,Hemiptera,Cimicidae,Cimex,Cimex adjunctus,155,9/15/2017,HickoryBottoms,D,9/14/2017,154,Pool
91517HBPoolD2,OTU121,US,0.9936,BOLD:AAN9897,Animalia,Arthropoda,Insecta,Lepidoptera,NA,NA,NA,172,9/15/2017,HickoryBottoms,D,9/14/2017,154,Pool
91517HBPoolD2,OTU123,GS,99.4,BOLD:AAM8787,Animalia,Arthropoda,Insecta,Lepidoptera,Gelechiidae,Dichomeris,Dichomeris laetitia,276,9/15/2017,HickoryBottoms,D,9/14/2017,154,Pool
91517HBPoolD2,OTU136,GS,100,BOLD:AAJ2208,Animalia,Arthropoda,Insecta,Diptera,Limoniidae,Limonia,Limonia immatura,159,9/15/2017,HickoryBottoms,D,9/14/2017,154,Pool
91517HBPoolD2,OTU146,GS,99.4,BOLD:ABV9238,Animalia,Arthropoda,Insecta,Diptera,Limoniidae,Gonomyia,NA,49,9/15/2017,HickoryBottoms,D,9/14/2017,154,Pool
91517HBPoolD2,OTU147,GS,100,BOLD:AAA4056,Animalia,Arthropoda,Insecta,Lepidoptera,Geometridae,Hypagyrtis,Hypagyrtis piniata,47,9/15/2017,HickoryBottoms,D,9/14/2017,154,Pool
91517HBPoolD2,OTU157,US,0,BOLD:ACJ3184,Animalia,Arthropoda,Insecta,Hymenoptera,NA,NA,NA,9,9/15/2017,HickoryBottoms,D,9/14/2017,154,Pool
91517HBPoolD2,OTU161,GS,100,BOLD:AAA8840,Animalia,Arthropoda,Insecta,Lepidoptera,Tortricidae,Pandemis,Pandemis lamprosana,25,9/15/2017,HickoryBottoms,D,9/14/2017,154,Pool
91517HBPoolD2,OTU172,GS,99.4,BOLD:AAA8563,Animalia,Arthropoda,Insecta,Lepidoptera,Erebidae,Parallelia,Parallelia bistriaris,36,9/15/2017,HickoryBottoms,D,9/14/2017,154,Pool
91517HBPoolD2,OTU180,GS,100,BOLD:AAM8933,Animalia,Arthropoda,Insecta,Psocodea,Amphipsocidae,Polypsocus,Polypsocus corruptus,114,9/15/2017,HickoryBottoms,D,9/14/2017,154,Pool
91517HBPoolD2,OTU195,GS,100,BOLD:ABW4424,Animalia,Arthropoda,Insecta,Diptera,Limoniidae,Dicranomyia,NA,29,9/15/2017,HickoryBottoms,D,9/14/2017,154,Pool
91517HBPoolD2,OTU197,GS,100,BOLD:AAN6380,Animalia,Arthropoda,Arachnida,Araneae,Araneidae,Neoscona,NA,13,9/15/2017,HickoryBottoms,D,9/14/2017,154,Pool
91517HBPoolD2,OTU201,GS,100,BOLD:AAG0906,Animalia,Arthropoda,Insecta,Neuroptera,Hemerobiidae,Micromus,Micromus posticus,34,9/15/2017,HickoryBottoms,D,9/14/2017,154,Pool
91517HBPoolD2,OTU209,GS,100,BOLD:AAF9019,Animalia,Arthropoda,Insecta,Diptera,NA,NA,NA,173,9/15/2017,HickoryBottoms,D,9/14/2017,154,Pool
91517HBPoolD2,OTU252,GS,100,BOLD:AAC6739,Animalia,Arthropoda,Insecta,Lepidoptera,Coleophoridae,Coleophora,Coleophora borea,92,9/15/2017,HickoryBottoms,D,9/14/2017,154,Pool
91517HBPoolD2,OTU272,GS,100,BOLD:AAJ3819,Animalia,Arthropoda,Insecta,Diptera,Clusiidae,Sobarocephala,Sobarocephala setipes,51,9/15/2017,HickoryBottoms,D,9/14/2017,154,Pool
91517HBPoolD2,OTU293,GS,100,BOLD:AAU4100,Animalia,Arthropoda,Insecta,Lepidoptera,Gracillariidae,Cameraria,Cameraria hamadryadella,34,9/15/2017,HickoryBottoms,D,9/14/2017,154,Pool
91517HBPoolD2,OTU396,SS,0.98,BOLD:AAP2734,Animalia,Arthropoda,Insecta,Diptera,Limoniidae,Erioptera,Erioptera parva,103,9/15/2017,HickoryBottoms,D,9/14/2017,154,Pool
91517HBPoolD2,OTU407,GS,99.4,BOLD:AAK8831,Animalia,Arthropoda,Insecta,Diptera,Limoniidae,Metalimnobia,Metalimnobia cinctipes,206,9/15/2017,HickoryBottoms,D,9/14/2017,154,Pool
91517HBPoolD2,OTU411,GS,100,BOLD:AAC8166,Animalia,Arthropoda,Insecta,Lepidoptera,NA,NA,NA,124,9/15/2017,HickoryBottoms,D,9/14/2017,154,Pool
91517HBPoolD2,OTU428,US,0,None,Animalia,Arthropoda,Arachnida,Mesostigmata,NA,NA,NA,342,9/15/2017,HickoryBottoms,D,9/14/2017,154,Pool
91517HBPoolD2,OTU464,GS,99.4,BOLD:AAA8103,Animalia,Arthropoda,Insecta,Lepidoptera,Depressariidae,Antaeotricha,Antaeotricha leucillana,28,9/15/2017,HickoryBottoms,D,9/14/2017,154,Pool
91517HBPoolD2,OTU480,GS,100,BOLD:AAP2997,Animalia,Arthropoda,Insecta,Diptera,Chironomidae,NA,NA,37,9/15/2017,HickoryBottoms,D,9/14/2017,154,Pool
91517HBPoolD2,OTU547,GS,97.8,BOLD:ACU9882,Animalia,Arthropoda,Insecta,Diptera,Cecidomyiidae,NA,NA,320,9/15/2017,HickoryBottoms,D,9/14/2017,154,Pool
91517HBPoolD2,OTU580,GS,98.3,BOLD:ABZ0908,Animalia,Arthropoda,Insecta,Diptera,Tipulidae,Nephrotoma,Nephrotoma ferruginea,251,9/15/2017,HickoryBottoms,D,9/14/2017,154,Pool
91517HBPoolD2,OTU635,GS,97.2,BOLD:AAN5882,Animalia,Arthropoda,Insecta,Diptera,Limoniidae,Erioptera,Erioptera caliptera,17,9/15/2017,HickoryBottoms,D,9/14/2017,154,Pool
91517HBPoolD2,OTU641,GS,100,BOLD:AAB4894,Animalia,Arthropoda,Insecta,Hemiptera,Aphididae,Sitobion,Sitobion avenae,15,9/15/2017,HickoryBottoms,D,9/14/2017,154,Pool
91517HBPoolD2,OTU645,GS,100,BOLD:AAG8824,Animalia,Arthropoda,Insecta,Hemiptera,Miridae,Hyaliodes,Hyaliodes harti,41,9/15/2017,HickoryBottoms,D,9/14/2017,154,Pool
91517HBPoolD2,OTU647,GS,98.3,BOLD:AAB7934,Animalia,Arthropoda,Arachnida,Araneae,Araneidae,Eustala,Eustala emertoni,22,9/15/2017,HickoryBottoms,D,9/14/2017,154,Pool
91517HBPoolD2,OTU659,GS,100,BOLD:AAE6851,Animalia,Arthropoda,Arachnida,Araneae,Salticidae,Paraphidippus,Paraphidippus aurantius,51,9/15/2017,HickoryBottoms,D,9/14/2017,154,Pool
91517HBPoolD2,OTU665,GS,100,BOLD:AAW4535,Animalia,Arthropoda,Arachnida,Araneae,Araneidae,Araneus,Araneus marmoreus,14,9/15/2017,HickoryBottoms,D,9/14/2017,154,Pool
91517HBPoolD2,OTU667,GS,97.7,BOLD:ACW2548,Animalia,Arthropoda,Insecta,Diptera,NA,NA,NA,162,9/15/2017,HickoryBottoms,D,9/14/2017,154,Pool
91517HBPoolD2,OTU686,US,0.9919,BOLD:ACT2785,Animalia,Arthropoda,Insecta,Hymenoptera,NA,NA,NA,10,9/15/2017,HickoryBottoms,D,9/14/2017,154,Pool
91517HBPoolD2,OTU715,SS,0.71,BOLD:ABZ0908,Animalia,Arthropoda,Insecta,Diptera,NA,NA,NA,329,9/15/2017,HickoryBottoms,D,9/14/2017,154,Pool
91517HBPoolD2,OTU735,GS,99.4,BOLD:AAJ7964,Animalia,Arthropoda,Arachnida,Araneae,Araneidae,Araneus,Araneus thaddeus,26,9/15/2017,HickoryBottoms,D,9/14/2017,154,Pool
91517HBPoolD2,OTU747,GS,98.9,BOLD:ACF0251,Animalia,Arthropoda,Insecta,Hemiptera,Aphididae,Nearctaphis,Nearctaphis clydesmithi,109,9/15/2017,HickoryBottoms,D,9/14/2017,154,Pool
91517HBPoolD2,OTU792,GS,100,BOLD:AAF8979,Animalia,Arthropoda,Insecta,Diptera,Limoniidae,Metalimnobia,Metalimnobia novaeangliae,40,9/15/2017,HickoryBottoms,D,9/14/2017,154,Pool
91517HBPoolD2,OTU845,GS,100,BOLD:ACA8954,Animalia,Arthropoda,Insecta,Hemiptera,Derbidae,Omolicna,Omolicna uhleri,109,9/15/2017,HickoryBottoms,D,9/14/2017,154,Pool
91517HBPoolD2,OTU864,GS,100,BOLD:AAA4555,Animalia,Arthropoda,Insecta,Orthoptera,Acrididae,Melanoplus,Melanoplus bivittatus,20,9/15/2017,HickoryBottoms,D,9/14/2017,154,Pool
91517HBPoolD2,OTU904,GS,100,BOLD:AAA2278,Animalia,Arthropoda,Insecta,Lepidoptera,Geometridae,Anavitrinella,Anavitrinella pampinaria,48,9/15/2017,HickoryBottoms,D,9/14/2017,154,Pool
91517HBPoolD2,OTU925,SS,0.14,BOLD:AAV3966,Animalia,Arthropoda,Insecta,Diptera,NA,NA,NA,149,9/15/2017,HickoryBottoms,D,9/14/2017,154,Pool
91517HBPoolD2,OTU940,US,0,BOLD:ACT8457,Animalia,Arthropoda,Insecta,Hymenoptera,NA,NA,NA,17,9/15/2017,HickoryBottoms,D,9/14/2017,154,Pool
91517HBPoolD2,OTU1055,GS,100,BOLD:AAG2646,Animalia,Arthropoda,Insecta,Diptera,Chironomidae,Procladius,NA,75,9/15/2017,HickoryBottoms,D,9/14/2017,154,Pool
91517HBPoolD2,OTU1073,GS,100,BOLD:AAC6457,Animalia,Arthropoda,Arachnida,Araneae,Linyphiidae,Pityohyphantes,Pityohyphantes costatus,51,9/15/2017,HickoryBottoms,D,9/14/2017,154,Pool
91517HBPoolD2,OTU1097,GS,97.2,BOLD:AAN5451,Animalia,Arthropoda,Arachnida,Araneae,Araneidae,Eustala,NA,78,9/15/2017,HickoryBottoms,D,9/14/2017,154,Pool
91517HBPoolD2,OTU1116,SS,0.5,BOLD:ABZ0908,Animalia,Arthropoda,Insecta,Diptera,NA,NA,NA,18,9/15/2017,HickoryBottoms,D,9/14/2017,154,Pool
91517HBPoolD2,OTU1210,GS,97.2,BOLD:AAF4632,Animalia,Arthropoda,Insecta,Diptera,Limoniidae,Epiphragma,Epiphragma solatrix,7,9/15/2017,HickoryBottoms,D,9/14/2017,154,Pool
91517HBPoolD2,OTU1215,GS,100,BOLD:AAB4409,Animalia,Arthropoda,Insecta,Lepidoptera,Tortricidae,Aethes,Aethes biscana,24,9/15/2017,HickoryBottoms,D,9/14/2017,154,Pool
91517HBPoolD2,OTU1292,GS,97.8,BOLD:AAN5882,Animalia,Arthropoda,Insecta,Diptera,Limoniidae,Erioptera,Erioptera caliptera,18,9/15/2017,HickoryBottoms,D,9/14/2017,154,Pool
91517HBPoolD2,OTU1303,GS,98.9,BOLD:ABW4450,Animalia,Arthropoda,Insecta,Diptera,NA,NA,NA,51,9/15/2017,HickoryBottoms,D,9/14/2017,154,Pool
91517HBPoolD2,OTU1317,SS,0.01,BOLD:AAN5451,Animalia,Arthropoda,Arachnida,Araneae,Araneidae,Eustala,NA,11,9/15/2017,HickoryBottoms,D,9/14/2017,154,Pool
91517HBPoolD2,OTU1318,SS,0.75,BOLD:ABV9403,Animalia,Arthropoda,Insecta,NA,NA,NA,NA,1,9/15/2017,HickoryBottoms,D,9/14/2017,154,Pool
91517HBPoolD2,OTU1353,SS,0.11,BOLD:ABU9995,Animalia,Arthropoda,Insecta,Diptera,NA,NA,NA,4,9/15/2017,HickoryBottoms,D,9/14/2017,154,Pool
91517HBPoolD2,OTU1403,SS,0.36,BOLD:ACV0130,Animalia,Arthropoda,Insecta,Diptera,NA,NA,NA,3,9/15/2017,HickoryBottoms,D,9/14/2017,154,Pool
91517HBPoolD2,OTU1434,GS,97.6,BOLD:AAA7067,Animalia,Arthropoda,Insecta,Diptera,Culicidae,Aedes,Aedes vexans,2,9/15/2017,HickoryBottoms,D,9/14/2017,154,Pool
91517HBPoolD2,OTU1471,GS,100,BOLD:ACU8469,Animalia,Arthropoda,Insecta,Hemiptera,Aphididae,Hyalomyzus,NA,12,9/15/2017,HickoryBottoms,D,9/14/2017,154,Pool
91517HBPoolD2,OTU1480,US,0.9249,BOLD:AAN5882,Animalia,Arthropoda,Insecta,Diptera,NA,NA,NA,6,9/15/2017,HickoryBottoms,D,9/14/2017,154,Pool
91517HBPoolD2,OTU1504,SS,0.08,BOLD:ACB5181,Animalia,Arthropoda,Insecta,Diptera,NA,NA,NA,43,9/15/2017,HickoryBottoms,D,9/14/2017,154,Pool
91517HBPoolD2,OTU1513,GS,97.8,BOLD:ACL2801,Animalia,Arthropoda,Insecta,Diptera,Tipulidae,Nephrotoma,Nephrotoma macrocera,128,9/15/2017,HickoryBottoms,D,9/14/2017,154,Pool
91517HBPoolD2,OTU1518,US,0.0788,BOLD:AAZ4419,Animalia,Arthropoda,Insecta,Trichoptera,NA,NA,NA,11,9/15/2017,HickoryBottoms,D,9/14/2017,154,Pool
91517HBPoolD2,OTU1524,SS,0.4,BOLD:AAB4070,Animalia,Arthropoda,Insecta,Lepidoptera,NA,NA,NA,26,9/15/2017,HickoryBottoms,D,9/14/2017,154,Pool
91517HBPoolD2,OTU1554,SS,0.92,BOLD:AAP2734,Animalia,Arthropoda,Insecta,Diptera,Limoniidae,Erioptera,Erioptera parva,75,9/15/2017,HickoryBottoms,D,9/14/2017,154,Pool
91517HBPoolD2,OTU1576,GS,97.8,BOLD:AAN5881,Animalia,Arthropoda,Insecta,Diptera,Limoniidae,NA,NA,20,9/15/2017,HickoryBottoms,D,9/14/2017,154,Pool
91517HBPoolD2,OTU1608,US,0.1136,BOLD:ABV5820,Animalia,Arthropoda,Malacostraca,Decapoda,NA,NA,NA,6,9/15/2017,HickoryBottoms,D,9/14/2017,154,Pool
91517HBPoolD2,OTU1627,US,1,None,Animalia,Arthropoda,Insecta,Diptera,NA,NA,NA,21,9/15/2017,HickoryBottoms,D,9/14/2017,154,Pool
91517HBPoolD2,OTU1636,SS,0.74,BOLD:AAF4632,Animalia,Arthropoda,Insecta,NA,NA,NA,NA,2,9/15/2017,HickoryBottoms,D,9/14/2017,154,Pool
91517HBPoolD2,OTU1683,SS,0.84,BOLD:AAF4632,Animalia,Arthropoda,Insecta,Diptera,Limoniidae,Epiphragma,Epiphragma solatrix,29,9/15/2017,HickoryBottoms,D,9/14/2017,154,Pool
91517HBPoolD2,OTU1748,SS,0.6,BOLD:ACF8409,Animalia,Arthropoda,Insecta,Diptera,NA,NA,NA,2,9/15/2017,HickoryBottoms,D,9/14/2017,154,Pool
91517HBPoolD2,OTU1805,GS,100,BOLD:AAC4393,Animalia,Arthropoda,Insecta,Lepidoptera,Tineidae,Tinea,Tinea apicimaculella,22,9/15/2017,HickoryBottoms,D,9/14/2017,154,Pool
91517HBPoolD2,OTU1911,SS,0.65,BOLD:AAN5879,Animalia,Arthropoda,Insecta,Diptera,NA,NA,NA,1,9/15/2017,HickoryBottoms,D,9/14/2017,154,Pool
91517HBPoolD3,OTU2,GS,100,BOLD:AAH3225,Animalia,Arthropoda,Insecta,Psocodea,Psocidae,Metylophorus,Metylophorus novaescotiae,4856,9/15/2017,HickoryBottoms,D,9/14/2017,154,Pool
91517HBPoolD3,OTU3,GS,100,BOLD:AAP2734,Animalia,Arthropoda,Insecta,Diptera,Limoniidae,Erioptera,Erioptera parva,428,9/15/2017,HickoryBottoms,D,9/14/2017,154,Pool
91517HBPoolD3,OTU4,GS,100,BOLD:AAN5882,Animalia,Arthropoda,Insecta,Diptera,Limoniidae,Erioptera,Erioptera caliptera,784,9/15/2017,HickoryBottoms,D,9/14/2017,154,Pool
91517HBPoolD3,OTU5,GS,99.4,BOLD:AAN5451,Animalia,Arthropoda,Arachnida,Araneae,Araneidae,Eustala,NA,3640,9/15/2017,HickoryBottoms,D,9/14/2017,154,Pool
91517HBPoolD3,OTU7,GS,100,BOLD:AAF4632,Animalia,Arthropoda,Insecta,Diptera,Limoniidae,Epiphragma,Epiphragma solatrix,499,9/15/2017,HickoryBottoms,D,9/14/2017,154,Pool
91517HBPoolD3,OTU15,GS,100,BOLD:ABZ0908,Animalia,Arthropoda,Insecta,Diptera,Tipulidae,Nephrotoma,Nephrotoma ferruginea,1677,9/15/2017,HickoryBottoms,D,9/14/2017,154,Pool
91517HBPoolD3,OTU23,GS,100,BOLD:AAF9008,Animalia,Arthropoda,Insecta,Diptera,Limoniidae,Helius,Helius flavipes,2122,9/15/2017,HickoryBottoms,D,9/14/2017,154,Pool
91517HBPoolD3,OTU38,GS,99.4,BOLD:AAB4070,Animalia,Arthropoda,Insecta,Lepidoptera,Tortricidae,Gymnandrosoma,Gymnandrosoma punctidiscanum,4233,9/15/2017,HickoryBottoms,D,9/14/2017,154,Pool
91517HBPoolD3,OTU52,GS,100,BOLD:AAG4399,Animalia,Arthropoda,Insecta,Hemiptera,Flatidae,Metcalfa,Metcalfa pruinosa,252,9/15/2017,HickoryBottoms,D,9/14/2017,154,Pool
91517HBPoolD3,OTU54,GS,99.4,BOLD:ABA5202,Animalia,Arthropoda,Insecta,Diptera,Limoniidae,Pseudolimnophila,Pseudolimnophila luteipennis,284,9/15/2017,HickoryBottoms,D,9/14/2017,154,Pool
91517HBPoolD3,OTU56,GS,100,BOLD:AAN5879,Animalia,Arthropoda,Insecta,Diptera,Limoniidae,NA,NA,183,9/15/2017,HickoryBottoms,D,9/14/2017,154,Pool
91517HBPoolD3,OTU65,GS,100,BOLD:AAA1517,Animalia,Arthropoda,Insecta,Lepidoptera,Tortricidae,Choristoneura,Choristoneura rosaceana,56,9/15/2017,HickoryBottoms,D,9/14/2017,154,Pool
91517HBPoolD3,OTU67,GS,100,BOLD:AAO3948,Animalia,Arthropoda,Insecta,Diptera,Tipulidae,Nephrotoma,Nephrotoma macrocera,155,9/15/2017,HickoryBottoms,D,9/14/2017,154,Pool
91517HBPoolD3,OTU84,GS,97.8,BOLD:ABU5821,Animalia,Arthropoda,Insecta,Diptera,Tipulidae,Tipula,Tipula sayi,32,9/15/2017,HickoryBottoms,D,9/14/2017,154,Pool
91517HBPoolD3,OTU89,GS,98.3,BOLD:ABW2415,Animalia,Arthropoda,Insecta,Diptera,Tipulidae,Nephrotoma,Nephrotoma okefenoke,17,9/15/2017,HickoryBottoms,D,9/14/2017,154,Pool
91517HBPoolD3,OTU91,GS,99.4,BOLD:AAU8053,Animalia,Arthropoda,Malacostraca,Isopoda,Armadillidiidae,Armadillidium,Armadillidium nasatum,59,9/15/2017,HickoryBottoms,D,9/14/2017,154,Pool
91517HBPoolD3,OTU121,US,0.9936,BOLD:AAN9897,Animalia,Arthropoda,Insecta,Lepidoptera,NA,NA,NA,107,9/15/2017,HickoryBottoms,D,9/14/2017,154,Pool
91517HBPoolD3,OTU123,GS,99.4,BOLD:AAM8787,Animalia,Arthropoda,Insecta,Lepidoptera,Gelechiidae,Dichomeris,Dichomeris laetitia,314,9/15/2017,HickoryBottoms,D,9/14/2017,154,Pool
91517HBPoolD3,OTU141,GS,100,BOLD:ABX6186,Animalia,Arthropoda,Insecta,Diptera,Tipulidae,Nephrotoma,Nephrotoma ferruginea,19,9/15/2017,HickoryBottoms,D,9/14/2017,154,Pool
91517HBPoolD3,OTU147,GS,100,BOLD:AAA4056,Animalia,Arthropoda,Insecta,Lepidoptera,Geometridae,Hypagyrtis,Hypagyrtis piniata,39,9/15/2017,HickoryBottoms,D,9/14/2017,154,Pool
91517HBPoolD3,OTU158,GS,100,BOLD:AAH3230,Animalia,Arthropoda,Insecta,Psocodea,Psocidae,NA,NA,340,9/15/2017,HickoryBottoms,D,9/14/2017,154,Pool
91517HBPoolD3,OTU161,GS,100,BOLD:AAA8840,Animalia,Arthropoda,Insecta,Lepidoptera,Tortricidae,Pandemis,Pandemis lamprosana,19,9/15/2017,HickoryBottoms,D,9/14/2017,154,Pool
91517HBPoolD3,OTU165,US,0.9936,BOLD:ACF8271,Animalia,Arthropoda,Insecta,Diptera,NA,NA,NA,47,9/15/2017,HickoryBottoms,D,9/14/2017,154,Pool
91517HBPoolD3,OTU179,US,0.3913,None,Animalia,Arthropoda,Arachnida,Araneae,NA,NA,NA,47,9/15/2017,HickoryBottoms,D,9/14/2017,154,Pool
91517HBPoolD3,OTU180,GS,100,BOLD:AAM8933,Animalia,Arthropoda,Insecta,Psocodea,Amphipsocidae,Polypsocus,Polypsocus corruptus,74,9/15/2017,HickoryBottoms,D,9/14/2017,154,Pool
91517HBPoolD3,OTU197,GS,100,BOLD:AAN6380,Animalia,Arthropoda,Arachnida,Araneae,Araneidae,Neoscona,NA,49,9/15/2017,HickoryBottoms,D,9/14/2017,154,Pool
91517HBPoolD3,OTU201,GS,100,BOLD:AAG0906,Animalia,Arthropoda,Insecta,Neuroptera,Hemerobiidae,Micromus,Micromus posticus,41,9/15/2017,HickoryBottoms,D,9/14/2017,154,Pool
91517HBPoolD3,OTU202,US,0.9967,BOLD:ACF8271,Animalia,Arthropoda,Insecta,Hymenoptera,NA,NA,NA,71,9/15/2017,HickoryBottoms,D,9/14/2017,154,Pool
91517HBPoolD3,OTU217,GS,99.4,BOLD:AAJ5015,Animalia,Arthropoda,Insecta,Hemiptera,Acanaloniidae,Acanalonia,Acanalonia conica,6,9/15/2017,HickoryBottoms,D,9/14/2017,154,Pool
91517HBPoolD3,OTU222,GS,100,BOLD:AAU7129,Animalia,Arthropoda,Insecta,Coleoptera,Bostrichidae,Xylobiops,Xylobiops basilaris,102,9/15/2017,HickoryBottoms,D,9/14/2017,154,Pool
91517HBPoolD3,OTU252,GS,100,BOLD:AAC6739,Animalia,Arthropoda,Insecta,Lepidoptera,Coleophoridae,Coleophora,Coleophora borea,168,9/15/2017,HickoryBottoms,D,9/14/2017,154,Pool
91517HBPoolD3,OTU265,GS,100,BOLD:AAQ3192,Animalia,Arthropoda,Insecta,Lepidoptera,Dryadaulidae,Dryadaula,NA,23,9/15/2017,HickoryBottoms,D,9/14/2017,154,Pool
91517HBPoolD3,OTU271,GS,98.9,BOLD:ABX3627,Animalia,Arthropoda,Insecta,Diptera,Limoniidae,NA,NA,11,9/15/2017,HickoryBottoms,D,9/14/2017,154,Pool
91517HBPoolD3,OTU284,GS,100,BOLD:AAC6665,Animalia,Arthropoda,Insecta,Lepidoptera,Tortricidae,Aethes,Aethes angulatana,14,9/15/2017,HickoryBottoms,D,9/14/2017,154,Pool
91517HBPoolD3,OTU293,GS,100,BOLD:AAU4100,Animalia,Arthropoda,Insecta,Lepidoptera,Gracillariidae,Cameraria,Cameraria hamadryadella,122,9/15/2017,HickoryBottoms,D,9/14/2017,154,Pool
91517HBPoolD3,OTU300,GS,100,BOLD:AAA8310,Animalia,Arthropoda,Insecta,Lepidoptera,Crambidae,Anageshna,Anageshna primordialis,28,9/15/2017,HickoryBottoms,D,9/14/2017,154,Pool
91517HBPoolD3,OTU342,GS,99.4,BOLD:AAI1931,Animalia,Arthropoda,Insecta,Lepidoptera,Blastobasidae,Holcocera,Holcocera chalcofrontella,11,9/15/2017,HickoryBottoms,D,9/14/2017,154,Pool
91517HBPoolD3,OTU355,GS,99.4,BOLD:AAB3917,Animalia,Arthropoda,Insecta,Lepidoptera,Depressariidae,Psilocorsis,Psilocorsis quercicella,12,9/15/2017,HickoryBottoms,D,9/14/2017,154,Pool
91517HBPoolD3,OTU396,SS,0.98,BOLD:AAP2734,Animalia,Arthropoda,Insecta,Diptera,Limoniidae,Erioptera,Erioptera parva,33,9/15/2017,HickoryBottoms,D,9/14/2017,154,Pool
91517HBPoolD3,OTU398,GS,98.9,BOLD:ACE4129,Animalia,Arthropoda,Insecta,Lepidoptera,Tortricidae,Cydia,Cydia latiferreana,10,9/15/2017,HickoryBottoms,D,9/14/2017,154,Pool
91517HBPoolD3,OTU402,US,1,BOLD:AAN6364,Animalia,Arthropoda,Arachnida,Scorpiones,NA,NA,NA,19,9/15/2017,HickoryBottoms,D,9/14/2017,154,Pool
91517HBPoolD3,OTU404,GS,100,BOLD:ABA5881,Animalia,Arthropoda,Insecta,Hemiptera,Miridae,Phytocoris,Phytocoris eximius,27,9/15/2017,HickoryBottoms,D,9/14/2017,154,Pool
91517HBPoolD3,OTU408,GS,100,BOLD:AAA2955,Animalia,Arthropoda,Insecta,Lepidoptera,Tortricidae,Argyrotaenia,Argyrotaenia ljungiana,15,9/15/2017,HickoryBottoms,D,9/14/2017,154,Pool
91517HBPoolD3,OTU411,GS,100,BOLD:AAC8166,Animalia,Arthropoda,Insecta,Lepidoptera,NA,NA,NA,79,9/15/2017,HickoryBottoms,D,9/14/2017,154,Pool
91517HBPoolD3,OTU415,GS,100,BOLD:AAP8030,Animalia,Arthropoda,Insecta,Lepidoptera,Blastobasidae,Blastobasis,NA,25,9/15/2017,HickoryBottoms,D,9/14/2017,154,Pool
91517HBPoolD3,OTU428,US,0,None,Animalia,Arthropoda,Arachnida,Mesostigmata,NA,NA,NA,59,9/15/2017,HickoryBottoms,D,9/14/2017,154,Pool
91517HBPoolD3,OTU438,GS,100,BOLD:AAE4977,Animalia,Arthropoda,Insecta,Lepidoptera,Tineidae,Homosetia,Homosetia costisignella,10,9/15/2017,HickoryBottoms,D,9/14/2017,154,Pool
91517HBPoolD3,OTU446,GS,100,BOLD:AAD1537,Animalia,Arthropoda,Insecta,Lepidoptera,Tortricidae,Gretchena,Gretchena bolliana,15,9/15/2017,HickoryBottoms,D,9/14/2017,154,Pool
91517HBPoolD3,OTU461,GS,100,BOLD:AAI6259,Animalia,Arthropoda,Insecta,Lepidoptera,Gelechiidae,Dichomeris,Dichomeris offula,12,9/15/2017,HickoryBottoms,D,9/14/2017,154,Pool
91517HBPoolD3,OTU464,GS,99.4,BOLD:AAA8103,Animalia,Arthropoda,Insecta,Lepidoptera,Depressariidae,Antaeotricha,Antaeotricha leucillana,12,9/15/2017,HickoryBottoms,D,9/14/2017,154,Pool
91517HBPoolD3,OTU466,SS,0.16,BOLD:AAI3871,Animalia,Arthropoda,Insecta,Lepidoptera,NA,NA,NA,16,9/15/2017,HickoryBottoms,D,9/14/2017,154,Pool
91517HBPoolD3,OTU481,GS,100,BOLD:AAG0004,Animalia,Arthropoda,Insecta,Lepidoptera,Gelechiidae,Sinoe,Sinoe kwakae,8,9/15/2017,HickoryBottoms,D,9/14/2017,154,Pool
91517HBPoolD3,OTU494,GS,99.4,BOLD:AAH3231,Animalia,Arthropoda,Insecta,Psocodea,Psocidae,NA,NA,30,9/15/2017,HickoryBottoms,D,9/14/2017,154,Pool
91517HBPoolD3,OTU508,GS,100,BOLD:AAC0958,Animalia,Arthropoda,Insecta,Lepidoptera,Tortricidae,Hulda,Hulda impudens,28,9/15/2017,HickoryBottoms,D,9/14/2017,154,Pool
91517HBPoolD3,OTU580,GS,98.3,BOLD:ABZ0908,Animalia,Arthropoda,Insecta,Diptera,Tipulidae,Nephrotoma,Nephrotoma ferruginea,80,9/15/2017,HickoryBottoms,D,9/14/2017,154,Pool
91517HBPoolD3,OTU609,GS,100,BOLD:AAG1032,Animalia,Arthropoda,Insecta,Lepidoptera,NA,NA,NA,4,9/15/2017,HickoryBottoms,D,9/14/2017,154,Pool
91517HBPoolD3,OTU624,GS,100,BOLD:AAP4712,Animalia,Arthropoda,Insecta,Diptera,Psychodidae,NA,NA,2,9/15/2017,HickoryBottoms,D,9/14/2017,154,Pool
91517HBPoolD3,OTU635,GS,97.2,BOLD:AAN5882,Animalia,Arthropoda,Insecta,Diptera,Limoniidae,Erioptera,Erioptera caliptera,77,9/15/2017,HickoryBottoms,D,9/14/2017,154,Pool
91517HBPoolD3,OTU645,GS,100,BOLD:AAG8824,Animalia,Arthropoda,Insecta,Hemiptera,Miridae,Hyaliodes,Hyaliodes harti,38,9/15/2017,HickoryBottoms,D,9/14/2017,154,Pool
91517HBPoolD3,OTU647,GS,98.3,BOLD:AAB7934,Animalia,Arthropoda,Arachnida,Araneae,Araneidae,Eustala,Eustala emertoni,20,9/15/2017,HickoryBottoms,D,9/14/2017,154,Pool
91517HBPoolD3,OTU659,GS,100,BOLD:AAE6851,Animalia,Arthropoda,Arachnida,Araneae,Salticidae,Paraphidippus,Paraphidippus aurantius,37,9/15/2017,HickoryBottoms,D,9/14/2017,154,Pool
91517HBPoolD3,OTU666,GS,98.9,BOLD:ABW2671,Animalia,Arthropoda,Insecta,Diptera,Tipulidae,NA,NA,10,9/15/2017,HickoryBottoms,D,9/14/2017,154,Pool
91517HBPoolD3,OTU680,GS,97.2,BOLD:AAF9008,Animalia,Arthropoda,Insecta,Diptera,Limoniidae,Helius,Helius flavipes,35,9/15/2017,HickoryBottoms,D,9/14/2017,154,Pool
91517HBPoolD3,OTU685,SS,0.6,BOLD:ACR2991,Animalia,Arthropoda,Insecta,NA,NA,NA,NA,3,9/15/2017,HickoryBottoms,D,9/14/2017,154,Pool
91517HBPoolD3,OTU686,US,0.9919,BOLD:ACT2785,Animalia,Arthropoda,Insecta,Hymenoptera,NA,NA,NA,1,9/15/2017,HickoryBottoms,D,9/14/2017,154,Pool
91517HBPoolD3,OTU712,US,1,None,Animalia,Arthropoda,Insecta,Hymenoptera,NA,NA,NA,55,9/15/2017,HickoryBottoms,D,9/14/2017,154,Pool
91517HBPoolD3,OTU715,SS,0.71,BOLD:ABZ0908,Animalia,Arthropoda,Insecta,Diptera,NA,NA,NA,75,9/15/2017,HickoryBottoms,D,9/14/2017,154,Pool
91517HBPoolD3,OTU720,GS,99.4,BOLD:AAB5347,Animalia,Arthropoda,Insecta,Lepidoptera,Tortricidae,Paralobesia,Paralobesia liriodendrana,3,9/15/2017,HickoryBottoms,D,9/14/2017,154,Pool
91517HBPoolD3,OTU730,GS,99.4,BOLD:AAA9619,Animalia,Arthropoda,Insecta,Lepidoptera,Tortricidae,Cenopis,Cenopis reticulatana,10,9/15/2017,HickoryBottoms,D,9/14/2017,154,Pool
91517HBPoolD3,OTU733,US,0.9925,BOLD:ACO7338,Animalia,Arthropoda,Insecta,Lepidoptera,NA,NA,NA,19,9/15/2017,HickoryBottoms,D,9/14/2017,154,Pool
91517HBPoolD3,OTU735,GS,99.4,BOLD:AAJ7964,Animalia,Arthropoda,Arachnida,Araneae,Araneidae,Araneus,Araneus thaddeus,8,9/15/2017,HickoryBottoms,D,9/14/2017,154,Pool
91517HBPoolD3,OTU741,GS,100,BOLD:AAA4123,Animalia,Arthropoda,Arachnida,Araneae,Araneidae,Neoscona,Neoscona arabesca,14,9/15/2017,HickoryBottoms,D,9/14/2017,154,Pool
91517HBPoolD3,OTU747,GS,98.9,BOLD:ACF0251,Animalia,Arthropoda,Insecta,Hemiptera,Aphididae,Nearctaphis,Nearctaphis clydesmithi,11,9/15/2017,HickoryBottoms,D,9/14/2017,154,Pool
91517HBPoolD3,OTU750,US,0.2259,BOLD:AAU7129,Animalia,Arthropoda,Insecta,Coleoptera,NA,NA,NA,25,9/15/2017,HickoryBottoms,D,9/14/2017,154,Pool
91517HBPoolD3,OTU756,GS,100,BOLD:ABY9006,Animalia,Arthropoda,Insecta,Hemiptera,Aphididae,Pemphigus,NA,2,9/15/2017,HickoryBottoms,D,9/14/2017,154,Pool
91517HBPoolD3,OTU767,GS,100,BOLD:AAC7129,Animalia,Arthropoda,Insecta,Lepidoptera,Tischeriidae,Coptotriche,Coptotriche citrinipennella,70,9/15/2017,HickoryBottoms,D,9/14/2017,154,Pool
91517HBPoolD3,OTU864,GS,100,BOLD:AAA4555,Animalia,Arthropoda,Insecta,Orthoptera,Acrididae,Melanoplus,Melanoplus bivittatus,1,9/15/2017,HickoryBottoms,D,9/14/2017,154,Pool
91517HBPoolD3,OTU904,GS,100,BOLD:AAA2278,Animalia,Arthropoda,Insecta,Lepidoptera,Geometridae,Anavitrinella,Anavitrinella pampinaria,54,9/15/2017,HickoryBottoms,D,9/14/2017,154,Pool
91517HBPoolD3,OTU1073,GS,100,BOLD:AAC6457,Animalia,Arthropoda,Arachnida,Araneae,Linyphiidae,Pityohyphantes,Pityohyphantes costatus,39,9/15/2017,HickoryBottoms,D,9/14/2017,154,Pool
91517HBPoolD3,OTU1090,GS,97.2,BOLD:ABX3627,Animalia,Arthropoda,Insecta,Diptera,Limoniidae,NA,NA,2,9/15/2017,HickoryBottoms,D,9/14/2017,154,Pool
91517HBPoolD3,OTU1097,GS,97.2,BOLD:AAN5451,Animalia,Arthropoda,Arachnida,Araneae,Araneidae,Eustala,NA,155,9/15/2017,HickoryBottoms,D,9/14/2017,154,Pool
91517HBPoolD3,OTU1116,SS,0.5,BOLD:ABZ0908,Animalia,Arthropoda,Insecta,Diptera,NA,NA,NA,6,9/15/2017,HickoryBottoms,D,9/14/2017,154,Pool
91517HBPoolD3,OTU1145,GS,100,BOLD:AAA2229,Animalia,Arthropoda,Insecta,Lepidoptera,Erebidae,Idia,Idia concisa,6,9/15/2017,HickoryBottoms,D,9/14/2017,154,Pool
91517HBPoolD3,OTU1184,GS,100,BOLD:AAK4647,Animalia,Arthropoda,Insecta,Lepidoptera,Gelechiidae,Helcystogramma,Helcystogramma melantherella,11,9/15/2017,HickoryBottoms,D,9/14/2017,154,Pool
91517HBPoolD3,OTU1210,GS,97.2,BOLD:AAF4632,Animalia,Arthropoda,Insecta,Diptera,Limoniidae,Epiphragma,Epiphragma solatrix,6,9/15/2017,HickoryBottoms,D,9/14/2017,154,Pool
91517HBPoolD3,OTU1212,SS,0.52,BOLD:ABX7282,Animalia,Arthropoda,Insecta,Hemiptera,NA,NA,NA,4,9/15/2017,HickoryBottoms,D,9/14/2017,154,Pool
91517HBPoolD3,OTU1213,SS,1,BOLD:AAG8977,Animalia,Arthropoda,Insecta,Hemiptera,Derbidae,Apache,Apache degeerii,4,9/15/2017,HickoryBottoms,D,9/14/2017,154,Pool
91517HBPoolD3,OTU1235,GS,100,BOLD:ACY0328,Animalia,Arthropoda,Insecta,Diptera,Chironomidae,Cryptochironomus,NA,10,9/15/2017,HickoryBottoms,D,9/14/2017,154,Pool
91517HBPoolD3,OTU1253,SS,0.73,BOLD:AAS0329,Animalia,Arthropoda,Insecta,Lepidoptera,Tortricidae,NA,NA,62,9/15/2017,HickoryBottoms,D,9/14/2017,154,Pool
91517HBPoolD3,OTU1265,SS,0.83,BOLD:AAF4632,Animalia,Arthropoda,Insecta,Diptera,Limoniidae,Epiphragma,Epiphragma solatrix,5,9/15/2017,HickoryBottoms,D,9/14/2017,154,Pool
91517HBPoolD3,OTU1291,GS,98.9,BOLD:AAB8467,Animalia,Arthropoda,Insecta,Lepidoptera,Erebidae,Phalaenostola,Phalaenostola eumelusalis,1,9/15/2017,HickoryBottoms,D,9/14/2017,154,Pool
91517HBPoolD3,OTU1292,GS,97.8,BOLD:AAN5882,Animalia,Arthropoda,Insecta,Diptera,Limoniidae,Erioptera,Erioptera caliptera,5,9/15/2017,HickoryBottoms,D,9/14/2017,154,Pool
91517HBPoolD3,OTU1293,GS,100,BOLD:AAG8605,Animalia,Arthropoda,Insecta,Lepidoptera,Gelechiidae,Monochroa,NA,2,9/15/2017,HickoryBottoms,D,9/14/2017,154,Pool
91517HBPoolD3,OTU1303,GS,98.9,BOLD:ABW4450,Animalia,Arthropoda,Insecta,Diptera,NA,NA,NA,1,9/15/2017,HickoryBottoms,D,9/14/2017,154,Pool
91517HBPoolD3,OTU1313,GS,98.8,BOLD:AAA6127,Animalia,Arthropoda,Insecta,Lepidoptera,Cosmopterigidae,Walshia,Walshia miscecolorella,7,9/15/2017,HickoryBottoms,D,9/14/2017,154,Pool
91517HBPoolD3,OTU1317,SS,0.01,BOLD:AAN5451,Animalia,Arthropoda,Arachnida,Araneae,Araneidae,Eustala,NA,17,9/15/2017,HickoryBottoms,D,9/14/2017,154,Pool
91517HBPoolD3,OTU1401,SS,0.78,BOLD:AAF9008,Animalia,Arthropoda,Insecta,Diptera,NA,NA,NA,1,9/15/2017,HickoryBottoms,D,9/14/2017,154,Pool
91517HBPoolD3,OTU1444,US,0.2061,BOLD:ABA9828,Animalia,Arthropoda,Insecta,Lepidoptera,NA,NA,NA,9,9/15/2017,HickoryBottoms,D,9/14/2017,154,Pool
91517HBPoolD3,OTU1451,GS,98.9,BOLD:AAH4718,Animalia,Arthropoda,Insecta,Lepidoptera,NA,NA,NA,3,9/15/2017,HickoryBottoms,D,9/14/2017,154,Pool
91517HBPoolD3,OTU1470,GS,99.4,BOLD:ABW2899,Animalia,Arthropoda,Arachnida,Araneae,Araneidae,Micrathena,NA,1,9/15/2017,HickoryBottoms,D,9/14/2017,154,Pool
91517HBPoolD3,OTU1482,SS,0.87,BOLD:AAF9008,Animalia,Arthropoda,Insecta,Diptera,Limoniidae,Helius,Helius flavipes,11,9/15/2017,HickoryBottoms,D,9/14/2017,154,Pool
91517HBPoolD3,OTU1513,GS,97.8,BOLD:ACL2801,Animalia,Arthropoda,Insecta,Diptera,Tipulidae,Nephrotoma,Nephrotoma macrocera,7,9/15/2017,HickoryBottoms,D,9/14/2017,154,Pool
91517HBPoolD3,OTU1522,SS,0.57,BOLD:AAF9008,Animalia,Arthropoda,Insecta,Diptera,NA,NA,NA,3,9/15/2017,HickoryBottoms,D,9/14/2017,154,Pool
91517HBPoolD3,OTU1524,SS,0.4,BOLD:AAB4070,Animalia,Arthropoda,Insecta,Lepidoptera,NA,NA,NA,36,9/15/2017,HickoryBottoms,D,9/14/2017,154,Pool
91517HBPoolD3,OTU1530,GS,100,BOLD:AAI1587,Animalia,Arthropoda,Arachnida,Araneae,Trachelidae,Trachelas,Trachelas similis,8,9/15/2017,HickoryBottoms,D,9/14/2017,154,Pool
91517HBPoolD3,OTU1534,GS,100,BOLD:AAH9588,Animalia,Arthropoda,Insecta,Hemiptera,Aphididae,Shivaphis,Shivaphis celti,1,9/15/2017,HickoryBottoms,D,9/14/2017,154,Pool
91517HBPoolD3,OTU1540,SS,0.74,BOLD:AAH7222,Animalia,Arthropoda,Insecta,Neuroptera,NA,NA,NA,1,9/15/2017,HickoryBottoms,D,9/14/2017,154,Pool
91517HBPoolD3,OTU1554,SS,0.92,BOLD:AAP2734,Animalia,Arthropoda,Insecta,Diptera,Limoniidae,Erioptera,Erioptera parva,3,9/15/2017,HickoryBottoms,D,9/14/2017,154,Pool
91517HBPoolD3,OTU1571,SS,1,BOLD:AAF9067,Animalia,Arthropoda,Insecta,Diptera,Tipulidae,Tipula,Tipula abdominalis,30,9/15/2017,HickoryBottoms,D,9/14/2017,154,Pool
91517HBPoolD3,OTU1585,US,0.9934,BOLD:ACN0981,Animalia,Arthropoda,Insecta,Hymenoptera,NA,NA,NA,14,9/15/2017,HickoryBottoms,D,9/14/2017,154,Pool
91517HBPoolD3,OTU1627,US,1,None,Animalia,Arthropoda,Insecta,Diptera,NA,NA,NA,5,9/15/2017,HickoryBottoms,D,9/14/2017,154,Pool
91517HBPoolD3,OTU1636,SS,0.74,BOLD:AAF4632,Animalia,Arthropoda,Insecta,NA,NA,NA,NA,5,9/15/2017,HickoryBottoms,D,9/14/2017,154,Pool
91517HBPoolD3,OTU1651,SS,0.93,BOLD:AAU7129,Animalia,Arthropoda,Insecta,Coleoptera,Bostrichidae,Xylobiops,Xylobiops basilaris,13,9/15/2017,HickoryBottoms,D,9/14/2017,154,Pool
91517HBPoolD3,OTU1664,SS,0.26,BOLD:AAF9008,Animalia,Arthropoda,Insecta,Diptera,NA,NA,NA,8,9/15/2017,HickoryBottoms,D,9/14/2017,154,Pool
91517HBPoolD3,OTU1683,SS,0.84,BOLD:AAF4632,Animalia,Arthropoda,Insecta,Diptera,Limoniidae,Epiphragma,Epiphragma solatrix,16,9/15/2017,HickoryBottoms,D,9/14/2017,154,Pool
91517HBPoolD3,OTU1687,SS,0.7,BOLD:AAV6771,Animalia,Arthropoda,Insecta,Lepidoptera,NA,NA,NA,20,9/15/2017,HickoryBottoms,D,9/14/2017,154,Pool
91517HBPoolD3,OTU1697,GS,99.4,BOLD:AAG8592,Animalia,Arthropoda,Insecta,Lepidoptera,Blastobasidae,Calosima,NA,30,9/15/2017,HickoryBottoms,D,9/14/2017,154,Pool
91517HBPoolD3,OTU1716,GS,97.1,BOLD:AAM7130,Animalia,Arthropoda,Insecta,Lepidoptera,NA,NA,NA,14,9/15/2017,HickoryBottoms,D,9/14/2017,154,Pool
91517HBPoolD3,OTU1731,GS,99.4,BOLD:ABX5520,Animalia,Arthropoda,Insecta,Diptera,Tipulidae,Tipula,Tipula hermannia,4,9/15/2017,HickoryBottoms,D,9/14/2017,154,Pool
91517HBPoolD3,OTU1749,SS,0.19,BOLD:AAJ3819,Animalia,Arthropoda,Insecta,Diptera,NA,NA,NA,12,9/15/2017,HickoryBottoms,D,9/14/2017,154,Pool
91517HBPoolD3,OTU1756,SS,0.97,BOLD:AAG3848,Animalia,Arthropoda,Insecta,Diptera,Culicidae,Culex,Culex erraticus,2,9/15/2017,HickoryBottoms,D,9/14/2017,154,Pool
91517HBPoolD3,OTU1834,SS,0.74,BOLD:AAF4632,Animalia,Arthropoda,Insecta,Diptera,NA,NA,NA,9,9/15/2017,HickoryBottoms,D,9/14/2017,154,Pool
91517HBPoolD3,OTU1894,GS,100,BOLD:AAP8635,Animalia,Arthropoda,Insecta,Diptera,Limoniidae,Dicranomyia,Dicranomyia (Dicranomyia) longipennis,27,9/15/2017,HickoryBottoms,D,9/14/2017,154,Pool
91517HBPoolD3,OTU1904,GS,100,BOLD:ACV0710,Animalia,Arthropoda,Insecta,Lepidoptera,Tineidae,Homosetia,NA,6,9/15/2017,HickoryBottoms,D,9/14/2017,154,Pool
91517HBPoolD3,OTU1910,SS,0.87,BOLD:ABZ0908,Animalia,Arthropoda,Insecta,Diptera,Tipulidae,Nephrotoma,Nephrotoma ferruginea,7,9/15/2017,HickoryBottoms,D,9/14/2017,154,Pool
91517HBPoolD3,OTU1911,SS,0.65,BOLD:AAN5879,Animalia,Arthropoda,Insecta,Diptera,NA,NA,NA,7,9/15/2017,HickoryBottoms,D,9/14/2017,154,Pool
91517HBPoolD4,OTU2,GS,100,BOLD:AAH3225,Animalia,Arthropoda,Insecta,Psocodea,Psocidae,Metylophorus,Metylophorus novaescotiae,6216,9/15/2017,HickoryBottoms,D,9/14/2017,154,Pool
91517HBPoolD4,OTU3,GS,100,BOLD:AAP2734,Animalia,Arthropoda,Insecta,Diptera,Limoniidae,Erioptera,Erioptera parva,581,9/15/2017,HickoryBottoms,D,9/14/2017,154,Pool
91517HBPoolD4,OTU4,GS,100,BOLD:AAN5882,Animalia,Arthropoda,Insecta,Diptera,Limoniidae,Erioptera,Erioptera caliptera,1097,9/15/2017,HickoryBottoms,D,9/14/2017,154,Pool
91517HBPoolD4,OTU5,GS,99.4,BOLD:AAN5451,Animalia,Arthropoda,Arachnida,Araneae,Araneidae,Eustala,NA,4615,9/15/2017,HickoryBottoms,D,9/14/2017,154,Pool
91517HBPoolD4,OTU7,GS,100,BOLD:AAF4632,Animalia,Arthropoda,Insecta,Diptera,Limoniidae,Epiphragma,Epiphragma solatrix,719,9/15/2017,HickoryBottoms,D,9/14/2017,154,Pool
91517HBPoolD4,OTU15,GS,100,BOLD:ABZ0908,Animalia,Arthropoda,Insecta,Diptera,Tipulidae,Nephrotoma,Nephrotoma ferruginea,2614,9/15/2017,HickoryBottoms,D,9/14/2017,154,Pool
91517HBPoolD4,OTU23,GS,100,BOLD:AAF9008,Animalia,Arthropoda,Insecta,Diptera,Limoniidae,Helius,Helius flavipes,2028,9/15/2017,HickoryBottoms,D,9/14/2017,154,Pool
91517HBPoolD4,OTU26,GS,98.8,BOLD:ACM8443,Animalia,Arthropoda,Insecta,Diptera,Tabanidae,Hybomitra,Hybomitra epistates,53,9/15/2017,HickoryBottoms,D,9/14/2017,154,Pool
91517HBPoolD4,OTU38,GS,99.4,BOLD:AAB4070,Animalia,Arthropoda,Insecta,Lepidoptera,Tortricidae,Gymnandrosoma,Gymnandrosoma punctidiscanum,5640,9/15/2017,HickoryBottoms,D,9/14/2017,154,Pool
91517HBPoolD4,OTU52,GS,100,BOLD:AAG4399,Animalia,Arthropoda,Insecta,Hemiptera,Flatidae,Metcalfa,Metcalfa pruinosa,315,9/15/2017,HickoryBottoms,D,9/14/2017,154,Pool
91517HBPoolD4,OTU54,GS,99.4,BOLD:ABA5202,Animalia,Arthropoda,Insecta,Diptera,Limoniidae,Pseudolimnophila,Pseudolimnophila luteipennis,224,9/15/2017,HickoryBottoms,D,9/14/2017,154,Pool
91517HBPoolD4,OTU56,GS,100,BOLD:AAN5879,Animalia,Arthropoda,Insecta,Diptera,Limoniidae,NA,NA,307,9/15/2017,HickoryBottoms,D,9/14/2017,154,Pool
91517HBPoolD4,OTU65,GS,100,BOLD:AAA1517,Animalia,Arthropoda,Insecta,Lepidoptera,Tortricidae,Choristoneura,Choristoneura rosaceana,44,9/15/2017,HickoryBottoms,D,9/14/2017,154,Pool
91517HBPoolD4,OTU67,GS,100,BOLD:AAO3948,Animalia,Arthropoda,Insecta,Diptera,Tipulidae,Nephrotoma,Nephrotoma macrocera,62,9/15/2017,HickoryBottoms,D,9/14/2017,154,Pool
91517HBPoolD4,OTU71,GSL,100,BOLD:AAA7661,Animalia,Arthropoda,Insecta,Diptera,Culicidae,NA,NA,38,9/15/2017,HickoryBottoms,D,9/14/2017,154,Pool
91517HBPoolD4,OTU73,GS,100,BOLD:AAD6926,Animalia,Arthropoda,Arachnida,Araneae,Anyphaenidae,Anyphaena,Anyphaena pectorosa,119,9/15/2017,HickoryBottoms,D,9/14/2017,154,Pool
91517HBPoolD4,OTU88,GS,100,BOLD:AAE0434,Animalia,Arthropoda,Insecta,Diptera,Culicidae,Uranotaenia,Uranotaenia sapphirina,16,9/15/2017,HickoryBottoms,D,9/14/2017,154,Pool
91517HBPoolD4,OTU91,GS,99.4,BOLD:AAU8053,Animalia,Arthropoda,Malacostraca,Isopoda,Armadillidiidae,Armadillidium,Armadillidium nasatum,47,9/15/2017,HickoryBottoms,D,9/14/2017,154,Pool
91517HBPoolD4,OTU106,US,1,None,Animalia,Arthropoda,Insecta,Coleoptera,NA,NA,NA,41,9/15/2017,HickoryBottoms,D,9/14/2017,154,Pool
91517HBPoolD4,OTU121,US,0.9936,BOLD:AAN9897,Animalia,Arthropoda,Insecta,Lepidoptera,NA,NA,NA,107,9/15/2017,HickoryBottoms,D,9/14/2017,154,Pool
91517HBPoolD4,OTU123,GS,99.4,BOLD:AAM8787,Animalia,Arthropoda,Insecta,Lepidoptera,Gelechiidae,Dichomeris,Dichomeris laetitia,344,9/15/2017,HickoryBottoms,D,9/14/2017,154,Pool
91517HBPoolD4,OTU141,GS,100,BOLD:ABX6186,Animalia,Arthropoda,Insecta,Diptera,Tipulidae,Nephrotoma,Nephrotoma ferruginea,18,9/15/2017,HickoryBottoms,D,9/14/2017,154,Pool
91517HBPoolD4,OTU147,GS,100,BOLD:AAA4056,Animalia,Arthropoda,Insecta,Lepidoptera,Geometridae,Hypagyrtis,Hypagyrtis piniata,91,9/15/2017,HickoryBottoms,D,9/14/2017,154,Pool
91517HBPoolD4,OTU148,GS,100,BOLD:AAK7352,Animalia,Arthropoda,Arachnida,Araneae,Araneidae,Metepeira,Metepeira labyrinthea,36,9/15/2017,HickoryBottoms,D,9/14/2017,154,Pool
91517HBPoolD4,OTU158,GS,100,BOLD:AAH3230,Animalia,Arthropoda,Insecta,Psocodea,Psocidae,NA,NA,460,9/15/2017,HickoryBottoms,D,9/14/2017,154,Pool
91517HBPoolD4,OTU161,GS,100,BOLD:AAA8840,Animalia,Arthropoda,Insecta,Lepidoptera,Tortricidae,Pandemis,Pandemis lamprosana,26,9/15/2017,HickoryBottoms,D,9/14/2017,154,Pool
91517HBPoolD4,OTU172,GS,99.4,BOLD:AAA8563,Animalia,Arthropoda,Insecta,Lepidoptera,Erebidae,Parallelia,Parallelia bistriaris,102,9/15/2017,HickoryBottoms,D,9/14/2017,154,Pool
91517HBPoolD4,OTU180,GS,100,BOLD:AAM8933,Animalia,Arthropoda,Insecta,Psocodea,Amphipsocidae,Polypsocus,Polypsocus corruptus,69,9/15/2017,HickoryBottoms,D,9/14/2017,154,Pool
91517HBPoolD4,OTU196,GS,99.4,BOLD:ACE4102,Animalia,Arthropoda,Arachnida,Araneae,Araneidae,Mangora,Mangora placida,20,9/15/2017,HickoryBottoms,D,9/14/2017,154,Pool
91517HBPoolD4,OTU197,GS,100,BOLD:AAN6380,Animalia,Arthropoda,Arachnida,Araneae,Araneidae,Neoscona,NA,68,9/15/2017,HickoryBottoms,D,9/14/2017,154,Pool
91517HBPoolD4,OTU201,GS,100,BOLD:AAG0906,Animalia,Arthropoda,Insecta,Neuroptera,Hemerobiidae,Micromus,Micromus posticus,42,9/15/2017,HickoryBottoms,D,9/14/2017,154,Pool
91517HBPoolD4,OTU202,US,0.9967,BOLD:ACF8271,Animalia,Arthropoda,Insecta,Hymenoptera,NA,NA,NA,97,9/15/2017,HickoryBottoms,D,9/14/2017,154,Pool
91517HBPoolD4,OTU252,GS,100,BOLD:AAC6739,Animalia,Arthropoda,Insecta,Lepidoptera,Coleophoridae,Coleophora,Coleophora borea,117,9/15/2017,HickoryBottoms,D,9/14/2017,154,Pool
91517HBPoolD4,OTU254,GS,100,BOLD:AAG8977,Animalia,Arthropoda,Insecta,Hemiptera,Derbidae,Apache,Apache degeerii,23,9/15/2017,HickoryBottoms,D,9/14/2017,154,Pool
91517HBPoolD4,OTU265,GS,100,BOLD:AAQ3192,Animalia,Arthropoda,Insecta,Lepidoptera,Dryadaulidae,Dryadaula,NA,53,9/15/2017,HickoryBottoms,D,9/14/2017,154,Pool
91517HBPoolD4,OTU270,GS,100,BOLD:AAB6541,Animalia,Arthropoda,Insecta,Lepidoptera,Gelechiidae,Coleotechnites,Coleotechnites florae,30,9/15/2017,HickoryBottoms,D,9/14/2017,154,Pool
91517HBPoolD4,OTU271,GS,98.9,BOLD:ABX3627,Animalia,Arthropoda,Insecta,Diptera,Limoniidae,NA,NA,12,9/15/2017,HickoryBottoms,D,9/14/2017,154,Pool
91517HBPoolD4,OTU284,GS,100,BOLD:AAC6665,Animalia,Arthropoda,Insecta,Lepidoptera,Tortricidae,Aethes,Aethes angulatana,13,9/15/2017,HickoryBottoms,D,9/14/2017,154,Pool
91517HBPoolD4,OTU293,GS,100,BOLD:AAU4100,Animalia,Arthropoda,Insecta,Lepidoptera,Gracillariidae,Cameraria,Cameraria hamadryadella,81,9/15/2017,HickoryBottoms,D,9/14/2017,154,Pool
91517HBPoolD4,OTU300,GS,100,BOLD:AAA8310,Animalia,Arthropoda,Insecta,Lepidoptera,Crambidae,Anageshna,Anageshna primordialis,13,9/15/2017,HickoryBottoms,D,9/14/2017,154,Pool
91517HBPoolD4,OTU309,GS,100,BOLD:AAH5582,Animalia,Arthropoda,Insecta,Lepidoptera,Gelechiidae,Battaristis,NA,17,9/15/2017,HickoryBottoms,D,9/14/2017,154,Pool
91517HBPoolD4,OTU323,GS,98.9,BOLD:AAA5103,Animalia,Arthropoda,Insecta,Diptera,Culicidae,Anopheles,Anopheles crucians,15,9/15/2017,HickoryBottoms,D,9/14/2017,154,Pool
91517HBPoolD4,OTU369,SS,0.79,BOLD:ACS7984,Animalia,Arthropoda,Insecta,Hemiptera,NA,NA,NA,6,9/15/2017,HickoryBottoms,D,9/14/2017,154,Pool
91517HBPoolD4,OTU370,GS,99.4,BOLD:AAN6154,Animalia,Arthropoda,Insecta,Coleoptera,Latridiidae,Melanophthalma,Melanophthalma inermis,27,9/15/2017,HickoryBottoms,D,9/14/2017,154,Pool
91517HBPoolD4,OTU396,SS,0.98,BOLD:AAP2734,Animalia,Arthropoda,Insecta,Diptera,Limoniidae,Erioptera,Erioptera parva,37,9/15/2017,HickoryBottoms,D,9/14/2017,154,Pool
91517HBPoolD4,OTU408,GS,100,BOLD:AAA2955,Animalia,Arthropoda,Insecta,Lepidoptera,Tortricidae,Argyrotaenia,Argyrotaenia ljungiana,80,9/15/2017,HickoryBottoms,D,9/14/2017,154,Pool
91517HBPoolD4,OTU411,GS,100,BOLD:AAC8166,Animalia,Arthropoda,Insecta,Lepidoptera,NA,NA,NA,13,9/15/2017,HickoryBottoms,D,9/14/2017,154,Pool
91517HBPoolD4,OTU418,US,0,None,Animalia,Arthropoda,Insecta,Lepidoptera,NA,NA,NA,7,9/15/2017,HickoryBottoms,D,9/14/2017,154,Pool
91517HBPoolD4,OTU428,US,0,None,Animalia,Arthropoda,Arachnida,Mesostigmata,NA,NA,NA,53,9/15/2017,HickoryBottoms,D,9/14/2017,154,Pool
91517HBPoolD4,OTU450,SS,0.36,BOLD:ABY1337,Animalia,Arthropoda,Insecta,Hemiptera,Miridae,Phytocoris,NA,25,9/15/2017,HickoryBottoms,D,9/14/2017,154,Pool
91517HBPoolD4,OTU464,GS,99.4,BOLD:AAA8103,Animalia,Arthropoda,Insecta,Lepidoptera,Depressariidae,Antaeotricha,Antaeotricha leucillana,49,9/15/2017,HickoryBottoms,D,9/14/2017,154,Pool
91517HBPoolD4,OTU466,SS,0.16,BOLD:AAI3871,Animalia,Arthropoda,Insecta,Lepidoptera,NA,NA,NA,39,9/15/2017,HickoryBottoms,D,9/14/2017,154,Pool
91517HBPoolD4,OTU485,GS,100,BOLD:ABW1514,Animalia,Arthropoda,Insecta,Diptera,Chironomidae,Tanypus,NA,25,9/15/2017,HickoryBottoms,D,9/14/2017,154,Pool
91517HBPoolD4,OTU494,GS,99.4,BOLD:AAH3231,Animalia,Arthropoda,Insecta,Psocodea,Psocidae,NA,NA,44,9/15/2017,HickoryBottoms,D,9/14/2017,154,Pool
91517HBPoolD4,OTU530,GS,100,BOLD:ABX6784,Animalia,Arthropoda,Insecta,Lepidoptera,NA,NA,NA,39,9/15/2017,HickoryBottoms,D,9/14/2017,154,Pool
91517HBPoolD4,OTU539,GS,100,BOLD:AAC0360,Animalia,Arthropoda,Insecta,Trichoptera,Phryganeidae,Agrypnia,Agrypnia vestita,8,9/15/2017,HickoryBottoms,D,9/14/2017,154,Pool
91517HBPoolD4,OTU547,GS,97.8,BOLD:ACU9882,Animalia,Arthropoda,Insecta,Diptera,Cecidomyiidae,NA,NA,9,9/15/2017,HickoryBottoms,D,9/14/2017,154,Pool
91517HBPoolD4,OTU565,GS,100,BOLD:AAC4262,Animalia,Arthropoda,Insecta,Lepidoptera,Gracillariidae,Cremastobombycia,Cremastobombycia solidaginis,5,9/15/2017,HickoryBottoms,D,9/14/2017,154,Pool
91517HBPoolD4,OTU580,GS,98.3,BOLD:ABZ0908,Animalia,Arthropoda,Insecta,Diptera,Tipulidae,Nephrotoma,Nephrotoma ferruginea,113,9/15/2017,HickoryBottoms,D,9/14/2017,154,Pool
91517HBPoolD4,OTU588,GS,100,BOLD:AAC9435,Animalia,Arthropoda,Insecta,Lepidoptera,Glyphipterigidae,Acrolepiopsis,Acrolepiopsis incertella,19,9/15/2017,HickoryBottoms,D,9/14/2017,154,Pool
91517HBPoolD4,OTU603,GS,99.4,BOLD:AAO3944,Animalia,Arthropoda,Insecta,Diptera,Limoniidae,Geranomyia,NA,23,9/15/2017,HickoryBottoms,D,9/14/2017,154,Pool
91517HBPoolD4,OTU635,GS,97.2,BOLD:AAN5882,Animalia,Arthropoda,Insecta,Diptera,Limoniidae,Erioptera,Erioptera caliptera,88,9/15/2017,HickoryBottoms,D,9/14/2017,154,Pool
91517HBPoolD4,OTU641,GS,100,BOLD:AAB4894,Animalia,Arthropoda,Insecta,Hemiptera,Aphididae,Sitobion,Sitobion avenae,10,9/15/2017,HickoryBottoms,D,9/14/2017,154,Pool
91517HBPoolD4,OTU645,GS,100,BOLD:AAG8824,Animalia,Arthropoda,Insecta,Hemiptera,Miridae,Hyaliodes,Hyaliodes harti,72,9/15/2017,HickoryBottoms,D,9/14/2017,154,Pool
91517HBPoolD4,OTU647,GS,98.3,BOLD:AAB7934,Animalia,Arthropoda,Arachnida,Araneae,Araneidae,Eustala,Eustala emertoni,70,9/15/2017,HickoryBottoms,D,9/14/2017,154,Pool
91517HBPoolD4,OTU659,GS,100,BOLD:AAE6851,Animalia,Arthropoda,Arachnida,Araneae,Salticidae,Paraphidippus,Paraphidippus aurantius,53,9/15/2017,HickoryBottoms,D,9/14/2017,154,Pool
91517HBPoolD4,OTU667,GS,97.7,BOLD:ACW2548,Animalia,Arthropoda,Insecta,Diptera,NA,NA,NA,11,9/15/2017,HickoryBottoms,D,9/14/2017,154,Pool
91517HBPoolD4,OTU715,SS,0.71,BOLD:ABZ0908,Animalia,Arthropoda,Insecta,Diptera,NA,NA,NA,108,9/15/2017,HickoryBottoms,D,9/14/2017,154,Pool
91517HBPoolD4,OTU720,GS,99.4,BOLD:AAB5347,Animalia,Arthropoda,Insecta,Lepidoptera,Tortricidae,Paralobesia,Paralobesia liriodendrana,9,9/15/2017,HickoryBottoms,D,9/14/2017,154,Pool
91517HBPoolD4,OTU733,US,0.9925,BOLD:ACO7338,Animalia,Arthropoda,Insecta,Lepidoptera,NA,NA,NA,27,9/15/2017,HickoryBottoms,D,9/14/2017,154,Pool
91517HBPoolD4,OTU735,GS,99.4,BOLD:AAJ7964,Animalia,Arthropoda,Arachnida,Araneae,Araneidae,Araneus,Araneus thaddeus,28,9/15/2017,HickoryBottoms,D,9/14/2017,154,Pool
91517HBPoolD4,OTU741,GS,100,BOLD:AAA4123,Animalia,Arthropoda,Arachnida,Araneae,Araneidae,Neoscona,Neoscona arabesca,8,9/15/2017,HickoryBottoms,D,9/14/2017,154,Pool
91517HBPoolD4,OTU742,GS,99.4,BOLD:ABA9828,Animalia,Arthropoda,Insecta,Hemiptera,Derbidae,Otiocerus,Otiocerus wolfei,23,9/15/2017,HickoryBottoms,D,9/14/2017,154,Pool
91517HBPoolD4,OTU747,GS,98.9,BOLD:ACF0251,Animalia,Arthropoda,Insecta,Hemiptera,Aphididae,Nearctaphis,Nearctaphis clydesmithi,8,9/15/2017,HickoryBottoms,D,9/14/2017,154,Pool
91517HBPoolD4,OTU750,US,0.2259,BOLD:AAU7129,Animalia,Arthropoda,Insecta,Coleoptera,NA,NA,NA,111,9/15/2017,HickoryBottoms,D,9/14/2017,154,Pool
91517HBPoolD4,OTU756,GS,100,BOLD:ABY9006,Animalia,Arthropoda,Insecta,Hemiptera,Aphididae,Pemphigus,NA,10,9/15/2017,HickoryBottoms,D,9/14/2017,154,Pool
91517HBPoolD4,OTU767,GS,100,BOLD:AAC7129,Animalia,Arthropoda,Insecta,Lepidoptera,Tischeriidae,Coptotriche,Coptotriche citrinipennella,19,9/15/2017,HickoryBottoms,D,9/14/2017,154,Pool
91517HBPoolD4,OTU802,GS,100,BOLD:AAZ0412,Animalia,Arthropoda,Insecta,Diptera,Tachinidae,Phytomyptera,Phytomyptera melissopodis,2,9/15/2017,HickoryBottoms,D,9/14/2017,154,Pool
91517HBPoolD4,OTU844,GS,100,BOLD:AAH5546,Animalia,Arthropoda,Insecta,Lepidoptera,Gelechiidae,Frumenta,Frumenta nundinella,46,9/15/2017,HickoryBottoms,D,9/14/2017,154,Pool
91517HBPoolD4,OTU864,GS,100,BOLD:AAA4555,Animalia,Arthropoda,Insecta,Orthoptera,Acrididae,Melanoplus,Melanoplus bivittatus,3,9/15/2017,HickoryBottoms,D,9/14/2017,154,Pool
91517HBPoolD4,OTU904,GS,100,BOLD:AAA2278,Animalia,Arthropoda,Insecta,Lepidoptera,Geometridae,Anavitrinella,Anavitrinella pampinaria,133,9/15/2017,HickoryBottoms,D,9/14/2017,154,Pool
91517HBPoolD4,OTU914,US,0,BOLD:ACL5453,Animalia,Arthropoda,Insecta,Hymenoptera,NA,NA,NA,1,9/15/2017,HickoryBottoms,D,9/14/2017,154,Pool
91517HBPoolD4,OTU976,GS,97.2,BOLD:AAA5872,Animalia,Arthropoda,Insecta,Lepidoptera,Gelechiidae,Chionodes,Chionodes mediofuscella,1,9/15/2017,HickoryBottoms,D,9/14/2017,154,Pool
91517HBPoolD4,OTU1026,GS,100,BOLD:AAH7222,Animalia,Arthropoda,Insecta,Neuroptera,Mantispidae,Mantispa,Mantispa viridis,24,9/15/2017,HickoryBottoms,D,9/14/2017,154,Pool
91517HBPoolD4,OTU1055,GS,100,BOLD:AAG2646,Animalia,Arthropoda,Insecta,Diptera,Chironomidae,Procladius,NA,38,9/15/2017,HickoryBottoms,D,9/14/2017,154,Pool
91517HBPoolD4,OTU1062,GS,100,BOLD:AAA2330,Animalia,Arthropoda,Insecta,Lepidoptera,Erebidae,Hypena,Hypena baltimoralis,28,9/15/2017,HickoryBottoms,D,9/14/2017,154,Pool
91517HBPoolD4,OTU1073,GS,100,BOLD:AAC6457,Animalia,Arthropoda,Arachnida,Araneae,Linyphiidae,Pityohyphantes,Pityohyphantes costatus,14,9/15/2017,HickoryBottoms,D,9/14/2017,154,Pool
91517HBPoolD4,OTU1090,GS,97.2,BOLD:ABX3627,Animalia,Arthropoda,Insecta,Diptera,Limoniidae,NA,NA,2,9/15/2017,HickoryBottoms,D,9/14/2017,154,Pool
91517HBPoolD4,OTU1097,GS,97.2,BOLD:AAN5451,Animalia,Arthropoda,Arachnida,Araneae,Araneidae,Eustala,NA,156,9/15/2017,HickoryBottoms,D,9/14/2017,154,Pool
91517HBPoolD4,OTU1145,GS,100,BOLD:AAA2229,Animalia,Arthropoda,Insecta,Lepidoptera,Erebidae,Idia,Idia concisa,11,9/15/2017,HickoryBottoms,D,9/14/2017,154,Pool
91517HBPoolD4,OTU1172,SS,0.83,BOLD:AAD6926,Animalia,Arthropoda,Arachnida,Araneae,Anyphaenidae,Anyphaena,Anyphaena pectorosa,5,9/15/2017,HickoryBottoms,D,9/14/2017,154,Pool
91517HBPoolD4,OTU1210,GS,97.2,BOLD:AAF4632,Animalia,Arthropoda,Insecta,Diptera,Limoniidae,Epiphragma,Epiphragma solatrix,18,9/15/2017,HickoryBottoms,D,9/14/2017,154,Pool
91517HBPoolD4,OTU1215,GS,100,BOLD:AAB4409,Animalia,Arthropoda,Insecta,Lepidoptera,Tortricidae,Aethes,Aethes biscana,13,9/15/2017,HickoryBottoms,D,9/14/2017,154,Pool
91517HBPoolD4,OTU1265,SS,0.83,BOLD:AAF4632,Animalia,Arthropoda,Insecta,Diptera,Limoniidae,Epiphragma,Epiphragma solatrix,6,9/15/2017,HickoryBottoms,D,9/14/2017,154,Pool
91517HBPoolD4,OTU1286,GS,100,BOLD:ACM1751,Animalia,Arthropoda,Insecta,Coleoptera,Curculionidae,Corthylus,Corthylus columbianus,10,9/15/2017,HickoryBottoms,D,9/14/2017,154,Pool
91517HBPoolD4,OTU1291,GS,98.9,BOLD:AAB8467,Animalia,Arthropoda,Insecta,Lepidoptera,Erebidae,Phalaenostola,Phalaenostola eumelusalis,1,9/15/2017,HickoryBottoms,D,9/14/2017,154,Pool
91517HBPoolD4,OTU1317,SS,0.01,BOLD:AAN5451,Animalia,Arthropoda,Arachnida,Araneae,Araneidae,Eustala,NA,18,9/15/2017,HickoryBottoms,D,9/14/2017,154,Pool
91517HBPoolD4,OTU1351,SS,0.94,BOLD:AAB7030,Animalia,Arthropoda,Insecta,Diptera,Chironomidae,Chironomus,Chironomus decorus,3,9/15/2017,HickoryBottoms,D,9/14/2017,154,Pool
91517HBPoolD4,OTU1381,GS,100,BOLD:ACF3514,Animalia,Arthropoda,Insecta,Trichoptera,Leptoceridae,Oecetis,Oecetis inconspicua,1,9/15/2017,HickoryBottoms,D,9/14/2017,154,Pool
91517HBPoolD4,OTU1403,SS,0.36,BOLD:ACV0130,Animalia,Arthropoda,Insecta,Diptera,NA,NA,NA,2,9/15/2017,HickoryBottoms,D,9/14/2017,154,Pool
91517HBPoolD4,OTU1471,GS,100,BOLD:ACU8469,Animalia,Arthropoda,Insecta,Hemiptera,Aphididae,Hyalomyzus,NA,1,9/15/2017,HickoryBottoms,D,9/14/2017,154,Pool
91517HBPoolD4,OTU1480,US,0.9249,BOLD:AAN5882,Animalia,Arthropoda,Insecta,Diptera,NA,NA,NA,2,9/15/2017,HickoryBottoms,D,9/14/2017,154,Pool
91517HBPoolD4,OTU1482,SS,0.87,BOLD:AAF9008,Animalia,Arthropoda,Insecta,Diptera,Limoniidae,Helius,Helius flavipes,5,9/15/2017,HickoryBottoms,D,9/14/2017,154,Pool
91517HBPoolD4,OTU1494,US,0.8732,BOLD:AAF4632,Animalia,Arthropoda,Insecta,Diptera,NA,NA,NA,1,9/15/2017,HickoryBottoms,D,9/14/2017,154,Pool
91517HBPoolD4,OTU1513,GS,97.8,BOLD:ACL2801,Animalia,Arthropoda,Insecta,Diptera,Tipulidae,Nephrotoma,Nephrotoma macrocera,11,9/15/2017,HickoryBottoms,D,9/14/2017,154,Pool
91517HBPoolD4,OTU1522,SS,0.57,BOLD:AAF9008,Animalia,Arthropoda,Insecta,Diptera,NA,NA,NA,6,9/15/2017,HickoryBottoms,D,9/14/2017,154,Pool
91517HBPoolD4,OTU1524,SS,0.4,BOLD:AAB4070,Animalia,Arthropoda,Insecta,Lepidoptera,NA,NA,NA,36,9/15/2017,HickoryBottoms,D,9/14/2017,154,Pool
91517HBPoolD4,OTU1530,GS,100,BOLD:AAI1587,Animalia,Arthropoda,Arachnida,Araneae,Trachelidae,Trachelas,Trachelas similis,4,9/15/2017,HickoryBottoms,D,9/14/2017,154,Pool
91517HBPoolD4,OTU1534,GS,100,BOLD:AAH9588,Animalia,Arthropoda,Insecta,Hemiptera,Aphididae,Shivaphis,Shivaphis celti,5,9/15/2017,HickoryBottoms,D,9/14/2017,154,Pool
91517HBPoolD4,OTU1540,SS,0.74,BOLD:AAH7222,Animalia,Arthropoda,Insecta,Neuroptera,NA,NA,NA,6,9/15/2017,HickoryBottoms,D,9/14/2017,154,Pool
91517HBPoolD4,OTU1554,SS,0.92,BOLD:AAP2734,Animalia,Arthropoda,Insecta,Diptera,Limoniidae,Erioptera,Erioptera parva,23,9/15/2017,HickoryBottoms,D,9/14/2017,154,Pool
91517HBPoolD4,OTU1561,GS,99.4,BOLD:ACI9865,Animalia,Arthropoda,Insecta,Diptera,Tachinidae,Lixophaga,NA,29,9/15/2017,HickoryBottoms,D,9/14/2017,154,Pool
91517HBPoolD4,OTU1585,US,0.9934,BOLD:ACN0981,Animalia,Arthropoda,Insecta,Hymenoptera,NA,NA,NA,11,9/15/2017,HickoryBottoms,D,9/14/2017,154,Pool
91517HBPoolD4,OTU1636,SS,0.74,BOLD:AAF4632,Animalia,Arthropoda,Insecta,NA,NA,NA,NA,10,9/15/2017,HickoryBottoms,D,9/14/2017,154,Pool
91517HBPoolD4,OTU1664,SS,0.26,BOLD:AAF9008,Animalia,Arthropoda,Insecta,Diptera,NA,NA,NA,14,9/15/2017,HickoryBottoms,D,9/14/2017,154,Pool
91517HBPoolD4,OTU1679,GS,100,BOLD:AAA9175,Animalia,Arthropoda,Insecta,Lepidoptera,Gelechiidae,Aristotelia,Aristotelia rubidella,8,9/15/2017,HickoryBottoms,D,9/14/2017,154,Pool
91517HBPoolD4,OTU1683,SS,0.84,BOLD:AAF4632,Animalia,Arthropoda,Insecta,Diptera,Limoniidae,Epiphragma,Epiphragma solatrix,39,9/15/2017,HickoryBottoms,D,9/14/2017,154,Pool
91517HBPoolD4,OTU1696,GS,100,BOLD:ABX6073,Animalia,Arthropoda,Insecta,Lepidoptera,NA,NA,NA,28,9/15/2017,HickoryBottoms,D,9/14/2017,154,Pool
91517HBPoolD4,OTU1697,GS,99.4,BOLD:AAG8592,Animalia,Arthropoda,Insecta,Lepidoptera,Blastobasidae,Calosima,NA,46,9/15/2017,HickoryBottoms,D,9/14/2017,154,Pool
91517HBPoolD4,OTU1731,GS,99.4,BOLD:ABX5520,Animalia,Arthropoda,Insecta,Diptera,Tipulidae,Tipula,Tipula hermannia,27,9/15/2017,HickoryBottoms,D,9/14/2017,154,Pool
91517HBPoolD4,OTU1760,GS,100,BOLD:AAC2193,Animalia,Arthropoda,Insecta,Lepidoptera,Erebidae,Celiptera,Celiptera frustulum,24,9/15/2017,HickoryBottoms,D,9/14/2017,154,Pool
91517HBPoolD4,OTU1765,GS,97.8,BOLD:ABW2916,Animalia,Arthropoda,Insecta,Hemiptera,Cicadellidae,NA,NA,13,9/15/2017,HickoryBottoms,D,9/14/2017,154,Pool
91517HBPoolD4,OTU1799,SS,0.24,BOLD:AAA4967,Animalia,Arthropoda,Insecta,Lepidoptera,NA,NA,NA,25,9/15/2017,HickoryBottoms,D,9/14/2017,154,Pool
91517HBPoolD4,OTU1834,SS,0.74,BOLD:AAF4632,Animalia,Arthropoda,Insecta,Diptera,NA,NA,NA,12,9/15/2017,HickoryBottoms,D,9/14/2017,154,Pool
91517HBPoolD4,OTU1844,US,1,BOLD:AAQ3800,Animalia,Arthropoda,Insecta,Lepidoptera,NA,NA,NA,11,9/15/2017,HickoryBottoms,D,9/14/2017,154,Pool
91517HBPoolD4,OTU1845,SS,0.53,BOLD:AAB4070,Animalia,Arthropoda,Insecta,Lepidoptera,NA,NA,NA,1,9/15/2017,HickoryBottoms,D,9/14/2017,154,Pool
91517HBPoolD4,OTU1910,SS,0.87,BOLD:ABZ0908,Animalia,Arthropoda,Insecta,Diptera,Tipulidae,Nephrotoma,Nephrotoma ferruginea,5,9/15/2017,HickoryBottoms,D,9/14/2017,154,Pool
91517HBPoolD4,OTU1911,SS,0.65,BOLD:AAN5879,Animalia,Arthropoda,Insecta,Diptera,NA,NA,NA,6,9/15/2017,HickoryBottoms,D,9/14/2017,154,Pool
91517HBPoolD4,OTU1915,US,1,BOLD:ACJ3184,Animalia,Arthropoda,Insecta,Diptera,NA,NA,NA,13,9/15/2017,HickoryBottoms,D,9/14/2017,154,Pool
9152017EGA1,OTU1,US,0.0026,BOLD:AAD6798,Animalia,Arthropoda,Insecta,Diptera,NA,NA,NA,819,9/15/2017,Egner,A,9/18/2017,0,Single
9152017EGA1,OTU4,GS,100,BOLD:AAN5882,Animalia,Arthropoda,Insecta,Diptera,Limoniidae,Erioptera,Erioptera caliptera,29198,9/15/2017,Egner,A,9/18/2017,0,Single
9152017EGA1,OTU57,GS,100,BOLD:AAI1618,Animalia,Arthropoda,Insecta,Diptera,Culicidae,Coquillettidia,Coquillettidia perturbans,100,9/15/2017,Egner,A,9/18/2017,0,Single
9152017EGA1,OTU99,US,1,BOLD:ACF7919,Animalia,Arthropoda,Collembola,Poduromorpha,NA,NA,NA,270,9/15/2017,Egner,A,9/18/2017,0,Single
9152017EGA1,OTU258,GS,100,BOLD:ACA7555,Animalia,Arthropoda,Insecta,Diptera,Chironomidae,NA,NA,5,9/15/2017,Egner,A,9/18/2017,0,Single
9152017EGA1,OTU277,GS,99.4,BOLD:ABX3358,Animalia,Arthropoda,Insecta,Diptera,Chironomidae,NA,NA,16,9/15/2017,Egner,A,9/18/2017,0,Single
9152017EGA1,OTU283,GS,100,BOLD:AAZ5968,Animalia,Arthropoda,Insecta,Diptera,Limoniidae,NA,NA,7,9/15/2017,Egner,A,9/18/2017,0,Single
9152017EGA1,OTU760,GS,100,BOLD:AAK1384,Animalia,Arthropoda,Insecta,Diptera,Tabanidae,Tabanus,Tabanus atratus,16,9/15/2017,Egner,A,9/18/2017,0,Single
9152017EGA1,OTU912,US,0,BOLD:ACK2644,Animalia,Arthropoda,Insecta,Diptera,NA,NA,NA,72,9/15/2017,Egner,A,9/18/2017,0,Single
9152017EGA1,OTU1106,US,1,BOLD:ACG8386,Animalia,Arthropoda,Insecta,Coleoptera,NA,NA,NA,1,9/15/2017,Egner,A,9/18/2017,0,Single
9152017EGA1,OTU1292,GS,97.8,BOLD:AAN5882,Animalia,Arthropoda,Insecta,Diptera,Limoniidae,Erioptera,Erioptera caliptera,4,9/15/2017,Egner,A,9/18/2017,0,Single
9152017EGA1,OTU1317,SS,0.01,BOLD:AAN5451,Animalia,Arthropoda,Arachnida,Araneae,Araneidae,Eustala,NA,2,9/15/2017,Egner,A,9/18/2017,0,Single
9152017EGA1,OTU1366,GS,97.8,BOLD:AAG1128,Animalia,Arthropoda,Insecta,Lepidoptera,Gracillariidae,Phyllonorycter,Phyllonorycter trinotella,7,9/15/2017,Egner,A,9/18/2017,0,Single
9152017EGA1,OTU1480,US,0.9249,BOLD:AAN5882,Animalia,Arthropoda,Insecta,Diptera,NA,NA,NA,1,9/15/2017,Egner,A,9/18/2017,0,Single
9152017EGA1,OTU1504,SS,0.08,BOLD:ACB5181,Animalia,Arthropoda,Insecta,Diptera,NA,NA,NA,55,9/15/2017,Egner,A,9/18/2017,0,Single
9152017EGA1,OTU1673,GS,100,BOLD:AAV5580,Animalia,Arthropoda,Insecta,Diptera,Cecidomyiidae,NA,NA,26,9/15/2017,Egner,A,9/18/2017,0,Single
9152017EGA1,OTU1798,GS,100,BOLD:ACP7666,Animalia,Arthropoda,Insecta,Psocodea,Philotarsidae,Aaroniella,Aaroniella badonneli,22,9/15/2017,Egner,A,9/18/2017,0,Single
9152017EGA2,OTU99,US,1,BOLD:ACF7919,Animalia,Arthropoda,Collembola,Poduromorpha,NA,NA,NA,4673,9/15/2017,Egner,A,9/18/2017,0,Single
9152017EGA2,OTU118,US,1,None,Animalia,Arthropoda,Arachnida,Mesostigmata,NA,NA,NA,6113,9/15/2017,Egner,A,9/18/2017,0,Single
9152017EGA2,OTU179,US,0.3913,None,Animalia,Arthropoda,Arachnida,Araneae,NA,NA,NA,436,9/15/2017,Egner,A,9/18/2017,0,Single
9152017EGA2,OTU260,US,1,None,Animalia,Arthropoda,Insecta,Diptera,NA,NA,NA,11,9/15/2017,Egner,A,9/18/2017,0,Single
9152017EGA2,OTU451,US,1,None,Animalia,Arthropoda,Insecta,Hymenoptera,NA,NA,NA,6,9/15/2017,Egner,A,9/18/2017,0,Single
9152017EGA2,OTU773,US,0,BOLD:AAY5874,Animalia,Arthropoda,Arachnida,Sarcoptiformes,NA,NA,NA,175,9/15/2017,Egner,A,9/18/2017,0,Single
9152017EGA2,OTU1051,US,0.2887,BOLD:ACJ2256,Animalia,Arthropoda,Insecta,Trichoptera,NA,NA,NA,7,9/15/2017,Egner,A,9/18/2017,0,Single
9152017EGA2,OTU1082,US,1,None,Animalia,Arthropoda,Insecta,Diptera,NA,NA,NA,1,9/15/2017,Egner,A,9/18/2017,0,Single
9152017EGA2,OTU1106,US,1,BOLD:ACG8386,Animalia,Arthropoda,Insecta,Coleoptera,NA,NA,NA,20,9/15/2017,Egner,A,9/18/2017,0,Single
9152017EGA2,OTU1122,US,1,None,Animalia,Arthropoda,Arachnida,Mesostigmata,NA,NA,NA,13,9/15/2017,Egner,A,9/18/2017,0,Single
9152017EGA2,OTU1150,US,0.9934,BOLD:ABW8929,Animalia,Arthropoda,Maxillopoda,Cyclopoida,NA,NA,NA,73,9/15/2017,Egner,A,9/18/2017,0,Single
9152017EGA2,OTU1166,US,1,BOLD:ACA7553,Animalia,Arthropoda,Insecta,Diptera,NA,NA,NA,2,9/15/2017,Egner,A,9/18/2017,0,Single
9152017EGA2,OTU1427,US,1,BOLD:ACN9645,Animalia,Arthropoda,Arachnida,Araneae,NA,NA,NA,12,9/15/2017,Egner,A,9/18/2017,0,Single
9152017EGA2,OTU1763,US,1,None,Animalia,Arthropoda,Arachnida,Araneae,NA,NA,NA,1,9/15/2017,Egner,A,9/18/2017,0,Single
9152017EGA2,OTU1767,US,1,BOLD:AAC0301,Animalia,Arthropoda,Insecta,Diptera,NA,NA,NA,19,9/15/2017,Egner,A,9/18/2017,0,Single
9152017EGA2,OTU1802,US,1,None,Animalia,Arthropoda,Insecta,Diptera,NA,NA,NA,17,9/15/2017,Egner,A,9/18/2017,0,Single
9152017EGA2,OTU1840,US,0,None,Animalia,Arthropoda,Collembola,Entomobryomorpha,NA,NA,NA,15,9/15/2017,Egner,A,9/18/2017,0,Single
9152017EGA3,OTU5,GS,99.4,BOLD:AAN5451,Animalia,Arthropoda,Arachnida,Araneae,Araneidae,Eustala,NA,19499,9/15/2017,Egner,A,9/18/2017,0,Single
9152017EGA3,OTU7,GS,100,BOLD:AAF4632,Animalia,Arthropoda,Insecta,Diptera,Limoniidae,Epiphragma,Epiphragma solatrix,1113,9/15/2017,Egner,A,9/18/2017,0,Single
9152017EGA3,OTU11,GS,99.4,BOLD:AAG3848,Animalia,Arthropoda,Insecta,Diptera,Culicidae,Culex,Culex erraticus,9394,9/15/2017,Egner,A,9/18/2017,0,Single
9152017EGA3,OTU16,GS,100,BOLD:AAA7067,Animalia,Arthropoda,Insecta,Diptera,Culicidae,Aedes,Aedes vexans,207,9/15/2017,Egner,A,9/18/2017,0,Single
9152017EGA3,OTU33,GS,100,BOLD:AAB8714,Animalia,Arthropoda,Arachnida,Araneae,Tetragnathidae,Leucauge,Leucauge venusta,173,9/15/2017,Egner,A,9/18/2017,0,Single
9152017EGA3,OTU34,GS,100,BOLD:AAM6211,Animalia,Arthropoda,Insecta,Diptera,Chironomidae,Glyptotendipes,NA,1823,9/15/2017,Egner,A,9/18/2017,0,Single
9152017EGA3,OTU35,GS,100,BOLD:ABW4215,Animalia,Arthropoda,Insecta,Diptera,Chironomidae,Glyptotendipes,Glyptotendipes meridionalis,11661,9/15/2017,Egner,A,9/18/2017,0,Single
9152017EGA3,OTU42,US,1,None,Animalia,Arthropoda,Insecta,Diptera,NA,NA,NA,147,9/15/2017,Egner,A,9/18/2017,0,Single
9152017EGA3,OTU68,GS,100,BOLD:AAB7030,Animalia,Arthropoda,Insecta,Diptera,Chironomidae,Chironomus,Chironomus decorus,341,9/15/2017,Egner,A,9/18/2017,0,Single
9152017EGA3,OTU71,GSL,100,BOLD:AAA7661,Animalia,Arthropoda,Insecta,Diptera,Culicidae,NA,NA,64,9/15/2017,Egner,A,9/18/2017,0,Single
9152017EGA3,OTU76,US,1,BOLD:ACY1454,Animalia,Arthropoda,Insecta,Hemiptera,NA,NA,NA,83,9/15/2017,Egner,A,9/18/2017,0,Single
9152017EGA3,OTU88,GS,100,BOLD:AAE0434,Animalia,Arthropoda,Insecta,Diptera,Culicidae,Uranotaenia,Uranotaenia sapphirina,383,9/15/2017,Egner,A,9/18/2017,0,Single
9152017EGA3,OTU97,GS,100,BOLD:AAB7935,Animalia,Arthropoda,Arachnida,Araneae,Araneidae,Eustala,Eustala cepina,333,9/15/2017,Egner,A,9/18/2017,0,Single
9152017EGA3,OTU144,GS,100,BOLD:AAN6304,Animalia,Arthropoda,Arachnida,Araneae,Araneidae,Araneus,Araneus guttulatus,53,9/15/2017,Egner,A,9/18/2017,0,Single
9152017EGA3,OTU198,GS,99.4,BOLD:ABZ1242,Animalia,Arthropoda,Insecta,Diptera,Chironomidae,NA,NA,362,9/15/2017,Egner,A,9/18/2017,0,Single
9152017EGA3,OTU219,GS,100,BOLD:AAD1855,Animalia,Arthropoda,Insecta,Lepidoptera,Tortricidae,Episimus,Episimus tyrius,118,9/15/2017,Egner,A,9/18/2017,0,Single
9152017EGA3,OTU258,GS,100,BOLD:ACA7555,Animalia,Arthropoda,Insecta,Diptera,Chironomidae,NA,NA,341,9/15/2017,Egner,A,9/18/2017,0,Single
9152017EGA3,OTU266,US,0,None,Animalia,Arthropoda,Insecta,Diptera,NA,NA,NA,11,9/15/2017,Egner,A,9/18/2017,0,Single
9152017EGA3,OTU283,GS,100,BOLD:AAZ5968,Animalia,Arthropoda,Insecta,Diptera,Limoniidae,NA,NA,20,9/15/2017,Egner,A,9/18/2017,0,Single
9152017EGA3,OTU371,GS,100,BOLD:ABX9756,Animalia,Arthropoda,Insecta,Diptera,NA,NA,NA,13,9/15/2017,Egner,A,9/18/2017,0,Single
9152017EGA3,OTU426,GS,98.9,BOLD:ABX4602,Animalia,Arthropoda,Insecta,Blattodea,Ectobiidae,NA,NA,67,9/15/2017,Egner,A,9/18/2017,0,Single
9152017EGA3,OTU467,GS,100,BOLD:AAA8999,Animalia,Arthropoda,Arachnida,Araneae,Araneidae,Larinioides,Larinioides cornutus,26,9/15/2017,Egner,A,9/18/2017,0,Single
9152017EGA3,OTU557,GS,98.3,BOLD:AAO7609,Animalia,Arthropoda,Insecta,Diptera,NA,NA,NA,62,9/15/2017,Egner,A,9/18/2017,0,Single
9152017EGA3,OTU636,GS,99.4,BOLD:AAM6230,Animalia,Arthropoda,Insecta,Diptera,Chironomidae,Chironomus,NA,23,9/15/2017,Egner,A,9/18/2017,0,Single
9152017EGA3,OTU656,GS,99.4,BOLD:AAZ0144,Animalia,Arthropoda,Insecta,Diptera,Chironomidae,Chironomus,NA,96,9/15/2017,Egner,A,9/18/2017,0,Single
9152017EGA3,OTU839,GS,100,BOLD:AAC0706,Animalia,Arthropoda,Insecta,Diptera,Chironomidae,Dicrotendipes,Dicrotendipes tritomus,98,9/15/2017,Egner,A,9/18/2017,0,Single
9152017EGA3,OTU858,GS,99.4,BOLD:AAP1271,Animalia,Arthropoda,Insecta,Diptera,Chironomidae,NA,NA,27,9/15/2017,Egner,A,9/18/2017,0,Single
9152017EGA3,OTU944,GS,100,BOLD:AAB1667,Animalia,Arthropoda,Insecta,Lepidoptera,Tortricidae,Argyrotaenia,Argyrotaenia quercifoliana,438,9/15/2017,Egner,A,9/18/2017,0,Single
9152017EGA3,OTU962,US,0.1136,BOLD:ACL3138,Animalia,Arthropoda,Insecta,Hymenoptera,NA,NA,NA,118,9/15/2017,Egner,A,9/18/2017,0,Single
9152017EGA3,OTU989,GS,100,BOLD:AAH4556,Animalia,Arthropoda,Insecta,Lepidoptera,Nepticulidae,Zimmermannia,Zimmermannia bosquella,125,9/15/2017,Egner,A,9/18/2017,0,Single
9152017EGA3,OTU1096,US,0,BOLD:ACN8346,Animalia,Arthropoda,Insecta,Diptera,NA,NA,NA,22,9/15/2017,Egner,A,9/18/2017,0,Single
9152017EGA3,OTU1097,GS,97.2,BOLD:AAN5451,Animalia,Arthropoda,Arachnida,Araneae,Araneidae,Eustala,NA,847,9/15/2017,Egner,A,9/18/2017,0,Single
9152017EGA3,OTU1210,GS,97.2,BOLD:AAF4632,Animalia,Arthropoda,Insecta,Diptera,Limoniidae,Epiphragma,Epiphragma solatrix,49,9/15/2017,Egner,A,9/18/2017,0,Single
9152017EGA3,OTU1238,GS,100,BOLD:ACN1984,Animalia,Arthropoda,Insecta,Diptera,Chironomidae,Polypedilum,NA,90,9/15/2017,Egner,A,9/18/2017,0,Single
9152017EGA3,OTU1265,SS,0.83,BOLD:AAF4632,Animalia,Arthropoda,Insecta,Diptera,Limoniidae,Epiphragma,Epiphragma solatrix,7,9/15/2017,Egner,A,9/18/2017,0,Single
9152017EGA3,OTU1298,GS,97.2,BOLD:ACG9897,Animalia,Arthropoda,Insecta,Diptera,Ceratopogonidae,NA,NA,9,9/15/2017,Egner,A,9/18/2017,0,Single
9152017EGA3,OTU1317,SS,0.01,BOLD:AAN5451,Animalia,Arthropoda,Arachnida,Araneae,Araneidae,Eustala,NA,25,9/15/2017,Egner,A,9/18/2017,0,Single
9152017EGA3,OTU1350,GS,97.2,BOLD:AAA7067,Animalia,Arthropoda,Insecta,Diptera,Culicidae,Aedes,Aedes vexans,47,9/15/2017,Egner,A,9/18/2017,0,Single
9152017EGA3,OTU1351,SS,0.94,BOLD:AAB7030,Animalia,Arthropoda,Insecta,Diptera,Chironomidae,Chironomus,Chironomus decorus,10,9/15/2017,Egner,A,9/18/2017,0,Single
9152017EGA3,OTU1403,SS,0.36,BOLD:ACV0130,Animalia,Arthropoda,Insecta,Diptera,NA,NA,NA,5,9/15/2017,Egner,A,9/18/2017,0,Single
9152017EGA3,OTU1404,GS,99.4,BOLD:ADH9777,Animalia,Arthropoda,Insecta,Diptera,Cecidomyiidae,NA,NA,17,9/15/2017,Egner,A,9/18/2017,0,Single
9152017EGA3,OTU1544,GS,99.4,BOLD:ABX3676,Animalia,Arthropoda,Insecta,Diptera,Ceratopogonidae,NA,NA,26,9/15/2017,Egner,A,9/18/2017,0,Single
9152017EGA3,OTU1567,GS,99.4,BOLD:ACA4844,Animalia,Arthropoda,Insecta,Diptera,Chironomidae,NA,NA,42,9/15/2017,Egner,A,9/18/2017,0,Single
9152017EGA3,OTU1636,SS,0.74,BOLD:AAF4632,Animalia,Arthropoda,Insecta,NA,NA,NA,NA,3,9/15/2017,Egner,A,9/18/2017,0,Single
9152017EGA3,OTU1702,SS,0.77,BOLD:ACU0116,Animalia,Arthropoda,Insecta,Hymenoptera,NA,NA,NA,1,9/15/2017,Egner,A,9/18/2017,0,Single
9152017EGA3,OTU1741,GS,98.3,BOLD:AAP9050,Animalia,Arthropoda,Insecta,Diptera,Ceratopogonidae,NA,NA,74,9/15/2017,Egner,A,9/18/2017,0,Single
9152017EGA3,OTU1743,US,0.986,BOLD:AAH4935,Animalia,Arthropoda,Insecta,Lepidoptera,NA,NA,NA,13,9/15/2017,Egner,A,9/18/2017,0,Single
9152017EGA3,OTU1756,SS,0.97,BOLD:AAG3848,Animalia,Arthropoda,Insecta,Diptera,Culicidae,Culex,Culex erraticus,44,9/15/2017,Egner,A,9/18/2017,0,Single
9152017EGA3,OTU1790,GS,98.3,BOLD:AAZ0144,Animalia,Arthropoda,Insecta,Diptera,Chironomidae,Chironomus,NA,23,9/15/2017,Egner,A,9/18/2017,0,Single
9152017EGA3,OTU1818,GS,97.9,BOLD:AAF4632,Animalia,Arthropoda,Insecta,Diptera,Limoniidae,Epiphragma,Epiphragma solatrix,1,9/15/2017,Egner,A,9/18/2017,0,Single
9152017EGA3,OTU1826,GS,100,BOLD:AAF8961,Animalia,Arthropoda,Insecta,Lepidoptera,Tischeriidae,Tischeria,Tischeria quercitella,7,9/15/2017,Egner,A,9/18/2017,0,Single
9152017EGA3,OTU1871,SS,0.85,BOLD:AAG3848,Animalia,Arthropoda,Insecta,Diptera,Culicidae,Culex,Culex erraticus,26,9/15/2017,Egner,A,9/18/2017,0,Single
9152017EGA3,OTU1878,SS,0.78,BOLD:ABW4215,Animalia,Arthropoda,Insecta,Diptera,NA,NA,NA,163,9/15/2017,Egner,A,9/18/2017,0,Single
9152017EGA3,OTU1919,GS,98.3,BOLD:ACJ1988,Animalia,Arthropoda,Insecta,Diptera,Ceratopogonidae,NA,NA,11,9/15/2017,Egner,A,9/18/2017,0,Single
9152017EGA4,OTU14,GS,99.4,BOLD:AAO3940,Animalia,Arthropoda,Insecta,Diptera,Limoniidae,Rhipidia,NA,22884,9/15/2017,Egner,A,9/18/2017,0,Single
9152017EGA4,OTU16,GS,100,BOLD:AAA7067,Animalia,Arthropoda,Insecta,Diptera,Culicidae,Aedes,Aedes vexans,2100,9/15/2017,Egner,A,9/18/2017,0,Single
9152017EGA4,OTU21,GS,100,BOLD:ACR3763,Animalia,Arthropoda,Insecta,Coleoptera,Ptilodactylidae,Ptilodactyla,Ptilodactyla serricollis,89,9/15/2017,Egner,A,9/18/2017,0,Single
9152017EGA4,OTU35,GS,100,BOLD:ABW4215,Animalia,Arthropoda,Insecta,Diptera,Chironomidae,Glyptotendipes,Glyptotendipes meridionalis,322,9/15/2017,Egner,A,9/18/2017,0,Single
9152017EGA4,OTU68,GS,100,BOLD:AAB7030,Animalia,Arthropoda,Insecta,Diptera,Chironomidae,Chironomus,Chironomus decorus,7301,9/15/2017,Egner,A,9/18/2017,0,Single
9152017EGA4,OTU93,GS,99.4,BOLD:AAM4329,Animalia,Arthropoda,Insecta,Hemiptera,Cimicidae,Cimex,Cimex adjunctus,104,9/15/2017,Egner,A,9/18/2017,0,Single
9152017EGA4,OTU564,GS,100,BOLD:ABX9086,Animalia,Arthropoda,Insecta,Lepidoptera,Bucculatricidae,Bucculatrix,Bucculatrix solidaginiella,4,9/15/2017,Egner,A,9/18/2017,0,Single
9152017EGA4,OTU612,GS,100,BOLD:AAB2495,Animalia,Arthropoda,Insecta,Lepidoptera,Tortricidae,Epiblema,Epiblema otiosana,7,9/15/2017,Egner,A,9/18/2017,0,Single
9152017EGA4,OTU727,US,0,BOLD:ACK0262,Animalia,Arthropoda,Insecta,Diptera,NA,NA,NA,298,9/15/2017,Egner,A,9/18/2017,0,Single
9152017EGA4,OTU729,GS,100,BOLD:AAA7282,Animalia,Arthropoda,Insecta,Lepidoptera,Tortricidae,Cydia,Cydia caryana,4,9/15/2017,Egner,A,9/18/2017,0,Single
9152017EGA4,OTU822,GS,97.8,BOLD:ACU1440,Animalia,Arthropoda,Insecta,Blattodea,Ectobiidae,Parcoblatta,Parcoblatta lata,2,9/15/2017,Egner,A,9/18/2017,0,Single
9152017EGA4,OTU907,SS,0.01,BOLD:AAO3940,Animalia,Arthropoda,Insecta,Diptera,Limoniidae,Rhipidia,NA,36,9/15/2017,Egner,A,9/18/2017,0,Single
9152017EGA4,OTU935,SS,0.01,BOLD:AAO3940,Animalia,Arthropoda,Insecta,Diptera,Limoniidae,Rhipidia,NA,22,9/15/2017,Egner,A,9/18/2017,0,Single
9152017EGA4,OTU999,GS,99.4,BOLD:AAG6831,Animalia,Arthropoda,Insecta,Diptera,Ceratopogonidae,Sphaeromias,NA,3,9/15/2017,Egner,A,9/18/2017,0,Single
9152017EGA4,OTU1028,US,0.9881,BOLD:ACI4589,Animalia,Arthropoda,Insecta,Coleoptera,NA,NA,NA,1,9/15/2017,Egner,A,9/18/2017,0,Single
9152017EGA4,OTU1056,US,0.9972,BOLD:AAN2749,Animalia,Arthropoda,Insecta,Lepidoptera,NA,NA,NA,3,9/15/2017,Egner,A,9/18/2017,0,Single
9152017EGA4,OTU1166,US,1,BOLD:ACA7553,Animalia,Arthropoda,Insecta,Diptera,NA,NA,NA,1,9/15/2017,Egner,A,9/18/2017,0,Single
9152017EGA4,OTU1171,US,0.3056,BOLD:ABA0080,Animalia,Arthropoda,Insecta,Diptera,NA,NA,NA,4,9/15/2017,Egner,A,9/18/2017,0,Single
9152017EGA4,OTU1238,GS,100,BOLD:ACN1984,Animalia,Arthropoda,Insecta,Diptera,Chironomidae,Polypedilum,NA,1,9/15/2017,Egner,A,9/18/2017,0,Single
9152017EGA4,OTU1350,GS,97.2,BOLD:AAA7067,Animalia,Arthropoda,Insecta,Diptera,Culicidae,Aedes,Aedes vexans,101,9/15/2017,Egner,A,9/18/2017,0,Single
9152017EGA4,OTU1351,SS,0.94,BOLD:AAB7030,Animalia,Arthropoda,Insecta,Diptera,Chironomidae,Chironomus,Chironomus decorus,283,9/15/2017,Egner,A,9/18/2017,0,Single
9152017EGA4,OTU1368,GS,97.2,BOLD:ABU6554,Animalia,Arthropoda,Insecta,Diptera,NA,NA,NA,3,9/15/2017,Egner,A,9/18/2017,0,Single
9152017EGA4,OTU1428,SS,0.76,BOLD:ACI4204,Animalia,Arthropoda,Insecta,Hymenoptera,NA,NA,NA,4,9/15/2017,Egner,A,9/18/2017,0,Single
9152017EGA4,OTU1565,US,0,BOLD:ACK0262,Animalia,Arthropoda,Insecta,Diptera,NA,NA,NA,57,9/15/2017,Egner,A,9/18/2017,0,Single
9152017EGA4,OTU1658,GS,98.9,BOLD:AAF8214,Animalia,Arthropoda,Insecta,Lepidoptera,NA,NA,NA,10,9/15/2017,Egner,A,9/18/2017,0,Single
9152017EGA4,OTU1790,GS,98.3,BOLD:AAZ0144,Animalia,Arthropoda,Insecta,Diptera,Chironomidae,Chironomus,NA,1,9/15/2017,Egner,A,9/18/2017,0,Single
9152017EGA4,OTU1895,US,0.9967,BOLD:ACK0262,Animalia,Arthropoda,Insecta,Diptera,NA,NA,NA,38,9/15/2017,Egner,A,9/18/2017,0,Single
9152017EGA5,OTU1,US,0.0026,BOLD:AAD6798,Animalia,Arthropoda,Insecta,Diptera,NA,NA,NA,837,9/15/2017,Egner,A,9/18/2017,0,Single
9152017EGA5,OTU7,GS,100,BOLD:AAF4632,Animalia,Arthropoda,Insecta,Diptera,Limoniidae,Epiphragma,Epiphragma solatrix,658,9/15/2017,Egner,A,9/18/2017,0,Single
9152017EGA5,OTU11,GS,99.4,BOLD:AAG3848,Animalia,Arthropoda,Insecta,Diptera,Culicidae,Culex,Culex erraticus,5572,9/15/2017,Egner,A,9/18/2017,0,Single
9152017EGA5,OTU28,GS,100,BOLD:AAM6784,Animalia,Arthropoda,Insecta,Diptera,Dolichopodidae,NA,NA,379,9/15/2017,Egner,A,9/18/2017,0,Single
9152017EGA5,OTU34,GS,100,BOLD:AAM6211,Animalia,Arthropoda,Insecta,Diptera,Chironomidae,Glyptotendipes,NA,3653,9/15/2017,Egner,A,9/18/2017,0,Single
9152017EGA5,OTU42,US,1,None,Animalia,Arthropoda,Insecta,Diptera,NA,NA,NA,248,9/15/2017,Egner,A,9/18/2017,0,Single
9152017EGA5,OTU76,US,1,BOLD:ACY1454,Animalia,Arthropoda,Insecta,Hemiptera,NA,NA,NA,233,9/15/2017,Egner,A,9/18/2017,0,Single
9152017EGA5,OTU87,US,0,BOLD:ABY2339,Animalia,Arthropoda,Insecta,Diptera,NA,NA,NA,223,9/15/2017,Egner,A,9/18/2017,0,Single
9152017EGA5,OTU101,US,0.2887,None,Animalia,Arthropoda,Insecta,Hemiptera,NA,NA,NA,194,9/15/2017,Egner,A,9/18/2017,0,Single
9152017EGA5,OTU106,US,1,None,Animalia,Arthropoda,Insecta,Coleoptera,NA,NA,NA,574,9/15/2017,Egner,A,9/18/2017,0,Single
9152017EGA5,OTU132,US,1,None,Animalia,Arthropoda,Hexanauplia,Harpacticoida,NA,NA,NA,529,9/15/2017,Egner,A,9/18/2017,0,Single
9152017EGA5,OTU238,GS,100,BOLD:AAC2281,Animalia,Arthropoda,Insecta,Diptera,Culicidae,Anopheles,Anopheles quadrimaculatus,11,9/15/2017,Egner,A,9/18/2017,0,Single
9152017EGA5,OTU258,GS,100,BOLD:ACA7555,Animalia,Arthropoda,Insecta,Diptera,Chironomidae,NA,NA,11,9/15/2017,Egner,A,9/18/2017,0,Single
9152017EGA5,OTU260,US,1,None,Animalia,Arthropoda,Insecta,Diptera,NA,NA,NA,149,9/15/2017,Egner,A,9/18/2017,0,Single
9152017EGA5,OTU266,US,0,None,Animalia,Arthropoda,Insecta,Diptera,NA,NA,NA,49,9/15/2017,Egner,A,9/18/2017,0,Single
9152017EGA5,OTU279,US,0.9881,BOLD:AAL9881,Animalia,Arthropoda,Arachnida,Araneae,NA,NA,NA,655,9/15/2017,Egner,A,9/18/2017,0,Single
9152017EGA5,OTU308,GS,99.4,BOLD:AAG8899,Animalia,Arthropoda,Insecta,Hemiptera,Pentatomidae,Dendrocoris,Dendrocoris humeralis,1780,9/15/2017,Egner,A,9/18/2017,0,Single
9152017EGA5,OTU355,GS,99.4,BOLD:AAB3917,Animalia,Arthropoda,Insecta,Lepidoptera,Depressariidae,Psilocorsis,Psilocorsis quercicella,114,9/15/2017,Egner,A,9/18/2017,0,Single
9152017EGA5,OTU360,US,0.9803,BOLD:ACA7899,Animalia,Arthropoda,Insecta,Lepidoptera,NA,NA,NA,1359,9/15/2017,Egner,A,9/18/2017,0,Single
9152017EGA5,OTU369,SS,0.79,BOLD:ACS7984,Animalia,Arthropoda,Insecta,Hemiptera,NA,NA,NA,145,9/15/2017,Egner,A,9/18/2017,0,Single
9152017EGA5,OTU498,GSL,99.4,BOLD:AAI2160,Animalia,Arthropoda,Insecta,Odonata,Coenagrionidae,Ischnura,Ischnura posita,42,9/15/2017,Egner,A,9/18/2017,0,Single
9152017EGA5,OTU541,US,0.9919,BOLD:AAJ2923,Animalia,Arthropoda,Insecta,Hemiptera,NA,NA,NA,41,9/15/2017,Egner,A,9/18/2017,0,Single
9152017EGA5,OTU636,GS,99.4,BOLD:AAM6230,Animalia,Arthropoda,Insecta,Diptera,Chironomidae,Chironomus,NA,19,9/15/2017,Egner,A,9/18/2017,0,Single
9152017EGA5,OTU647,GS,98.3,BOLD:AAB7934,Animalia,Arthropoda,Arachnida,Araneae,Araneidae,Eustala,Eustala emertoni,215,9/15/2017,Egner,A,9/18/2017,0,Single
9152017EGA5,OTU686,US,0.9919,BOLD:ACT2785,Animalia,Arthropoda,Insecta,Hymenoptera,NA,NA,NA,18,9/15/2017,Egner,A,9/18/2017,0,Single
9152017EGA5,OTU689,SS,0.68,BOLD:ACR6277,Animalia,Arthropoda,Insecta,Hemiptera,NA,NA,NA,111,9/15/2017,Egner,A,9/18/2017,0,Single
9152017EGA5,OTU741,GS,100,BOLD:AAA4123,Animalia,Arthropoda,Arachnida,Araneae,Araneidae,Neoscona,Neoscona arabesca,155,9/15/2017,Egner,A,9/18/2017,0,Single
9152017EGA5,OTU757,GS,100,BOLD:ABA3960,Animalia,Arthropoda,Insecta,Coleoptera,Chrysomelidae,Paria,Paria fragariae,104,9/15/2017,Egner,A,9/18/2017,0,Single
9152017EGA5,OTU805,GS,100,BOLD:AAI6172,Animalia,Arthropoda,Insecta,Lepidoptera,Nepticulidae,Ectoedemia,Ectoedemia ulmella,61,9/15/2017,Egner,A,9/18/2017,0,Single
9152017EGA5,OTU812,US,0.3913,None,Animalia,Arthropoda,Maxillopoda,Calanoida,NA,NA,NA,43,9/15/2017,Egner,A,9/18/2017,0,Single
9152017EGA5,OTU910,US,0.0269,BOLD:ACY2082,Animalia,Arthropoda,Insecta,Trichoptera,NA,NA,NA,163,9/15/2017,Egner,A,9/18/2017,0,Single
9152017EGA5,OTU926,US,0.2259,BOLD:ACT0291,Animalia,Arthropoda,Arachnida,Araneae,NA,NA,NA,129,9/15/2017,Egner,A,9/18/2017,0,Single
9152017EGA5,OTU960,US,1,None,Animalia,Arthropoda,Collembola,Entomobryomorpha,NA,NA,NA,125,9/15/2017,Egner,A,9/18/2017,0,Single
9152017EGA5,OTU995,GS,100,BOLD:AAN6208,Animalia,Arthropoda,Insecta,Coleoptera,Aderidae,NA,NA,69,9/15/2017,Egner,A,9/18/2017,0,Single
9152017EGA5,OTU1031,GS,100,BOLD:AAY2624,Animalia,Arthropoda,Insecta,Hemiptera,Aphididae,Grylloprociphilus,Grylloprociphilus imbricator,46,9/15/2017,Egner,A,9/18/2017,0,Single
9152017EGA5,OTU1210,GS,97.2,BOLD:AAF4632,Animalia,Arthropoda,Insecta,Diptera,Limoniidae,Epiphragma,Epiphragma solatrix,34,9/15/2017,Egner,A,9/18/2017,0,Single
9152017EGA5,OTU1236,GS,99.4,BOLD:AAN5354,Animalia,Arthropoda,Insecta,Diptera,Chironomidae,NA,NA,13,9/15/2017,Egner,A,9/18/2017,0,Single
9152017EGA5,OTU1259,US,0,BOLD:ACW9107,Animalia,Arthropoda,Insecta,Hymenoptera,NA,NA,NA,50,9/15/2017,Egner,A,9/18/2017,0,Single
9152017EGA5,OTU1268,GS,97.8,BOLD:AAM6211,Animalia,Arthropoda,Insecta,Diptera,Chironomidae,Glyptotendipes,NA,687,9/15/2017,Egner,A,9/18/2017,0,Single
9152017EGA5,OTU1362,GS,100,BOLD:ACE7629,Animalia,Arthropoda,Insecta,Lepidoptera,Geometridae,Cyclophora,Cyclophora packardi,81,9/15/2017,Egner,A,9/18/2017,0,Single
9152017EGA5,OTU1403,SS,0.36,BOLD:ACV0130,Animalia,Arthropoda,Insecta,Diptera,NA,NA,NA,6,9/15/2017,Egner,A,9/18/2017,0,Single
9152017EGA5,OTU1416,GS,100,BOLD:AAC2657,Animalia,Arthropoda,Insecta,Lepidoptera,Coleophoridae,Coleophora,Coleophora salinoidella,15,9/15/2017,Egner,A,9/18/2017,0,Single
9152017EGA5,OTU1463,GS,100,BOLD:ACU7418,Animalia,Arthropoda,Insecta,Lepidoptera,Gracillariidae,Parornix,NA,47,9/15/2017,Egner,A,9/18/2017,0,Single
9152017EGA5,OTU1475,GS,100,BOLD:AAC2452,Animalia,Arthropoda,Insecta,Lepidoptera,Zygaenidae,Acoloithus,Acoloithus falsarius,42,9/15/2017,Egner,A,9/18/2017,0,Single
9152017EGA5,OTU1502,GS,100,BOLD:AAA7880,Animalia,Arthropoda,Insecta,Lepidoptera,Crambidae,Nomophila,Nomophila noctuella,1,9/15/2017,Egner,A,9/18/2017,0,Single
9152017EGA5,OTU1537,SS,0.66,BOLD:AAC1892,Animalia,Arthropoda,Insecta,NA,NA,NA,NA,14,9/15/2017,Egner,A,9/18/2017,0,Single
9152017EGA5,OTU1557,US,0.2833,BOLD:AAI2259,Animalia,Arthropoda,Arachnida,Araneae,NA,NA,NA,26,9/15/2017,Egner,A,9/18/2017,0,Single
9152017EGA5,OTU1683,SS,0.84,BOLD:AAF4632,Animalia,Arthropoda,Insecta,Diptera,Limoniidae,Epiphragma,Epiphragma solatrix,4,9/15/2017,Egner,A,9/18/2017,0,Single
9152017EGA5,OTU1800,US,0.3913,None,Animalia,Arthropoda,Insecta,Diptera,NA,NA,NA,6,9/15/2017,Egner,A,9/18/2017,0,Single
9152017EGA5,OTU1812,GS,100,BOLD:AAK7043,Animalia,Arthropoda,Insecta,Lepidoptera,Tineidae,Mea,Mea bipunctella,12,9/15/2017,Egner,A,9/18/2017,0,Single
9152017EGA5,OTU1818,GS,97.9,BOLD:AAF4632,Animalia,Arthropoda,Insecta,Diptera,Limoniidae,Epiphragma,Epiphragma solatrix,1,9/15/2017,Egner,A,9/18/2017,0,Single
9152017EGA5,OTU1834,SS,0.74,BOLD:AAF4632,Animalia,Arthropoda,Insecta,Diptera,NA,NA,NA,3,9/15/2017,Egner,A,9/18/2017,0,Single
9152017EGA5,OTU1871,SS,0.85,BOLD:AAG3848,Animalia,Arthropoda,Insecta,Diptera,Culicidae,Culex,Culex erraticus,1,9/15/2017,Egner,A,9/18/2017,0,Single
9152017EGA6,OTU42,US,1,None,Animalia,Arthropoda,Insecta,Diptera,NA,NA,NA,19252,9/15/2017,Egner,A,9/18/2017,0,Single
9152017EGA6,OTU68,GS,100,BOLD:AAB7030,Animalia,Arthropoda,Insecta,Diptera,Chironomidae,Chironomus,Chironomus decorus,122,9/15/2017,Egner,A,9/18/2017,0,Single
9152017EGA6,OTU97,GS,100,BOLD:AAB7935,Animalia,Arthropoda,Arachnida,Araneae,Araneidae,Eustala,Eustala cepina,1627,9/15/2017,Egner,A,9/18/2017,0,Single
9152017EGA6,OTU198,GS,99.4,BOLD:ABZ1242,Animalia,Arthropoda,Insecta,Diptera,Chironomidae,NA,NA,41,9/15/2017,Egner,A,9/18/2017,0,Single
9152017EGA6,OTU244,GS,100,BOLD:AAB1096,Animalia,Arthropoda,Insecta,Lepidoptera,Blastobasidae,Blastobasis,Blastobasis glandulella,35,9/15/2017,Egner,A,9/18/2017,0,Single
9152017EGA6,OTU266,US,0,None,Animalia,Arthropoda,Insecta,Diptera,NA,NA,NA,17,9/15/2017,Egner,A,9/18/2017,0,Single
9152017EGA6,OTU346,US,0,None,Animalia,Arthropoda,Insecta,Hymenoptera,NA,NA,NA,21,9/15/2017,Egner,A,9/18/2017,0,Single
9152017EGA6,OTU353,US,0,BOLD:ACK0278,Animalia,Arthropoda,Insecta,Hymenoptera,NA,NA,NA,5,9/15/2017,Egner,A,9/18/2017,0,Single
9152017EGA6,OTU385,GS,100,BOLD:AAH7158,Animalia,Arthropoda,Insecta,Diptera,Sarcophagidae,Ravinia,Ravinia stimulans,14,9/15/2017,Egner,A,9/18/2017,0,Single
9152017EGA6,OTU522,US,0.3913,None,Animalia,Arthropoda,Insecta,Ephemeroptera,NA,NA,NA,404,9/15/2017,Egner,A,9/18/2017,0,Single
9152017EGA6,OTU533,GS,100,BOLD:AAY3988,Animalia,Arthropoda,Insecta,Diptera,Limoniidae,Pilaria,Pilaria tenuipes,10,9/15/2017,Egner,A,9/18/2017,0,Single
9152017EGA6,OTU572,GS,100,BOLD:ABW4438,Animalia,Arthropoda,Insecta,Coleoptera,Histeridae,Carcinops,Carcinops pumilio,83,9/15/2017,Egner,A,9/18/2017,0,Single
9152017EGA6,OTU576,GS,100,BOLD:AAA5192,Animalia,Arthropoda,Insecta,Lepidoptera,Tortricidae,Platynota,Platynota idaeusalis,3,9/15/2017,Egner,A,9/18/2017,0,Single
9152017EGA6,OTU622,US,0.2887,BOLD:ABW5483,Animalia,Arthropoda,Maxillopoda,Calanoida,NA,NA,NA,2,9/15/2017,Egner,A,9/18/2017,0,Single
9152017EGA6,OTU656,GS,99.4,BOLD:AAZ0144,Animalia,Arthropoda,Insecta,Diptera,Chironomidae,Chironomus,NA,10,9/15/2017,Egner,A,9/18/2017,0,Single
9152017EGA6,OTU686,US,0.9919,BOLD:ACT2785,Animalia,Arthropoda,Insecta,Hymenoptera,NA,NA,NA,13,9/15/2017,Egner,A,9/18/2017,0,Single
9152017EGA6,OTU736,GS,100,BOLD:AAD7279,Animalia,Arthropoda,Insecta,Lepidoptera,Geometridae,Mellilla,Mellilla xanthometata,1,9/15/2017,Egner,A,9/18/2017,0,Single
9152017EGA6,OTU762,US,0.1935,None,Animalia,Arthropoda,Insecta,Diptera,NA,NA,NA,50,9/15/2017,Egner,A,9/18/2017,0,Single
9152017EGA6,OTU767,GS,100,BOLD:AAC7129,Animalia,Arthropoda,Insecta,Lepidoptera,Tischeriidae,Coptotriche,Coptotriche citrinipennella,3,9/15/2017,Egner,A,9/18/2017,0,Single
9152017EGA6,OTU783,GS,98.9,BOLD:ABW9917,Animalia,Arthropoda,Insecta,Coleoptera,Cantharidae,NA,NA,185,9/15/2017,Egner,A,9/18/2017,0,Single
9152017EGA6,OTU916,GS,100,BOLD:AAB2176,Animalia,Arthropoda,Insecta,Lepidoptera,Gelechiidae,Arogalea,Arogalea cristifasciella,16,9/15/2017,Egner,A,9/18/2017,0,Single
9152017EGA6,OTU1083,US,0,BOLD:ACL0120,Animalia,Arthropoda,Insecta,Diptera,NA,NA,NA,10,9/15/2017,Egner,A,9/18/2017,0,Single
9152017EGA6,OTU1143,GS,98.9,BOLD:AAP5215,Animalia,Arthropoda,Insecta,Diptera,NA,NA,NA,101,9/15/2017,Egner,A,9/18/2017,0,Single
9152017EGA6,OTU1166,US,1,BOLD:ACA7553,Animalia,Arthropoda,Insecta,Diptera,NA,NA,NA,4,9/15/2017,Egner,A,9/18/2017,0,Single
9152017EGA6,OTU1264,SS,0.48,BOLD:ACP9065,Animalia,Arthropoda,Insecta,Diptera,NA,NA,NA,41,9/15/2017,Egner,A,9/18/2017,0,Single
9152017EGA6,OTU1418,GS,99.4,BOLD:AAN8446,Animalia,Arthropoda,Insecta,Psocodea,Peripsocidae,Peripsocus,Peripsocus madidus,4,9/15/2017,Egner,A,9/18/2017,0,Single
9152017EGA6,OTU1460,US,0.4,None,Animalia,Arthropoda,Arachnida,Araneae,NA,NA,NA,17,9/15/2017,Egner,A,9/18/2017,0,Single
9152017EGA6,OTU1578,GS,99.4,BOLD:AAB6117,Animalia,Arthropoda,Insecta,Lepidoptera,Noctuidae,Acronicta,Acronicta rubricoma,20,9/15/2017,Egner,A,9/18/2017,0,Single
9152017EGA6,OTU1666,GS,98.9,BOLD:AAF8982,Animalia,Arthropoda,Insecta,Diptera,Limoniidae,NA,NA,25,9/15/2017,Egner,A,9/18/2017,0,Single
9152017EGA6,OTU1790,GS,98.3,BOLD:AAZ0144,Animalia,Arthropoda,Insecta,Diptera,Chironomidae,Chironomus,NA,2,9/15/2017,Egner,A,9/18/2017,0,Single
9152017EGA6,OTU1865,US,1,None,Animalia,Arthropoda,Insecta,Diptera,NA,NA,NA,14,9/15/2017,Egner,A,9/18/2017,0,Single
9152017EGA6,OTU1889,GS,98.9,BOLD:AAP7640,Animalia,Arthropoda,Insecta,Diptera,Stratiomyidae,Actina,Actina viridis,10,9/15/2017,Egner,A,9/18/2017,0,Single
9152017EGA7,OTU1,US,0.0026,BOLD:AAD6798,Animalia,Arthropoda,Insecta,Diptera,NA,NA,NA,3179,9/15/2017,Egner,A,9/18/2017,0,Single
9152017EGA7,OTU5,GS,99.4,BOLD:AAN5451,Animalia,Arthropoda,Arachnida,Araneae,Araneidae,Eustala,NA,412,9/15/2017,Egner,A,9/18/2017,0,Single
9152017EGA7,OTU7,GS,100,BOLD:AAF4632,Animalia,Arthropoda,Insecta,Diptera,Limoniidae,Epiphragma,Epiphragma solatrix,778,9/15/2017,Egner,A,9/18/2017,0,Single
9152017EGA7,OTU11,GS,99.4,BOLD:AAG3848,Animalia,Arthropoda,Insecta,Diptera,Culicidae,Culex,Culex erraticus,1814,9/15/2017,Egner,A,9/18/2017,0,Single
9152017EGA7,OTU14,GS,99.4,BOLD:AAO3940,Animalia,Arthropoda,Insecta,Diptera,Limoniidae,Rhipidia,NA,937,9/15/2017,Egner,A,9/18/2017,0,Single
9152017EGA7,OTU24,GS,98.9,BOLD:ABW3499,Animalia,Arthropoda,Insecta,Diptera,NA,NA,NA,12466,9/15/2017,Egner,A,9/18/2017,0,Single
9152017EGA7,OTU92,GS,100,BOLD:AAG8582,Animalia,Arthropoda,Insecta,Lepidoptera,Blastobasidae,Asaphocrita,Asaphocrita aphidiella,548,9/15/2017,Egner,A,9/18/2017,0,Single
9152017EGA7,OTU93,GS,99.4,BOLD:AAM4329,Animalia,Arthropoda,Insecta,Hemiptera,Cimicidae,Cimex,Cimex adjunctus,955,9/15/2017,Egner,A,9/18/2017,0,Single
9152017EGA7,OTU99,US,1,BOLD:ACF7919,Animalia,Arthropoda,Collembola,Poduromorpha,NA,NA,NA,2192,9/15/2017,Egner,A,9/18/2017,0,Single
9152017EGA7,OTU175,GS,99.4,BOLD:AAC7367,Animalia,Arthropoda,Insecta,Lepidoptera,Tineidae,Isocorypha,Isocorypha mediostriatella,118,9/15/2017,Egner,A,9/18/2017,0,Single
9152017EGA7,OTU222,GS,100,BOLD:AAU7129,Animalia,Arthropoda,Insecta,Coleoptera,Bostrichidae,Xylobiops,Xylobiops basilaris,1654,9/15/2017,Egner,A,9/18/2017,0,Single
9152017EGA7,OTU238,GS,100,BOLD:AAC2281,Animalia,Arthropoda,Insecta,Diptera,Culicidae,Anopheles,Anopheles quadrimaculatus,125,9/15/2017,Egner,A,9/18/2017,0,Single
9152017EGA7,OTU244,GS,100,BOLD:AAB1096,Animalia,Arthropoda,Insecta,Lepidoptera,Blastobasidae,Blastobasis,Blastobasis glandulella,1108,9/15/2017,Egner,A,9/18/2017,0,Single
9152017EGA7,OTU259,US,0.9963,BOLD:AAL6280,Animalia,Arthropoda,Arachnida,Araneae,NA,NA,NA,645,9/15/2017,Egner,A,9/18/2017,0,Single
9152017EGA7,OTU270,GS,100,BOLD:AAB6541,Animalia,Arthropoda,Insecta,Lepidoptera,Gelechiidae,Coleotechnites,Coleotechnites florae,592,9/15/2017,Egner,A,9/18/2017,0,Single
9152017EGA7,OTU279,US,0.9881,BOLD:AAL9881,Animalia,Arthropoda,Arachnida,Araneae,NA,NA,NA,396,9/15/2017,Egner,A,9/18/2017,0,Single
9152017EGA7,OTU364,GS,100,BOLD:AAF8338,Animalia,Arthropoda,Insecta,Diptera,Tipulidae,Tipula,Tipula furca,98,9/15/2017,Egner,A,9/18/2017,0,Single
9152017EGA7,OTU377,US,9e-04,BOLD:ACW6273,Animalia,Arthropoda,Insecta,Orthoptera,NA,NA,NA,1126,9/15/2017,Egner,A,9/18/2017,0,Single
9152017EGA7,OTU383,GS,100,BOLD:AAA1467,Animalia,Arthropoda,Insecta,Hymenoptera,Formicidae,Formica,Formica neogagates group,223,9/15/2017,Egner,A,9/18/2017,0,Single
9152017EGA7,OTU386,US,0,BOLD:ACC0269,Animalia,Arthropoda,Arachnida,Trombidiformes,NA,NA,NA,871,9/15/2017,Egner,A,9/18/2017,0,Single
9152017EGA7,OTU456,US,1,BOLD:ACR4786,Animalia,Arthropoda,Insecta,Coleoptera,NA,NA,NA,652,9/15/2017,Egner,A,9/18/2017,0,Single
9152017EGA7,OTU491,US,0.2833,BOLD:ACR6273,Animalia,Arthropoda,Arachnida,Araneae,NA,NA,NA,527,9/15/2017,Egner,A,9/18/2017,0,Single
9152017EGA7,OTU632,GS,97.8,BOLD:AAG6465,Animalia,Arthropoda,Insecta,Diptera,Ceratopogonidae,NA,NA,6,9/15/2017,Egner,A,9/18/2017,0,Single
9152017EGA7,OTU697,GS,100,BOLD:AAM7623,Animalia,Arthropoda,Insecta,Coleoptera,Phalacridae,Acylomus,NA,276,9/15/2017,Egner,A,9/18/2017,0,Single
9152017EGA7,OTU820,GS,98.9,BOLD:ABX3143,Animalia,Arthropoda,Insecta,Hemiptera,Cicadellidae,NA,NA,228,9/15/2017,Egner,A,9/18/2017,0,Single
9152017EGA7,OTU1047,GS,99.4,BOLD:ACC8989,Animalia,Arthropoda,Insecta,Lepidoptera,Batrachedridae,Batrachedra,NA,81,9/15/2017,Egner,A,9/18/2017,0,Single
9152017EGA7,OTU1138,US,0,BOLD:ACF8271,Animalia,Arthropoda,Insecta,Hymenoptera,NA,NA,NA,193,9/15/2017,Egner,A,9/18/2017,0,Single
9152017EGA7,OTU1210,GS,97.2,BOLD:AAF4632,Animalia,Arthropoda,Insecta,Diptera,Limoniidae,Epiphragma,Epiphragma solatrix,11,9/15/2017,Egner,A,9/18/2017,0,Single
9152017EGA7,OTU1274,GS,98.9,BOLD:AAG6465,Animalia,Arthropoda,Insecta,Diptera,Ceratopogonidae,NA,NA,231,9/15/2017,Egner,A,9/18/2017,0,Single
9152017EGA7,OTU1317,SS,0.01,BOLD:AAN5451,Animalia,Arthropoda,Arachnida,Araneae,Araneidae,Eustala,NA,2,9/15/2017,Egner,A,9/18/2017,0,Single
9152017EGA7,OTU1403,SS,0.36,BOLD:ACV0130,Animalia,Arthropoda,Insecta,Diptera,NA,NA,NA,16,9/15/2017,Egner,A,9/18/2017,0,Single
9152017EGA7,OTU1683,SS,0.84,BOLD:AAF4632,Animalia,Arthropoda,Insecta,Diptera,Limoniidae,Epiphragma,Epiphragma solatrix,4,9/15/2017,Egner,A,9/18/2017,0,Single
9152017EGA7,OTU1834,SS,0.74,BOLD:AAF4632,Animalia,Arthropoda,Insecta,Diptera,NA,NA,NA,4,9/15/2017,Egner,A,9/18/2017,0,Single
9152017EGA7,OTU1871,SS,0.85,BOLD:AAG3848,Animalia,Arthropoda,Insecta,Diptera,Culicidae,Culex,Culex erraticus,4,9/15/2017,Egner,A,9/18/2017,0,Single
9152017EGB10,OTU1,US,0.0026,BOLD:AAD6798,Animalia,Arthropoda,Insecta,Diptera,NA,NA,NA,6750,9/15/2017,Egner,B,9/18/2017,82,Single
9152017EGB10,OTU4,GS,100,BOLD:AAN5882,Animalia,Arthropoda,Insecta,Diptera,Limoniidae,Erioptera,Erioptera caliptera,311,9/15/2017,Egner,B,9/18/2017,82,Single
9152017EGB10,OTU5,GS,99.4,BOLD:AAN5451,Animalia,Arthropoda,Arachnida,Araneae,Araneidae,Eustala,NA,33247,9/15/2017,Egner,B,9/18/2017,82,Single
9152017EGB10,OTU7,GS,100,BOLD:AAF4632,Animalia,Arthropoda,Insecta,Diptera,Limoniidae,Epiphragma,Epiphragma solatrix,22052,9/15/2017,Egner,B,9/18/2017,82,Single
9152017EGB10,OTU13,GS,100,BOLD:ABV1771,Animalia,Arthropoda,Insecta,Diptera,Limoniidae,NA,NA,1938,9/15/2017,Egner,B,9/18/2017,82,Single
9152017EGB10,OTU14,GS,99.4,BOLD:AAO3940,Animalia,Arthropoda,Insecta,Diptera,Limoniidae,Rhipidia,NA,1358,9/15/2017,Egner,B,9/18/2017,82,Single
9152017EGB10,OTU67,GS,100,BOLD:AAO3948,Animalia,Arthropoda,Insecta,Diptera,Tipulidae,Nephrotoma,Nephrotoma macrocera,4101,9/15/2017,Egner,B,9/18/2017,82,Single
9152017EGB10,OTU84,GS,97.8,BOLD:ABU5821,Animalia,Arthropoda,Insecta,Diptera,Tipulidae,Tipula,Tipula sayi,2499,9/15/2017,Egner,B,9/18/2017,82,Single
9152017EGB10,OTU94,US,0,BOLD:ACO4929,Animalia,Arthropoda,Insecta,Hymenoptera,NA,NA,NA,8614,9/15/2017,Egner,B,9/18/2017,82,Single
9152017EGB10,OTU135,GS,99.4,BOLD:AAA5872,Animalia,Arthropoda,Insecta,Lepidoptera,Gelechiidae,Chionodes,Chionodes mediofuscella,104,9/15/2017,Egner,B,9/18/2017,82,Single
9152017EGB10,OTU159,US,1,BOLD:ACG2017,Animalia,Arthropoda,Insecta,Coleoptera,NA,NA,NA,651,9/15/2017,Egner,B,9/18/2017,82,Single
9152017EGB10,OTU238,GS,100,BOLD:AAC2281,Animalia,Arthropoda,Insecta,Diptera,Culicidae,Anopheles,Anopheles quadrimaculatus,21,9/15/2017,Egner,B,9/18/2017,82,Single
9152017EGB10,OTU279,US,0.9881,BOLD:AAL9881,Animalia,Arthropoda,Arachnida,Araneae,NA,NA,NA,45,9/15/2017,Egner,B,9/18/2017,82,Single
9152017EGB10,OTU284,GS,100,BOLD:AAC6665,Animalia,Arthropoda,Insecta,Lepidoptera,Tortricidae,Aethes,Aethes angulatana,282,9/15/2017,Egner,B,9/18/2017,82,Single
9152017EGB10,OTU364,GS,100,BOLD:AAF8338,Animalia,Arthropoda,Insecta,Diptera,Tipulidae,Tipula,Tipula furca,172,9/15/2017,Egner,B,9/18/2017,82,Single
9152017EGB10,OTU392,US,1,None,Animalia,Arthropoda,Insecta,Diptera,NA,NA,NA,248,9/15/2017,Egner,B,9/18/2017,82,Single
9152017EGB10,OTU476,US,0,BOLD:AAU6512,Animalia,Arthropoda,Insecta,Neuroptera,NA,NA,NA,297,9/15/2017,Egner,B,9/18/2017,82,Single
9152017EGB10,OTU501,GS,100,BOLD:AAA8313,Animalia,Arthropoda,Insecta,Lepidoptera,Noctuidae,Athetis,Athetis tarda,422,9/15/2017,Egner,B,9/18/2017,82,Single
9152017EGB10,OTU628,US,0.2061,BOLD:AAZ4432,Animalia,Arthropoda,Collembola,Entomobryomorpha,NA,NA,NA,13,9/15/2017,Egner,B,9/18/2017,82,Single
9152017EGB10,OTU633,US,0.8732,BOLD:ABU5821,Animalia,Arthropoda,Insecta,Diptera,NA,NA,NA,24,9/15/2017,Egner,B,9/18/2017,82,Single
9152017EGB10,OTU641,GS,100,BOLD:AAB4894,Animalia,Arthropoda,Insecta,Hemiptera,Aphididae,Sitobion,Sitobion avenae,143,9/15/2017,Egner,B,9/18/2017,82,Single
9152017EGB10,OTU686,US,0.9919,BOLD:ACT2785,Animalia,Arthropoda,Insecta,Hymenoptera,NA,NA,NA,2,9/15/2017,Egner,B,9/18/2017,82,Single
9152017EGB10,OTU752,GS,99.4,BOLD:ACE6858,Animalia,Arthropoda,Insecta,Diptera,Chironomidae,Polypedilum,NA,186,9/15/2017,Egner,B,9/18/2017,82,Single
9152017EGB10,OTU802,GS,100,BOLD:AAZ0412,Animalia,Arthropoda,Insecta,Diptera,Tachinidae,Phytomyptera,Phytomyptera melissopodis,58,9/15/2017,Egner,B,9/18/2017,82,Single
9152017EGB10,OTU814,US,1,BOLD:AAN6325,Animalia,Arthropoda,Arachnida,Araneae,NA,NA,NA,5,9/15/2017,Egner,B,9/18/2017,82,Single
9152017EGB10,OTU828,US,1,None,Animalia,Arthropoda,Insecta,Orthoptera,NA,NA,NA,19,9/15/2017,Egner,B,9/18/2017,82,Single
9152017EGB10,OTU907,SS,0.01,BOLD:AAO3940,Animalia,Arthropoda,Insecta,Diptera,Limoniidae,Rhipidia,NA,3,9/15/2017,Egner,B,9/18/2017,82,Single
9152017EGB10,OTU1081,GS,99.4,BOLD:AAA9982,Animalia,Arthropoda,Insecta,Lepidoptera,Gracillariidae,Caloptilia,Caloptilia stigmatella,87,9/15/2017,Egner,B,9/18/2017,82,Single
9152017EGB10,OTU1097,GS,97.2,BOLD:AAN5451,Animalia,Arthropoda,Arachnida,Araneae,Araneidae,Eustala,NA,176,9/15/2017,Egner,B,9/18/2017,82,Single
9152017EGB10,OTU1176,US,0.9249,BOLD:AAF4632,Animalia,Arthropoda,Insecta,Diptera,NA,NA,NA,9,9/15/2017,Egner,B,9/18/2017,82,Single
9152017EGB10,OTU1210,GS,97.2,BOLD:AAF4632,Animalia,Arthropoda,Insecta,Diptera,Limoniidae,Epiphragma,Epiphragma solatrix,66,9/15/2017,Egner,B,9/18/2017,82,Single
9152017EGB10,OTU1265,SS,0.83,BOLD:AAF4632,Animalia,Arthropoda,Insecta,Diptera,Limoniidae,Epiphragma,Epiphragma solatrix,39,9/15/2017,Egner,B,9/18/2017,82,Single
9152017EGB10,OTU1311,GS,100,BOLD:ACB9392,Animalia,Arthropoda,Insecta,Diptera,Chironomidae,NA,NA,17,9/15/2017,Egner,B,9/18/2017,82,Single
9152017EGB10,OTU1317,SS,0.01,BOLD:AAN5451,Animalia,Arthropoda,Arachnida,Araneae,Araneidae,Eustala,NA,6,9/15/2017,Egner,B,9/18/2017,82,Single
9152017EGB10,OTU1397,GS,100,BOLD:AAI0406,Animalia,Arthropoda,Insecta,Hemiptera,Aphididae,Rhopalosiphum,Rhopalosiphum rufiabdominale,30,9/15/2017,Egner,B,9/18/2017,82,Single
9152017EGB10,OTU1403,SS,0.36,BOLD:ACV0130,Animalia,Arthropoda,Insecta,Diptera,NA,NA,NA,81,9/15/2017,Egner,B,9/18/2017,82,Single
9152017EGB10,OTU1419,SS,0.8,BOLD:AAF4632,Animalia,Arthropoda,Insecta,Diptera,Limoniidae,Epiphragma,Epiphragma solatrix,4,9/15/2017,Egner,B,9/18/2017,82,Single
9152017EGB10,OTU1504,SS,0.08,BOLD:ACB5181,Animalia,Arthropoda,Insecta,Diptera,NA,NA,NA,2799,9/15/2017,Egner,B,9/18/2017,82,Single
9152017EGB10,OTU1513,GS,97.8,BOLD:ACL2801,Animalia,Arthropoda,Insecta,Diptera,Tipulidae,Nephrotoma,Nephrotoma macrocera,7,9/15/2017,Egner,B,9/18/2017,82,Single
9152017EGB10,OTU1522,SS,0.57,BOLD:AAF9008,Animalia,Arthropoda,Insecta,Diptera,NA,NA,NA,1,9/15/2017,Egner,B,9/18/2017,82,Single
9152017EGB10,OTU1663,GS,100,BOLD:AAF9052,Animalia,Arthropoda,Insecta,Diptera,Tipulidae,Tipula,Tipula coloradensis,42,9/15/2017,Egner,B,9/18/2017,82,Single
9152017EGB10,OTU1683,SS,0.84,BOLD:AAF4632,Animalia,Arthropoda,Insecta,Diptera,Limoniidae,Epiphragma,Epiphragma solatrix,35,9/15/2017,Egner,B,9/18/2017,82,Single
9152017EGB10,OTU1818,GS,97.9,BOLD:AAF4632,Animalia,Arthropoda,Insecta,Diptera,Limoniidae,Epiphragma,Epiphragma solatrix,36,9/15/2017,Egner,B,9/18/2017,82,Single
9152017EGB10,OTU1834,SS,0.74,BOLD:AAF4632,Animalia,Arthropoda,Insecta,Diptera,NA,NA,NA,53,9/15/2017,Egner,B,9/18/2017,82,Single
9152017EGB5,OTU5,GS,99.4,BOLD:AAN5451,Animalia,Arthropoda,Arachnida,Araneae,Araneidae,Eustala,NA,2913,9/15/2017,Egner,B,9/18/2017,82,Single
9152017EGB5,OTU6,GS,99.4,BOLD:ACZ2169,Animalia,Arthropoda,Insecta,Hemiptera,Cicadellidae,Gyponana,NA,56163,9/15/2017,Egner,B,9/18/2017,82,Single
9152017EGB5,OTU16,GS,100,BOLD:AAA7067,Animalia,Arthropoda,Insecta,Diptera,Culicidae,Aedes,Aedes vexans,1266,9/15/2017,Egner,B,9/18/2017,82,Single
9152017EGB5,OTU156,GS,100,BOLD:AAG3849,Animalia,Arthropoda,Insecta,Diptera,Culicidae,Psorophora,Psorophora ciliata,40,9/15/2017,Egner,B,9/18/2017,82,Single
9152017EGB5,OTU227,GS,99.4,BOLD:AAO3939,Animalia,Arthropoda,Insecta,Diptera,Limoniidae,Dicranomyia,NA,2194,9/15/2017,Egner,B,9/18/2017,82,Single
9152017EGB5,OTU287,GS,98.9,BOLD:AAG5457,Animalia,Arthropoda,Insecta,Diptera,Chironomidae,NA,NA,15,9/15/2017,Egner,B,9/18/2017,82,Single
9152017EGB5,OTU373,GS,98.9,BOLD:AAG8953,Animalia,Arthropoda,Insecta,Hemiptera,Cicadellidae,Gyponana,Gyponana amara,40,9/15/2017,Egner,B,9/18/2017,82,Single
9152017EGB5,OTU375,GS,100,BOLD:AAG2878,Animalia,Arthropoda,Insecta,Hemiptera,Cicadellidae,Gyponana,Gyponana extenda,11,9/15/2017,Egner,B,9/18/2017,82,Single
9152017EGB5,OTU411,GS,100,BOLD:AAC8166,Animalia,Arthropoda,Insecta,Lepidoptera,NA,NA,NA,3,9/15/2017,Egner,B,9/18/2017,82,Single
9152017EGB5,OTU418,US,0,None,Animalia,Arthropoda,Insecta,Lepidoptera,NA,NA,NA,4,9/15/2017,Egner,B,9/18/2017,82,Single
9152017EGB5,OTU480,GS,100,BOLD:AAP2997,Animalia,Arthropoda,Insecta,Diptera,Chironomidae,NA,NA,7,9/15/2017,Egner,B,9/18/2017,82,Single
9152017EGB5,OTU506,GS,98.3,BOLD:AAC5871,Animalia,Arthropoda,Arachnida,Araneae,Salticidae,Hentzia,Hentzia palmarum,4,9/15/2017,Egner,B,9/18/2017,82,Single
9152017EGB5,OTU562,GS,100,BOLD:AAF8473,Animalia,Arthropoda,Insecta,Coleoptera,Chrysomelidae,Diabrotica,Diabrotica undecimpunctata,4,9/15/2017,Egner,B,9/18/2017,82,Single
9152017EGB5,OTU603,GS,99.4,BOLD:AAO3944,Animalia,Arthropoda,Insecta,Diptera,Limoniidae,Geranomyia,NA,7,9/15/2017,Egner,B,9/18/2017,82,Single
9152017EGB5,OTU779,GS,99.4,BOLD:ABW9743,Animalia,Arthropoda,Insecta,Hemiptera,Cicadellidae,Scaphoideus,NA,1,9/15/2017,Egner,B,9/18/2017,82,Single
9152017EGB5,OTU792,GS,100,BOLD:AAF8979,Animalia,Arthropoda,Insecta,Diptera,Limoniidae,Metalimnobia,Metalimnobia novaeangliae,6,9/15/2017,Egner,B,9/18/2017,82,Single
9152017EGB5,OTU895,GS,100,BOLD:AAA4222,Animalia,Arthropoda,Insecta,Lepidoptera,Erebidae,Hypena,Hypena scabra,1,9/15/2017,Egner,B,9/18/2017,82,Single
9152017EGB5,OTU934,GS,100,BOLD:AAK0004,Animalia,Arthropoda,Arachnida,Araneae,Araneidae,Verrucosa,Verrucosa arenata,2,9/15/2017,Egner,B,9/18/2017,82,Single
9152017EGB5,OTU1088,GS,98.3,BOLD:AAG2878,Animalia,Arthropoda,Insecta,Hemiptera,Cicadellidae,Gyponana,Gyponana extenda,2,9/15/2017,Egner,B,9/18/2017,82,Single
9152017EGB5,OTU1184,GS,100,BOLD:AAK4647,Animalia,Arthropoda,Insecta,Lepidoptera,Gelechiidae,Helcystogramma,Helcystogramma melantherella,33,9/15/2017,Egner,B,9/18/2017,82,Single
9152017EGB5,OTU1306,GS,97.2,BOLD:ABX5600,Animalia,Arthropoda,Insecta,Hemiptera,Cicadellidae,Gyponana,Gyponana cana,1,9/15/2017,Egner,B,9/18/2017,82,Single
9152017EGB5,OTU1431,GS,100,BOLD:AAD5814,Animalia,Arthropoda,Insecta,Lepidoptera,Geometridae,Timandra,Timandra amaturaria,37,9/15/2017,Egner,B,9/18/2017,82,Single
9152017EGB5,OTU1464,SS,0.42,BOLD:ABA5086,Animalia,Arthropoda,Insecta,Hemiptera,Cicadellidae,Gyponana,NA,1,9/15/2017,Egner,B,9/18/2017,82,Single
9152017EGB5,OTU1495,US,0.9859,BOLD:AAJ0213,Animalia,Arthropoda,Insecta,Diptera,NA,NA,NA,3,9/15/2017,Egner,B,9/18/2017,82,Single
9152017EGB5,OTU1707,US,1,None,Animalia,Arthropoda,Insecta,Hymenoptera,NA,NA,NA,11,9/15/2017,Egner,B,9/18/2017,82,Single
9152017EGB5,OTU1874,GS,98.9,BOLD:ACC3231,Animalia,Arthropoda,Insecta,Coleoptera,Aderidae,NA,NA,1,9/15/2017,Egner,B,9/18/2017,82,Single
9152017EGB6,OTU2,GS,100,BOLD:AAH3225,Animalia,Arthropoda,Insecta,Psocodea,Psocidae,Metylophorus,Metylophorus novaescotiae,641,9/15/2017,Egner,B,9/18/2017,82,Single
9152017EGB6,OTU6,GS,99.4,BOLD:ACZ2169,Animalia,Arthropoda,Insecta,Hemiptera,Cicadellidae,Gyponana,NA,648,9/15/2017,Egner,B,9/18/2017,82,Single
9152017EGB6,OTU16,GS,100,BOLD:AAA7067,Animalia,Arthropoda,Insecta,Diptera,Culicidae,Aedes,Aedes vexans,4559,9/15/2017,Egner,B,9/18/2017,82,Single
9152017EGB6,OTU38,GS,99.4,BOLD:AAB4070,Animalia,Arthropoda,Insecta,Lepidoptera,Tortricidae,Gymnandrosoma,Gymnandrosoma punctidiscanum,41779,9/15/2017,Egner,B,9/18/2017,82,Single
9152017EGB6,OTU53,GS,98,BOLD:ABA6114,Animalia,Arthropoda,Insecta,Hymenoptera,Diapriidae,NA,NA,2394,9/15/2017,Egner,B,9/18/2017,82,Single
9152017EGB6,OTU70,GS,100,BOLD:ABY9168,Animalia,Arthropoda,Insecta,Lepidoptera,Tortricidae,Clepsis,Clepsis peritana,354,9/15/2017,Egner,B,9/18/2017,82,Single
9152017EGB6,OTU71,GSL,100,BOLD:AAA7661,Animalia,Arthropoda,Insecta,Diptera,Culicidae,NA,NA,890,9/15/2017,Egner,B,9/18/2017,82,Single
9152017EGB6,OTU84,GS,97.8,BOLD:ABU5821,Animalia,Arthropoda,Insecta,Diptera,Tipulidae,Tipula,Tipula sayi,90,9/15/2017,Egner,B,9/18/2017,82,Single
9152017EGB6,OTU144,GS,100,BOLD:AAN6304,Animalia,Arthropoda,Arachnida,Araneae,Araneidae,Araneus,Araneus guttulatus,447,9/15/2017,Egner,B,9/18/2017,82,Single
9152017EGB6,OTU150,GS,100,BOLD:AAA7272,Animalia,Arthropoda,Arachnida,Araneae,Dictynidae,Emblyna,Emblyna sublata,847,9/15/2017,Egner,B,9/18/2017,82,Single
9152017EGB6,OTU207,GS,97.2,BOLD:AAL8227,Animalia,Arthropoda,Insecta,Hymenoptera,NA,NA,NA,698,9/15/2017,Egner,B,9/18/2017,82,Single
9152017EGB6,OTU293,GS,100,BOLD:AAU4100,Animalia,Arthropoda,Insecta,Lepidoptera,Gracillariidae,Cameraria,Cameraria hamadryadella,103,9/15/2017,Egner,B,9/18/2017,82,Single
9152017EGB6,OTU720,GS,99.4,BOLD:AAB5347,Animalia,Arthropoda,Insecta,Lepidoptera,Tortricidae,Paralobesia,Paralobesia liriodendrana,1,9/15/2017,Egner,B,9/18/2017,82,Single
9152017EGB7,OTU1,US,0.0026,BOLD:AAD6798,Animalia,Arthropoda,Insecta,Diptera,NA,NA,NA,329,9/15/2017,Egner,B,9/18/2017,82,Single
9152017EGB7,OTU2,GS,100,BOLD:AAH3225,Animalia,Arthropoda,Insecta,Psocodea,Psocidae,Metylophorus,Metylophorus novaescotiae,853,9/15/2017,Egner,B,9/18/2017,82,Single
9152017EGB7,OTU5,GS,99.4,BOLD:AAN5451,Animalia,Arthropoda,Arachnida,Araneae,Araneidae,Eustala,NA,6442,9/15/2017,Egner,B,9/18/2017,82,Single
9152017EGB7,OTU6,GS,99.4,BOLD:ACZ2169,Animalia,Arthropoda,Insecta,Hemiptera,Cicadellidae,Gyponana,NA,2779,9/15/2017,Egner,B,9/18/2017,82,Single
9152017EGB7,OTU7,GS,100,BOLD:AAF4632,Animalia,Arthropoda,Insecta,Diptera,Limoniidae,Epiphragma,Epiphragma solatrix,7647,9/15/2017,Egner,B,9/18/2017,82,Single
9152017EGB7,OTU84,GS,97.8,BOLD:ABU5821,Animalia,Arthropoda,Insecta,Diptera,Tipulidae,Tipula,Tipula sayi,746,9/15/2017,Egner,B,9/18/2017,82,Single
9152017EGB7,OTU156,GS,100,BOLD:AAG3849,Animalia,Arthropoda,Insecta,Diptera,Culicidae,Psorophora,Psorophora ciliata,4519,9/15/2017,Egner,B,9/18/2017,82,Single
9152017EGB7,OTU161,GS,100,BOLD:AAA8840,Animalia,Arthropoda,Insecta,Lepidoptera,Tortricidae,Pandemis,Pandemis lamprosana,18,9/15/2017,Egner,B,9/18/2017,82,Single
9152017EGB7,OTU189,GS,100,BOLD:ABV2225,Animalia,Arthropoda,Insecta,Lepidoptera,Gracillariidae,Caloptilia,NA,10,9/15/2017,Egner,B,9/18/2017,82,Single
9152017EGB7,OTU238,GS,100,BOLD:AAC2281,Animalia,Arthropoda,Insecta,Diptera,Culicidae,Anopheles,Anopheles quadrimaculatus,466,9/15/2017,Egner,B,9/18/2017,82,Single
9152017EGB7,OTU252,GS,100,BOLD:AAC6739,Animalia,Arthropoda,Insecta,Lepidoptera,Coleophoridae,Coleophora,Coleophora borea,12,9/15/2017,Egner,B,9/18/2017,82,Single
9152017EGB7,OTU277,GS,99.4,BOLD:ABX3358,Animalia,Arthropoda,Insecta,Diptera,Chironomidae,NA,NA,21,9/15/2017,Egner,B,9/18/2017,82,Single
9152017EGB7,OTU278,GS,100,BOLD:AAB3590,Animalia,Arthropoda,Insecta,Lepidoptera,Gelechiidae,Chionodes,Chionodes discoocellella,62,9/15/2017,Egner,B,9/18/2017,82,Single
9152017EGB7,OTU322,GS,100,BOLD:AAC2499,Animalia,Arthropoda,Insecta,Diptera,Drosophilidae,Drosophila,Drosophila suzukii,30,9/15/2017,Egner,B,9/18/2017,82,Single
9152017EGB7,OTU375,GS,100,BOLD:AAG2878,Animalia,Arthropoda,Insecta,Hemiptera,Cicadellidae,Gyponana,Gyponana extenda,269,9/15/2017,Egner,B,9/18/2017,82,Single
9152017EGB7,OTU420,GS,100,BOLD:AAG2513,Animalia,Arthropoda,Insecta,Diptera,Anthomyiidae,Eustalomyia,NA,858,9/15/2017,Egner,B,9/18/2017,82,Single
9152017EGB7,OTU562,GS,100,BOLD:AAF8473,Animalia,Arthropoda,Insecta,Coleoptera,Chrysomelidae,Diabrotica,Diabrotica undecimpunctata,12,9/15/2017,Egner,B,9/18/2017,82,Single
9152017EGB7,OTU667,GS,97.7,BOLD:ACW2548,Animalia,Arthropoda,Insecta,Diptera,NA,NA,NA,17,9/15/2017,Egner,B,9/18/2017,82,Single
9152017EGB7,OTU887,SS,0.74,BOLD:ABX5321,Animalia,Arthropoda,Insecta,Diptera,NA,NA,NA,15,9/15/2017,Egner,B,9/18/2017,82,Single
9152017EGB7,OTU1026,GS,100,BOLD:AAH7222,Animalia,Arthropoda,Insecta,Neuroptera,Mantispidae,Mantispa,Mantispa viridis,112,9/15/2017,Egner,B,9/18/2017,82,Single
9152017EGB7,OTU1088,GS,98.3,BOLD:AAG2878,Animalia,Arthropoda,Insecta,Hemiptera,Cicadellidae,Gyponana,Gyponana extenda,30,9/15/2017,Egner,B,9/18/2017,82,Single
9152017EGB7,OTU1097,GS,97.2,BOLD:AAN5451,Animalia,Arthropoda,Arachnida,Araneae,Araneidae,Eustala,NA,21,9/15/2017,Egner,B,9/18/2017,82,Single
9152017EGB7,OTU1110,SS,1,BOLD:AAG2878,Animalia,Arthropoda,Insecta,Hemiptera,Cicadellidae,Gyponana,Gyponana extenda,68,9/15/2017,Egner,B,9/18/2017,82,Single
9152017EGB7,OTU1210,GS,97.2,BOLD:AAF4632,Animalia,Arthropoda,Insecta,Diptera,Limoniidae,Epiphragma,Epiphragma solatrix,36,9/15/2017,Egner,B,9/18/2017,82,Single
9152017EGB7,OTU1265,SS,0.83,BOLD:AAF4632,Animalia,Arthropoda,Insecta,Diptera,Limoniidae,Epiphragma,Epiphragma solatrix,11,9/15/2017,Egner,B,9/18/2017,82,Single
9152017EGB7,OTU1320,GS,100,BOLD:AAE4730,Animalia,Arthropoda,Insecta,Lepidoptera,Tineidae,Monopis,Monopis pavlovskii,44,9/15/2017,Egner,B,9/18/2017,82,Single
9152017EGB7,OTU1403,SS,0.36,BOLD:ACV0130,Animalia,Arthropoda,Insecta,Diptera,NA,NA,NA,7,9/15/2017,Egner,B,9/18/2017,82,Single
9152017EGB7,OTU1464,SS,0.42,BOLD:ABA5086,Animalia,Arthropoda,Insecta,Hemiptera,Cicadellidae,Gyponana,NA,38,9/15/2017,Egner,B,9/18/2017,82,Single
9152017EGB7,OTU1522,SS,0.57,BOLD:AAF9008,Animalia,Arthropoda,Insecta,Diptera,NA,NA,NA,1,9/15/2017,Egner,B,9/18/2017,82,Single
9152017EGB7,OTU1540,SS,0.74,BOLD:AAH7222,Animalia,Arthropoda,Insecta,Neuroptera,NA,NA,NA,26,9/15/2017,Egner,B,9/18/2017,82,Single
9152017EGB7,OTU1683,SS,0.84,BOLD:AAF4632,Animalia,Arthropoda,Insecta,Diptera,Limoniidae,Epiphragma,Epiphragma solatrix,9,9/15/2017,Egner,B,9/18/2017,82,Single
9152017EGB7,OTU1804,GS,100,BOLD:AAB0273,Animalia,Arthropoda,Arachnida,Araneae,Theridiidae,Neospintharus,Neospintharus trigonum,14,9/15/2017,Egner,B,9/18/2017,82,Single
9152017EGB7,OTU1808,SS,0.51,BOLD:AAG2878,Animalia,Arthropoda,Insecta,Hemiptera,Cicadellidae,Gyponana,NA,12,9/15/2017,Egner,B,9/18/2017,82,Single
9152017EGB7,OTU1818,GS,97.9,BOLD:AAF4632,Animalia,Arthropoda,Insecta,Diptera,Limoniidae,Epiphragma,Epiphragma solatrix,5,9/15/2017,Egner,B,9/18/2017,82,Single
9152017EGB7,OTU1834,SS,0.74,BOLD:AAF4632,Animalia,Arthropoda,Insecta,Diptera,NA,NA,NA,11,9/15/2017,Egner,B,9/18/2017,82,Single
9152017EGB8,OTU1,US,0.0026,BOLD:AAD6798,Animalia,Arthropoda,Insecta,Diptera,NA,NA,NA,6323,9/15/2017,Egner,B,9/18/2017,82,Single
9152017EGB8,OTU5,GS,99.4,BOLD:AAN5451,Animalia,Arthropoda,Arachnida,Araneae,Araneidae,Eustala,NA,1551,9/15/2017,Egner,B,9/18/2017,82,Single
9152017EGB8,OTU6,GS,99.4,BOLD:ACZ2169,Animalia,Arthropoda,Insecta,Hemiptera,Cicadellidae,Gyponana,NA,3582,9/15/2017,Egner,B,9/18/2017,82,Single
9152017EGB8,OTU7,GS,100,BOLD:AAF4632,Animalia,Arthropoda,Insecta,Diptera,Limoniidae,Epiphragma,Epiphragma solatrix,3957,9/15/2017,Egner,B,9/18/2017,82,Single
9152017EGB8,OTU11,GS,99.4,BOLD:AAG3848,Animalia,Arthropoda,Insecta,Diptera,Culicidae,Culex,Culex erraticus,1095,9/15/2017,Egner,B,9/18/2017,82,Single
9152017EGB8,OTU16,GS,100,BOLD:AAA7067,Animalia,Arthropoda,Insecta,Diptera,Culicidae,Aedes,Aedes vexans,309,9/15/2017,Egner,B,9/18/2017,82,Single
9152017EGB8,OTU56,GS,100,BOLD:AAN5879,Animalia,Arthropoda,Insecta,Diptera,Limoniidae,NA,NA,3099,9/15/2017,Egner,B,9/18/2017,82,Single
9152017EGB8,OTU57,GS,100,BOLD:AAI1618,Animalia,Arthropoda,Insecta,Diptera,Culicidae,Coquillettidia,Coquillettidia perturbans,413,9/15/2017,Egner,B,9/18/2017,82,Single
9152017EGB8,OTU76,US,1,BOLD:ACY1454,Animalia,Arthropoda,Insecta,Hemiptera,NA,NA,NA,44,9/15/2017,Egner,B,9/18/2017,82,Single
9152017EGB8,OTU217,GS,99.4,BOLD:AAJ5015,Animalia,Arthropoda,Insecta,Hemiptera,Acanaloniidae,Acanalonia,Acanalonia conica,134,9/15/2017,Egner,B,9/18/2017,82,Single
9152017EGB8,OTU331,GS,100,BOLD:AAB7933,Animalia,Arthropoda,Arachnida,Araneae,Araneidae,Eustala,Eustala anastera,46,9/15/2017,Egner,B,9/18/2017,82,Single
9152017EGB8,OTU373,GS,98.9,BOLD:AAG8953,Animalia,Arthropoda,Insecta,Hemiptera,Cicadellidae,Gyponana,Gyponana amara,33,9/15/2017,Egner,B,9/18/2017,82,Single
9152017EGB8,OTU375,GS,100,BOLD:AAG2878,Animalia,Arthropoda,Insecta,Hemiptera,Cicadellidae,Gyponana,Gyponana extenda,95,9/15/2017,Egner,B,9/18/2017,82,Single
9152017EGB8,OTU480,GS,100,BOLD:AAP2997,Animalia,Arthropoda,Insecta,Diptera,Chironomidae,NA,NA,29,9/15/2017,Egner,B,9/18/2017,82,Single
9152017EGB8,OTU828,US,1,None,Animalia,Arthropoda,Insecta,Orthoptera,NA,NA,NA,94,9/15/2017,Egner,B,9/18/2017,82,Single
9152017EGB8,OTU1097,GS,97.2,BOLD:AAN5451,Animalia,Arthropoda,Arachnida,Araneae,Araneidae,Eustala,NA,27,9/15/2017,Egner,B,9/18/2017,82,Single
9152017EGB8,OTU1210,GS,97.2,BOLD:AAF4632,Animalia,Arthropoda,Insecta,Diptera,Limoniidae,Epiphragma,Epiphragma solatrix,162,9/15/2017,Egner,B,9/18/2017,82,Single
9152017EGB8,OTU1265,SS,0.83,BOLD:AAF4632,Animalia,Arthropoda,Insecta,Diptera,Limoniidae,Epiphragma,Epiphragma solatrix,6,9/15/2017,Egner,B,9/18/2017,82,Single
9152017EGB8,OTU1306,GS,97.2,BOLD:ABX5600,Animalia,Arthropoda,Insecta,Hemiptera,Cicadellidae,Gyponana,Gyponana cana,3,9/15/2017,Egner,B,9/18/2017,82,Single
9152017EGB8,OTU1317,SS,0.01,BOLD:AAN5451,Animalia,Arthropoda,Arachnida,Araneae,Araneidae,Eustala,NA,4,9/15/2017,Egner,B,9/18/2017,82,Single
9152017EGB8,OTU1350,GS,97.2,BOLD:AAA7067,Animalia,Arthropoda,Insecta,Diptera,Culicidae,Aedes,Aedes vexans,25,9/15/2017,Egner,B,9/18/2017,82,Single
9152017EGB8,OTU1403,SS,0.36,BOLD:ACV0130,Animalia,Arthropoda,Insecta,Diptera,NA,NA,NA,11,9/15/2017,Egner,B,9/18/2017,82,Single
9152017EGB8,OTU1464,SS,0.42,BOLD:ABA5086,Animalia,Arthropoda,Insecta,Hemiptera,Cicadellidae,Gyponana,NA,7,9/15/2017,Egner,B,9/18/2017,82,Single
9152017EGB8,OTU1494,US,0.8732,BOLD:AAF4632,Animalia,Arthropoda,Insecta,Diptera,NA,NA,NA,1,9/15/2017,Egner,B,9/18/2017,82,Single
9152017EGB8,OTU1683,SS,0.84,BOLD:AAF4632,Animalia,Arthropoda,Insecta,Diptera,Limoniidae,Epiphragma,Epiphragma solatrix,15,9/15/2017,Egner,B,9/18/2017,82,Single
9152017EGB8,OTU1818,GS,97.9,BOLD:AAF4632,Animalia,Arthropoda,Insecta,Diptera,Limoniidae,Epiphragma,Epiphragma solatrix,1,9/15/2017,Egner,B,9/18/2017,82,Single
9152017EGB8,OTU1834,SS,0.74,BOLD:AAF4632,Animalia,Arthropoda,Insecta,Diptera,NA,NA,NA,67,9/15/2017,Egner,B,9/18/2017,82,Single
9152017EGB8,OTU1869,SS,0.67,BOLD:AAF4632,Animalia,Arthropoda,Insecta,Diptera,NA,NA,NA,2,9/15/2017,Egner,B,9/18/2017,82,Single
9152017EGB8,OTU1911,SS,0.65,BOLD:AAN5879,Animalia,Arthropoda,Insecta,Diptera,NA,NA,NA,8,9/15/2017,Egner,B,9/18/2017,82,Single
9152017EGB9,OTU1,US,0.0026,BOLD:AAD6798,Animalia,Arthropoda,Insecta,Diptera,NA,NA,NA,425,9/15/2017,Egner,B,9/18/2017,82,Single
9152017EGB9,OTU11,GS,99.4,BOLD:AAG3848,Animalia,Arthropoda,Insecta,Diptera,Culicidae,Culex,Culex erraticus,358,9/15/2017,Egner,B,9/18/2017,82,Single
9152017EGB9,OTU16,GS,100,BOLD:AAA7067,Animalia,Arthropoda,Insecta,Diptera,Culicidae,Aedes,Aedes vexans,1234,9/15/2017,Egner,B,9/18/2017,82,Single
9152017EGB9,OTU34,GS,100,BOLD:AAM6211,Animalia,Arthropoda,Insecta,Diptera,Chironomidae,Glyptotendipes,NA,446,9/15/2017,Egner,B,9/18/2017,82,Single
9152017EGB9,OTU35,GS,100,BOLD:ABW4215,Animalia,Arthropoda,Insecta,Diptera,Chironomidae,Glyptotendipes,Glyptotendipes meridionalis,229,9/15/2017,Egner,B,9/18/2017,82,Single
9152017EGB9,OTU54,GS,99.4,BOLD:ABA5202,Animalia,Arthropoda,Insecta,Diptera,Limoniidae,Pseudolimnophila,Pseudolimnophila luteipennis,26238,9/15/2017,Egner,B,9/18/2017,82,Single
9152017EGB9,OTU65,GS,100,BOLD:AAA1517,Animalia,Arthropoda,Insecta,Lepidoptera,Tortricidae,Choristoneura,Choristoneura rosaceana,135,9/15/2017,Egner,B,9/18/2017,82,Single
9152017EGB9,OTU71,GSL,100,BOLD:AAA7661,Animalia,Arthropoda,Insecta,Diptera,Culicidae,NA,NA,236,9/15/2017,Egner,B,9/18/2017,82,Single
9152017EGB9,OTU94,US,0,BOLD:ACO4929,Animalia,Arthropoda,Insecta,Hymenoptera,NA,NA,NA,71,9/15/2017,Egner,B,9/18/2017,82,Single
9152017EGB9,OTU159,US,1,BOLD:ACG2017,Animalia,Arthropoda,Insecta,Coleoptera,NA,NA,NA,18,9/15/2017,Egner,B,9/18/2017,82,Single
9152017EGB9,OTU190,GS,100,BOLD:ABY7666,Animalia,Arthropoda,Insecta,Diptera,Culicidae,Culex,Culex territans,15,9/15/2017,Egner,B,9/18/2017,82,Single
9152017EGB9,OTU259,US,0.9963,BOLD:AAL6280,Animalia,Arthropoda,Arachnida,Araneae,NA,NA,NA,63,9/15/2017,Egner,B,9/18/2017,82,Single
9152017EGB9,OTU269,GS,97.2,BOLD:AAP9050,Animalia,Arthropoda,Insecta,Diptera,Ceratopogonidae,NA,NA,54,9/15/2017,Egner,B,9/18/2017,82,Single
9152017EGB9,OTU322,GS,100,BOLD:AAC2499,Animalia,Arthropoda,Insecta,Diptera,Drosophilidae,Drosophila,Drosophila suzukii,69,9/15/2017,Egner,B,9/18/2017,82,Single
9152017EGB9,OTU408,GS,100,BOLD:AAA2955,Animalia,Arthropoda,Insecta,Lepidoptera,Tortricidae,Argyrotaenia,Argyrotaenia ljungiana,7,9/15/2017,Egner,B,9/18/2017,82,Single
9152017EGB9,OTU447,US,0.9916,BOLD:AAW5176,Animalia,Arthropoda,Arachnida,Araneae,NA,NA,NA,16,9/15/2017,Egner,B,9/18/2017,82,Single
9152017EGB9,OTU520,US,0.3081,BOLD:ACA6588,Animalia,Arthropoda,Arachnida,Araneae,NA,NA,NA,13,9/15/2017,Egner,B,9/18/2017,82,Single
9152017EGB9,OTU548,GS,99.4,BOLD:AAC0126,Animalia,Arthropoda,Insecta,Lepidoptera,Tortricidae,Coelostathma,Coelostathma discopunctana,159,9/15/2017,Egner,B,9/18/2017,82,Single
9152017EGB9,OTU576,GS,100,BOLD:AAA5192,Animalia,Arthropoda,Insecta,Lepidoptera,Tortricidae,Platynota,Platynota idaeusalis,4,9/15/2017,Egner,B,9/18/2017,82,Single
9152017EGB9,OTU829,GS,99.4,BOLD:AAG6500,Animalia,Arthropoda,Insecta,Diptera,Ceratopogonidae,Atrichopogon,Atrichopogon fusculus,11,9/15/2017,Egner,B,9/18/2017,82,Single
9152017EGB9,OTU944,GS,100,BOLD:AAB1667,Animalia,Arthropoda,Insecta,Lepidoptera,Tortricidae,Argyrotaenia,Argyrotaenia quercifoliana,8,9/15/2017,Egner,B,9/18/2017,82,Single
9152017EGB9,OTU1088,GS,98.3,BOLD:AAG2878,Animalia,Arthropoda,Insecta,Hemiptera,Cicadellidae,Gyponana,Gyponana extenda,7,9/15/2017,Egner,B,9/18/2017,82,Single
9152017EGB9,OTU1107,US,0,BOLD:ACT8457,Animalia,Arthropoda,Insecta,Hymenoptera,NA,NA,NA,2,9/15/2017,Egner,B,9/18/2017,82,Single
9152017EGB9,OTU1210,GS,97.2,BOLD:AAF4632,Animalia,Arthropoda,Insecta,Diptera,Limoniidae,Epiphragma,Epiphragma solatrix,6,9/15/2017,Egner,B,9/18/2017,82,Single
9152017EGB9,OTU1265,SS,0.83,BOLD:AAF4632,Animalia,Arthropoda,Insecta,Diptera,Limoniidae,Epiphragma,Epiphragma solatrix,10,9/15/2017,Egner,B,9/18/2017,82,Single
9152017EGB9,OTU1268,GS,97.8,BOLD:AAM6211,Animalia,Arthropoda,Insecta,Diptera,Chironomidae,Glyptotendipes,NA,176,9/15/2017,Egner,B,9/18/2017,82,Single
9152017EGB9,OTU1351,SS,0.94,BOLD:AAB7030,Animalia,Arthropoda,Insecta,Diptera,Chironomidae,Chironomus,Chironomus decorus,6,9/15/2017,Egner,B,9/18/2017,82,Single
9152017EGB9,OTU1409,GS,98.3,BOLD:AAE7788,Animalia,Arthropoda,Insecta,Diptera,Culicidae,Culex,Culex salinarius,25,9/15/2017,Egner,B,9/18/2017,82,Single
9152017EGB9,OTU1434,GS,97.6,BOLD:AAA7067,Animalia,Arthropoda,Insecta,Diptera,Culicidae,Aedes,Aedes vexans,6,9/15/2017,Egner,B,9/18/2017,82,Single
9152017EGB9,OTU1494,US,0.8732,BOLD:AAF4632,Animalia,Arthropoda,Insecta,Diptera,NA,NA,NA,2,9/15/2017,Egner,B,9/18/2017,82,Single
9152017EGB9,OTU1520,GS,97.8,BOLD:AAH8501,Animalia,Arthropoda,Insecta,Lepidoptera,Gracillariidae,Phyllonorycter,Phyllonorycter cytisifoliae,5,9/15/2017,Egner,B,9/18/2017,82,Single
9152017EGB9,OTU1654,US,0,BOLD:ACX7445,Animalia,Arthropoda,Insecta,Diptera,NA,NA,NA,20,9/15/2017,Egner,B,9/18/2017,82,Single
9152017EGB9,OTU1746,GS,97.2,BOLD:ACE9691,Animalia,Arthropoda,Insecta,Hemiptera,Cicadellidae,Gyponana,Gyponana brevita,14,9/15/2017,Egner,B,9/18/2017,82,Single
9152017EGB9,OTU1878,SS,0.78,BOLD:ABW4215,Animalia,Arthropoda,Insecta,Diptera,NA,NA,NA,4,9/15/2017,Egner,B,9/18/2017,82,Single
9152017EGC1,OTU6,GS,99.4,BOLD:ACZ2169,Animalia,Arthropoda,Insecta,Hemiptera,Cicadellidae,Gyponana,NA,15771,9/15/2017,Egner,C,9/18/2017,74,Single
9152017EGC1,OTU25,GS,100,BOLD:ACF0083,Animalia,Arthropoda,Insecta,Diptera,Tabanidae,Tabanus,Tabanus similis,20553,9/15/2017,Egner,C,9/18/2017,74,Single
9152017EGC1,OTU53,GS,98,BOLD:ABA6114,Animalia,Arthropoda,Insecta,Hymenoptera,Diapriidae,NA,NA,1489,9/15/2017,Egner,C,9/18/2017,74,Single
9152017EGC1,OTU375,GS,100,BOLD:AAG2878,Animalia,Arthropoda,Insecta,Hemiptera,Cicadellidae,Gyponana,Gyponana extenda,56,9/15/2017,Egner,C,9/18/2017,74,Single
9152017EGC10,OTU1,US,0.0026,BOLD:AAD6798,Animalia,Arthropoda,Insecta,Diptera,NA,NA,NA,9360,9/15/2017,Egner,C,9/18/2017,74,Single
9152017EGC10,OTU5,GS,99.4,BOLD:AAN5451,Animalia,Arthropoda,Arachnida,Araneae,Araneidae,Eustala,NA,12830,9/15/2017,Egner,C,9/18/2017,74,Single
9152017EGC10,OTU6,GS,99.4,BOLD:ACZ2169,Animalia,Arthropoda,Insecta,Hemiptera,Cicadellidae,Gyponana,NA,15765,9/15/2017,Egner,C,9/18/2017,74,Single
9152017EGC10,OTU11,GS,99.4,BOLD:AAG3848,Animalia,Arthropoda,Insecta,Diptera,Culicidae,Culex,Culex erraticus,2007,9/15/2017,Egner,C,9/18/2017,74,Single
9152017EGC10,OTU38,GS,99.4,BOLD:AAB4070,Animalia,Arthropoda,Insecta,Lepidoptera,Tortricidae,Gymnandrosoma,Gymnandrosoma punctidiscanum,401,9/15/2017,Egner,C,9/18/2017,74,Single
9152017EGC10,OTU263,GS,98.9,BOLD:AAC4322,Animalia,Arthropoda,Insecta,Lepidoptera,Tortricidae,Platynota,Platynota flavedana,91,9/15/2017,Egner,C,9/18/2017,74,Single
9152017EGC10,OTU284,GS,100,BOLD:AAC6665,Animalia,Arthropoda,Insecta,Lepidoptera,Tortricidae,Aethes,Aethes angulatana,63,9/15/2017,Egner,C,9/18/2017,74,Single
9152017EGC10,OTU346,US,0,None,Animalia,Arthropoda,Insecta,Hymenoptera,NA,NA,NA,10,9/15/2017,Egner,C,9/18/2017,74,Single
9152017EGC10,OTU364,GS,100,BOLD:AAF8338,Animalia,Arthropoda,Insecta,Diptera,Tipulidae,Tipula,Tipula furca,15,9/15/2017,Egner,C,9/18/2017,74,Single
9152017EGC10,OTU375,GS,100,BOLD:AAG2878,Animalia,Arthropoda,Insecta,Hemiptera,Cicadellidae,Gyponana,Gyponana extenda,183,9/15/2017,Egner,C,9/18/2017,74,Single
9152017EGC10,OTU408,GS,100,BOLD:AAA2955,Animalia,Arthropoda,Insecta,Lepidoptera,Tortricidae,Argyrotaenia,Argyrotaenia ljungiana,138,9/15/2017,Egner,C,9/18/2017,74,Single
9152017EGC10,OTU580,GS,98.3,BOLD:ABZ0908,Animalia,Arthropoda,Insecta,Diptera,Tipulidae,Nephrotoma,Nephrotoma ferruginea,7,9/15/2017,Egner,C,9/18/2017,74,Single
9152017EGC10,OTU828,US,1,None,Animalia,Arthropoda,Insecta,Orthoptera,NA,NA,NA,13,9/15/2017,Egner,C,9/18/2017,74,Single
9152017EGC10,OTU868,GS,97.8,BOLD:AAA4242,Animalia,Arthropoda,Insecta,Diptera,Tachinidae,Lespesia,NA,185,9/15/2017,Egner,C,9/18/2017,74,Single
9152017EGC10,OTU988,GS,100,BOLD:AAP5113,Animalia,Arthropoda,Insecta,Diptera,Chironomidae,NA,NA,74,9/15/2017,Egner,C,9/18/2017,74,Single
9152017EGC10,OTU1088,GS,98.3,BOLD:AAG2878,Animalia,Arthropoda,Insecta,Hemiptera,Cicadellidae,Gyponana,Gyponana extenda,73,9/15/2017,Egner,C,9/18/2017,74,Single
9152017EGC10,OTU1097,GS,97.2,BOLD:AAN5451,Animalia,Arthropoda,Arachnida,Araneae,Araneidae,Eustala,NA,80,9/15/2017,Egner,C,9/18/2017,74,Single
9152017EGC10,OTU1317,SS,0.01,BOLD:AAN5451,Animalia,Arthropoda,Arachnida,Araneae,Araneidae,Eustala,NA,12,9/15/2017,Egner,C,9/18/2017,74,Single
9152017EGC10,OTU1756,SS,0.97,BOLD:AAG3848,Animalia,Arthropoda,Insecta,Diptera,Culicidae,Culex,Culex erraticus,7,9/15/2017,Egner,C,9/18/2017,74,Single
9152017EGC2,OTU2,GS,100,BOLD:AAH3225,Animalia,Arthropoda,Insecta,Psocodea,Psocidae,Metylophorus,Metylophorus novaescotiae,268,9/15/2017,Egner,C,9/18/2017,74,Single
9152017EGC2,OTU4,GS,100,BOLD:AAN5882,Animalia,Arthropoda,Insecta,Diptera,Limoniidae,Erioptera,Erioptera caliptera,809,9/15/2017,Egner,C,9/18/2017,74,Single
9152017EGC2,OTU5,GS,99.4,BOLD:AAN5451,Animalia,Arthropoda,Arachnida,Araneae,Araneidae,Eustala,NA,2416,9/15/2017,Egner,C,9/18/2017,74,Single
9152017EGC2,OTU7,GS,100,BOLD:AAF4632,Animalia,Arthropoda,Insecta,Diptera,Limoniidae,Epiphragma,Epiphragma solatrix,1573,9/15/2017,Egner,C,9/18/2017,74,Single
9152017EGC2,OTU11,GS,99.4,BOLD:AAG3848,Animalia,Arthropoda,Insecta,Diptera,Culicidae,Culex,Culex erraticus,11317,9/15/2017,Egner,C,9/18/2017,74,Single
9152017EGC2,OTU13,GS,100,BOLD:ABV1771,Animalia,Arthropoda,Insecta,Diptera,Limoniidae,NA,NA,14390,9/15/2017,Egner,C,9/18/2017,74,Single
9152017EGC2,OTU14,GS,99.4,BOLD:AAO3940,Animalia,Arthropoda,Insecta,Diptera,Limoniidae,Rhipidia,NA,2156,9/15/2017,Egner,C,9/18/2017,74,Single
9152017EGC2,OTU16,GS,100,BOLD:AAA7067,Animalia,Arthropoda,Insecta,Diptera,Culicidae,Aedes,Aedes vexans,2209,9/15/2017,Egner,C,9/18/2017,74,Single
9152017EGC2,OTU21,GS,100,BOLD:ACR3763,Animalia,Arthropoda,Insecta,Coleoptera,Ptilodactylidae,Ptilodactyla,Ptilodactyla serricollis,77,9/15/2017,Egner,C,9/18/2017,74,Single
9152017EGC2,OTU22,GS,100,BOLD:ABA8054,Animalia,Arthropoda,Insecta,Hymenoptera,Braconidae,NA,NA,357,9/15/2017,Egner,C,9/18/2017,74,Single
9152017EGC2,OTU65,GS,100,BOLD:AAA1517,Animalia,Arthropoda,Insecta,Lepidoptera,Tortricidae,Choristoneura,Choristoneura rosaceana,208,9/15/2017,Egner,C,9/18/2017,74,Single
9152017EGC2,OTU67,GS,100,BOLD:AAO3948,Animalia,Arthropoda,Insecta,Diptera,Tipulidae,Nephrotoma,Nephrotoma macrocera,1962,9/15/2017,Egner,C,9/18/2017,74,Single
9152017EGC2,OTU68,GS,100,BOLD:AAB7030,Animalia,Arthropoda,Insecta,Diptera,Chironomidae,Chironomus,Chironomus decorus,153,9/15/2017,Egner,C,9/18/2017,74,Single
9152017EGC2,OTU71,GSL,100,BOLD:AAA7661,Animalia,Arthropoda,Insecta,Diptera,Culicidae,NA,NA,496,9/15/2017,Egner,C,9/18/2017,74,Single
9152017EGC2,OTU78,US,1,BOLD:AAY8864,Animalia,Arthropoda,Insecta,Diptera,NA,NA,NA,32,9/15/2017,Egner,C,9/18/2017,74,Single
9152017EGC2,OTU146,GS,99.4,BOLD:ABV9238,Animalia,Arthropoda,Insecta,Diptera,Limoniidae,Gonomyia,NA,60,9/15/2017,Egner,C,9/18/2017,74,Single
9152017EGC2,OTU150,GS,100,BOLD:AAA7272,Animalia,Arthropoda,Arachnida,Araneae,Dictynidae,Emblyna,Emblyna sublata,107,9/15/2017,Egner,C,9/18/2017,74,Single
9152017EGC2,OTU158,GS,100,BOLD:AAH3230,Animalia,Arthropoda,Insecta,Psocodea,Psocidae,NA,NA,170,9/15/2017,Egner,C,9/18/2017,74,Single
9152017EGC2,OTU162,GS,100,BOLD:ACI5326,Animalia,Arthropoda,Insecta,Hemiptera,Miridae,Hyaliodes,Hyaliodes vitripennis,22,9/15/2017,Egner,C,9/18/2017,74,Single
9152017EGC2,OTU189,GS,100,BOLD:ABV2225,Animalia,Arthropoda,Insecta,Lepidoptera,Gracillariidae,Caloptilia,NA,8,9/15/2017,Egner,C,9/18/2017,74,Single
9152017EGC2,OTU195,GS,100,BOLD:ABW4424,Animalia,Arthropoda,Insecta,Diptera,Limoniidae,Dicranomyia,NA,89,9/15/2017,Egner,C,9/18/2017,74,Single
9152017EGC2,OTU198,GS,99.4,BOLD:ABZ1242,Animalia,Arthropoda,Insecta,Diptera,Chironomidae,NA,NA,23,9/15/2017,Egner,C,9/18/2017,74,Single
9152017EGC2,OTU216,GS,100,BOLD:AAG5659,Animalia,Arthropoda,Arachnida,Araneae,Tetragnathidae,Tetragnatha,Tetragnatha viridis,53,9/15/2017,Egner,C,9/18/2017,74,Single
9152017EGC2,OTU248,SS,0.79,BOLD:ABX5321,Animalia,Arthropoda,Insecta,Diptera,Tipulidae,NA,NA,113,9/15/2017,Egner,C,9/18/2017,74,Single
9152017EGC2,OTU249,SS,0.04,BOLD:AAU6540,Animalia,Arthropoda,Insecta,Diptera,Psychodidae,NA,NA,56,9/15/2017,Egner,C,9/18/2017,74,Single
9152017EGC2,OTU255,GS,100,BOLD:AAG4956,Animalia,Arthropoda,Insecta,Diptera,Mycetophilidae,Greenomyia,NA,2110,9/15/2017,Egner,C,9/18/2017,74,Single
9152017EGC2,OTU258,GS,100,BOLD:ACA7555,Animalia,Arthropoda,Insecta,Diptera,Chironomidae,NA,NA,152,9/15/2017,Egner,C,9/18/2017,74,Single
9152017EGC2,OTU272,GS,100,BOLD:AAJ3819,Animalia,Arthropoda,Insecta,Diptera,Clusiidae,Sobarocephala,Sobarocephala setipes,99,9/15/2017,Egner,C,9/18/2017,74,Single
9152017EGC2,OTU284,GS,100,BOLD:AAC6665,Animalia,Arthropoda,Insecta,Lepidoptera,Tortricidae,Aethes,Aethes angulatana,205,9/15/2017,Egner,C,9/18/2017,74,Single
9152017EGC2,OTU293,GS,100,BOLD:AAU4100,Animalia,Arthropoda,Insecta,Lepidoptera,Gracillariidae,Cameraria,Cameraria hamadryadella,136,9/15/2017,Egner,C,9/18/2017,74,Single
9152017EGC2,OTU350,GS,99.4,BOLD:AAL7361,Animalia,Arthropoda,Insecta,Diptera,Chironomidae,Procladius,NA,735,9/15/2017,Egner,C,9/18/2017,74,Single
9152017EGC2,OTU364,GS,100,BOLD:AAF8338,Animalia,Arthropoda,Insecta,Diptera,Tipulidae,Tipula,Tipula furca,128,9/15/2017,Egner,C,9/18/2017,74,Single
9152017EGC2,OTU371,GS,100,BOLD:ABX9756,Animalia,Arthropoda,Insecta,Diptera,NA,NA,NA,154,9/15/2017,Egner,C,9/18/2017,74,Single
9152017EGC2,OTU486,GS,100,BOLD:ACL3824,Animalia,Arthropoda,Insecta,Diptera,Chironomidae,NA,NA,15,9/15/2017,Egner,C,9/18/2017,74,Single
9152017EGC2,OTU494,GS,99.4,BOLD:AAH3231,Animalia,Arthropoda,Insecta,Psocodea,Psocidae,NA,NA,30,9/15/2017,Egner,C,9/18/2017,74,Single
9152017EGC2,OTU576,GS,100,BOLD:AAA5192,Animalia,Arthropoda,Insecta,Lepidoptera,Tortricidae,Platynota,Platynota idaeusalis,84,9/15/2017,Egner,C,9/18/2017,74,Single
9152017EGC2,OTU577,GS,100,BOLD:AAF4509,Animalia,Arthropoda,Insecta,Lepidoptera,Momphidae,Mompha,Mompha cephalonthiella,73,9/15/2017,Egner,C,9/18/2017,74,Single
9152017EGC2,OTU866,GS,100,BOLD:ACT6778,Animalia,Arthropoda,Insecta,Diptera,Keroplatidae,NA,NA,89,9/15/2017,Egner,C,9/18/2017,74,Single
9152017EGC2,OTU1024,GS,99.4,BOLD:ACY3656,Animalia,Arthropoda,Insecta,Diptera,Mycetophilidae,Neoempheria,NA,1,9/15/2017,Egner,C,9/18/2017,74,Single
9152017EGC2,OTU1072,SS,0.54,BOLD:ABV9238,Animalia,Arthropoda,Insecta,Diptera,NA,NA,NA,5,9/15/2017,Egner,C,9/18/2017,74,Single
9152017EGC2,OTU1079,GS,100,BOLD:AAI9091,Animalia,Arthropoda,Insecta,Diptera,Drosophilidae,Drosophila,Drosophila tripunctata,41,9/15/2017,Egner,C,9/18/2017,74,Single
9152017EGC2,OTU1097,GS,97.2,BOLD:AAN5451,Animalia,Arthropoda,Arachnida,Araneae,Araneidae,Eustala,NA,52,9/15/2017,Egner,C,9/18/2017,74,Single
9152017EGC2,OTU1176,US,0.9249,BOLD:AAF4632,Animalia,Arthropoda,Insecta,Diptera,NA,NA,NA,5,9/15/2017,Egner,C,9/18/2017,74,Single
9152017EGC2,OTU1210,GS,97.2,BOLD:AAF4632,Animalia,Arthropoda,Insecta,Diptera,Limoniidae,Epiphragma,Epiphragma solatrix,55,9/15/2017,Egner,C,9/18/2017,74,Single
9152017EGC2,OTU1218,SS,0.53,BOLD:AAI9091,Animalia,Arthropoda,Insecta,Diptera,NA,NA,NA,55,9/15/2017,Egner,C,9/18/2017,74,Single
9152017EGC2,OTU1265,SS,0.83,BOLD:AAF4632,Animalia,Arthropoda,Insecta,Diptera,Limoniidae,Epiphragma,Epiphragma solatrix,13,9/15/2017,Egner,C,9/18/2017,74,Single
9152017EGC2,OTU1271,GS,100,BOLD:AAP3004,Animalia,Arthropoda,Insecta,Diptera,Chironomidae,Chironomus,Chironomus staegeri,23,9/15/2017,Egner,C,9/18/2017,74,Single
9152017EGC2,OTU1317,SS,0.01,BOLD:AAN5451,Animalia,Arthropoda,Arachnida,Araneae,Araneidae,Eustala,NA,17,9/15/2017,Egner,C,9/18/2017,74,Single
9152017EGC2,OTU1350,GS,97.2,BOLD:AAA7067,Animalia,Arthropoda,Insecta,Diptera,Culicidae,Aedes,Aedes vexans,160,9/15/2017,Egner,C,9/18/2017,74,Single
9152017EGC2,OTU1351,SS,0.94,BOLD:AAB7030,Animalia,Arthropoda,Insecta,Diptera,Chironomidae,Chironomus,Chironomus decorus,36,9/15/2017,Egner,C,9/18/2017,74,Single
9152017EGC2,OTU1403,SS,0.36,BOLD:ACV0130,Animalia,Arthropoda,Insecta,Diptera,NA,NA,NA,15,9/15/2017,Egner,C,9/18/2017,74,Single
9152017EGC2,OTU1434,GS,97.6,BOLD:AAA7067,Animalia,Arthropoda,Insecta,Diptera,Culicidae,Aedes,Aedes vexans,6,9/15/2017,Egner,C,9/18/2017,74,Single
9152017EGC2,OTU1494,US,0.8732,BOLD:AAF4632,Animalia,Arthropoda,Insecta,Diptera,NA,NA,NA,1,9/15/2017,Egner,C,9/18/2017,74,Single
9152017EGC2,OTU1502,GS,100,BOLD:AAA7880,Animalia,Arthropoda,Insecta,Lepidoptera,Crambidae,Nomophila,Nomophila noctuella,1,9/15/2017,Egner,C,9/18/2017,74,Single
9152017EGC2,OTU1513,GS,97.8,BOLD:ACL2801,Animalia,Arthropoda,Insecta,Diptera,Tipulidae,Nephrotoma,Nephrotoma macrocera,12,9/15/2017,Egner,C,9/18/2017,74,Single
9152017EGC2,OTU1514,SS,0.75,BOLD:ABX5321,Animalia,Arthropoda,Insecta,Diptera,NA,NA,NA,7,9/15/2017,Egner,C,9/18/2017,74,Single
9152017EGC2,OTU1683,SS,0.84,BOLD:AAF4632,Animalia,Arthropoda,Insecta,Diptera,Limoniidae,Epiphragma,Epiphragma solatrix,10,9/15/2017,Egner,C,9/18/2017,74,Single
9152017EGC2,OTU1740,SS,0.75,BOLD:ABV1771,Animalia,Arthropoda,Insecta,Diptera,NA,NA,NA,7,9/15/2017,Egner,C,9/18/2017,74,Single
9152017EGC2,OTU1871,SS,0.85,BOLD:AAG3848,Animalia,Arthropoda,Insecta,Diptera,Culicidae,Culex,Culex erraticus,14,9/15/2017,Egner,C,9/18/2017,74,Single
9152017EGC3,OTU1,US,0.0026,BOLD:AAD6798,Animalia,Arthropoda,Insecta,Diptera,NA,NA,NA,2702,9/15/2017,Egner,C,9/18/2017,74,Single
9152017EGC3,OTU2,GS,100,BOLD:AAH3225,Animalia,Arthropoda,Insecta,Psocodea,Psocidae,Metylophorus,Metylophorus novaescotiae,786,9/15/2017,Egner,C,9/18/2017,74,Single
9152017EGC3,OTU6,GS,99.4,BOLD:ACZ2169,Animalia,Arthropoda,Insecta,Hemiptera,Cicadellidae,Gyponana,NA,26125,9/15/2017,Egner,C,9/18/2017,74,Single
9152017EGC3,OTU180,GS,100,BOLD:AAM8933,Animalia,Arthropoda,Insecta,Psocodea,Amphipsocidae,Polypsocus,Polypsocus corruptus,26,9/15/2017,Egner,C,9/18/2017,74,Single
9152017EGC3,OTU238,GS,100,BOLD:AAC2281,Animalia,Arthropoda,Insecta,Diptera,Culicidae,Anopheles,Anopheles quadrimaculatus,147,9/15/2017,Egner,C,9/18/2017,74,Single
9152017EGC3,OTU252,GS,100,BOLD:AAC6739,Animalia,Arthropoda,Insecta,Lepidoptera,Coleophoridae,Coleophora,Coleophora borea,118,9/15/2017,Egner,C,9/18/2017,74,Single
9152017EGC3,OTU284,GS,100,BOLD:AAC6665,Animalia,Arthropoda,Insecta,Lepidoptera,Tortricidae,Aethes,Aethes angulatana,39,9/15/2017,Egner,C,9/18/2017,74,Single
9152017EGC3,OTU373,GS,98.9,BOLD:AAG8953,Animalia,Arthropoda,Insecta,Hemiptera,Cicadellidae,Gyponana,Gyponana amara,127,9/15/2017,Egner,C,9/18/2017,74,Single
9152017EGC3,OTU375,GS,100,BOLD:AAG2878,Animalia,Arthropoda,Insecta,Hemiptera,Cicadellidae,Gyponana,Gyponana extenda,799,9/15/2017,Egner,C,9/18/2017,74,Single
9152017EGC3,OTU379,GS,99.4,BOLD:AAG2878,Animalia,Arthropoda,Insecta,Hemiptera,Cicadellidae,Gyponana,Gyponana extenda,12,9/15/2017,Egner,C,9/18/2017,74,Single
9152017EGC3,OTU392,US,1,None,Animalia,Arthropoda,Insecta,Diptera,NA,NA,NA,3,9/15/2017,Egner,C,9/18/2017,74,Single
9152017EGC3,OTU480,GS,100,BOLD:AAP2997,Animalia,Arthropoda,Insecta,Diptera,Chironomidae,NA,NA,2,9/15/2017,Egner,C,9/18/2017,74,Single
9152017EGC3,OTU782,US,0.2833,BOLD:ACW7520,Animalia,Arthropoda,Insecta,Diptera,NA,NA,NA,5,9/15/2017,Egner,C,9/18/2017,74,Single
9152017EGC3,OTU802,GS,100,BOLD:AAZ0412,Animalia,Arthropoda,Insecta,Diptera,Tachinidae,Phytomyptera,Phytomyptera melissopodis,86,9/15/2017,Egner,C,9/18/2017,74,Single
9152017EGC3,OTU825,GS,98.9,BOLD:ABY7119,Animalia,Arthropoda,Insecta,Diptera,Ceratopogonidae,Bezzia,NA,197,9/15/2017,Egner,C,9/18/2017,74,Single
9152017EGC3,OTU866,GS,100,BOLD:ACT6778,Animalia,Arthropoda,Insecta,Diptera,Keroplatidae,NA,NA,17,9/15/2017,Egner,C,9/18/2017,74,Single
9152017EGC3,OTU1088,GS,98.3,BOLD:AAG2878,Animalia,Arthropoda,Insecta,Hemiptera,Cicadellidae,Gyponana,Gyponana extenda,230,9/15/2017,Egner,C,9/18/2017,74,Single
9152017EGC3,OTU1110,SS,1,BOLD:AAG2878,Animalia,Arthropoda,Insecta,Hemiptera,Cicadellidae,Gyponana,Gyponana extenda,14,9/15/2017,Egner,C,9/18/2017,74,Single
9152017EGC3,OTU1172,SS,0.83,BOLD:AAD6926,Animalia,Arthropoda,Arachnida,Araneae,Anyphaenidae,Anyphaena,Anyphaena pectorosa,4,9/15/2017,Egner,C,9/18/2017,74,Single
9152017EGC3,OTU1306,GS,97.2,BOLD:ABX5600,Animalia,Arthropoda,Insecta,Hemiptera,Cicadellidae,Gyponana,Gyponana cana,10,9/15/2017,Egner,C,9/18/2017,74,Single
9152017EGC3,OTU1464,SS,0.42,BOLD:ABA5086,Animalia,Arthropoda,Insecta,Hemiptera,Cicadellidae,Gyponana,NA,11,9/15/2017,Egner,C,9/18/2017,74,Single
9152017EGC3,OTU1479,US,1,None,Animalia,Arthropoda,Insecta,Hemiptera,NA,NA,NA,23,9/15/2017,Egner,C,9/18/2017,74,Single
9152017EGC3,OTU1564,US,0,None,Animalia,Arthropoda,Arachnida,Sarcoptiformes,NA,NA,NA,28,9/15/2017,Egner,C,9/18/2017,74,Single
9152017EGC3,OTU1746,GS,97.2,BOLD:ACE9691,Animalia,Arthropoda,Insecta,Hemiptera,Cicadellidae,Gyponana,Gyponana brevita,4,9/15/2017,Egner,C,9/18/2017,74,Single
9152017EGC3,OTU1893,US,0.2833,BOLD:ACM7728,Animalia,Arthropoda,Insecta,Lepidoptera,NA,NA,NA,9,9/15/2017,Egner,C,9/18/2017,74,Single
9152017EGC4,OTU1,US,0.0026,BOLD:AAD6798,Animalia,Arthropoda,Insecta,Diptera,NA,NA,NA,224,9/15/2017,Egner,C,9/18/2017,74,Single
9152017EGC4,OTU2,GS,100,BOLD:AAH3225,Animalia,Arthropoda,Insecta,Psocodea,Psocidae,Metylophorus,Metylophorus novaescotiae,238,9/15/2017,Egner,C,9/18/2017,74,Single
9152017EGC4,OTU4,GS,100,BOLD:AAN5882,Animalia,Arthropoda,Insecta,Diptera,Limoniidae,Erioptera,Erioptera caliptera,966,9/15/2017,Egner,C,9/18/2017,74,Single
9152017EGC4,OTU11,GS,99.4,BOLD:AAG3848,Animalia,Arthropoda,Insecta,Diptera,Culicidae,Culex,Culex erraticus,4595,9/15/2017,Egner,C,9/18/2017,74,Single
9152017EGC4,OTU13,GS,100,BOLD:ABV1771,Animalia,Arthropoda,Insecta,Diptera,Limoniidae,NA,NA,8819,9/15/2017,Egner,C,9/18/2017,74,Single
9152017EGC4,OTU14,GS,99.4,BOLD:AAO3940,Animalia,Arthropoda,Insecta,Diptera,Limoniidae,Rhipidia,NA,7708,9/15/2017,Egner,C,9/18/2017,74,Single
9152017EGC4,OTU32,GS,99.4,BOLD:AAD0637,Animalia,Arthropoda,Insecta,Trichoptera,Phryganeidae,Ptilostomis,Ptilostomis postica,2563,9/15/2017,Egner,C,9/18/2017,74,Single
9152017EGC4,OTU54,GS,99.4,BOLD:ABA5202,Animalia,Arthropoda,Insecta,Diptera,Limoniidae,Pseudolimnophila,Pseudolimnophila luteipennis,161,9/15/2017,Egner,C,9/18/2017,74,Single
9152017EGC4,OTU71,GSL,100,BOLD:AAA7661,Animalia,Arthropoda,Insecta,Diptera,Culicidae,NA,NA,126,9/15/2017,Egner,C,9/18/2017,74,Single
9152017EGC4,OTU78,US,1,BOLD:AAY8864,Animalia,Arthropoda,Insecta,Diptera,NA,NA,NA,3131,9/15/2017,Egner,C,9/18/2017,74,Single
9152017EGC4,OTU146,GS,99.4,BOLD:ABV9238,Animalia,Arthropoda,Insecta,Diptera,Limoniidae,Gonomyia,NA,33,9/15/2017,Egner,C,9/18/2017,74,Single
9152017EGC4,OTU161,GS,100,BOLD:AAA8840,Animalia,Arthropoda,Insecta,Lepidoptera,Tortricidae,Pandemis,Pandemis lamprosana,316,9/15/2017,Egner,C,9/18/2017,74,Single
9152017EGC4,OTU201,GS,100,BOLD:AAG0906,Animalia,Arthropoda,Insecta,Neuroptera,Hemerobiidae,Micromus,Micromus posticus,2762,9/15/2017,Egner,C,9/18/2017,74,Single
9152017EGC4,OTU238,GS,100,BOLD:AAC2281,Animalia,Arthropoda,Insecta,Diptera,Culicidae,Anopheles,Anopheles quadrimaculatus,150,9/15/2017,Egner,C,9/18/2017,74,Single
9152017EGC4,OTU239,GS,100,BOLD:ABW2526,Animalia,Arthropoda,Insecta,Diptera,Tabanidae,Tabanus,NA,14,9/15/2017,Egner,C,9/18/2017,74,Single
9152017EGC4,OTU259,US,0.9963,BOLD:AAL6280,Animalia,Arthropoda,Arachnida,Araneae,NA,NA,NA,136,9/15/2017,Egner,C,9/18/2017,74,Single
9152017EGC4,OTU271,GS,98.9,BOLD:ABX3627,Animalia,Arthropoda,Insecta,Diptera,Limoniidae,NA,NA,37,9/15/2017,Egner,C,9/18/2017,74,Single
9152017EGC4,OTU284,GS,100,BOLD:AAC6665,Animalia,Arthropoda,Insecta,Lepidoptera,Tortricidae,Aethes,Aethes angulatana,15,9/15/2017,Egner,C,9/18/2017,74,Single
9152017EGC4,OTU300,GS,100,BOLD:AAA8310,Animalia,Arthropoda,Insecta,Lepidoptera,Crambidae,Anageshna,Anageshna primordialis,20,9/15/2017,Egner,C,9/18/2017,74,Single
9152017EGC4,OTU364,GS,100,BOLD:AAF8338,Animalia,Arthropoda,Insecta,Diptera,Tipulidae,Tipula,Tipula furca,39,9/15/2017,Egner,C,9/18/2017,74,Single
9152017EGC4,OTU365,GS,99.4,BOLD:AAU8554,Animalia,Arthropoda,Insecta,Hymenoptera,Ichneumonidae,NA,NA,114,9/15/2017,Egner,C,9/18/2017,74,Single
9152017EGC4,OTU398,GS,98.9,BOLD:ACE4129,Animalia,Arthropoda,Insecta,Lepidoptera,Tortricidae,Cydia,Cydia latiferreana,43,9/15/2017,Egner,C,9/18/2017,74,Single
9152017EGC4,OTU458,GS,100,BOLD:AAB2768,Animalia,Arthropoda,Arachnida,Araneae,Philodromidae,Philodromus,Philodromus rufus,28,9/15/2017,Egner,C,9/18/2017,74,Single
9152017EGC4,OTU486,GS,100,BOLD:ACL3824,Animalia,Arthropoda,Insecta,Diptera,Chironomidae,NA,NA,27,9/15/2017,Egner,C,9/18/2017,74,Single
9152017EGC4,OTU501,GS,100,BOLD:AAA8313,Animalia,Arthropoda,Insecta,Lepidoptera,Noctuidae,Athetis,Athetis tarda,295,9/15/2017,Egner,C,9/18/2017,74,Single
9152017EGC4,OTU689,SS,0.68,BOLD:ACR6277,Animalia,Arthropoda,Insecta,Hemiptera,NA,NA,NA,54,9/15/2017,Egner,C,9/18/2017,74,Single
9152017EGC4,OTU720,GS,99.4,BOLD:AAB5347,Animalia,Arthropoda,Insecta,Lepidoptera,Tortricidae,Paralobesia,Paralobesia liriodendrana,4,9/15/2017,Egner,C,9/18/2017,74,Single
9152017EGC4,OTU887,SS,0.74,BOLD:ABX5321,Animalia,Arthropoda,Insecta,Diptera,NA,NA,NA,55,9/15/2017,Egner,C,9/18/2017,74,Single
9152017EGC4,OTU888,GS,100,BOLD:AAG5541,Animalia,Arthropoda,Insecta,Diptera,Chironomidae,Polypedilum,NA,12,9/15/2017,Egner,C,9/18/2017,74,Single
9152017EGC4,OTU896,GS,100,BOLD:AAG1741,Animalia,Arthropoda,Insecta,Diptera,Muscidae,Coenosia,NA,1,9/15/2017,Egner,C,9/18/2017,74,Single
9152017EGC4,OTU907,SS,0.01,BOLD:AAO3940,Animalia,Arthropoda,Insecta,Diptera,Limoniidae,Rhipidia,NA,12,9/15/2017,Egner,C,9/18/2017,74,Single
9152017EGC4,OTU935,SS,0.01,BOLD:AAO3940,Animalia,Arthropoda,Insecta,Diptera,Limoniidae,Rhipidia,NA,7,9/15/2017,Egner,C,9/18/2017,74,Single
9152017EGC4,OTU1029,GS,100,BOLD:ACE4783,Animalia,Arthropoda,Insecta,Lepidoptera,Noctuidae,Spodoptera,Spodoptera frugiperda,1,9/15/2017,Egner,C,9/18/2017,74,Single
9152017EGC4,OTU1042,US,1,BOLD:ACU0827,Animalia,Arthropoda,Insecta,Diptera,NA,NA,NA,26,9/15/2017,Egner,C,9/18/2017,74,Single
9152017EGC4,OTU1051,US,0.2887,BOLD:ACJ2256,Animalia,Arthropoda,Insecta,Trichoptera,NA,NA,NA,37,9/15/2017,Egner,C,9/18/2017,74,Single
9152017EGC4,OTU1062,GS,100,BOLD:AAA2330,Animalia,Arthropoda,Insecta,Lepidoptera,Erebidae,Hypena,Hypena baltimoralis,17,9/15/2017,Egner,C,9/18/2017,74,Single
9152017EGC4,OTU1072,SS,0.54,BOLD:ABV9238,Animalia,Arthropoda,Insecta,Diptera,NA,NA,NA,4,9/15/2017,Egner,C,9/18/2017,74,Single
9152017EGC4,OTU1152,GS,100,BOLD:AAV0590,Animalia,Arthropoda,Arachnida,Mesostigmata,Blattisociidae,Cheiroseius,NA,36,9/15/2017,Egner,C,9/18/2017,74,Single
9152017EGC4,OTU1223,GS,97.8,BOLD:ABV9238,Animalia,Arthropoda,Insecta,Diptera,Limoniidae,Gonomyia,NA,4,9/15/2017,Egner,C,9/18/2017,74,Single
9152017EGC4,OTU1292,GS,97.8,BOLD:AAN5882,Animalia,Arthropoda,Insecta,Diptera,Limoniidae,Erioptera,Erioptera caliptera,4,9/15/2017,Egner,C,9/18/2017,74,Single
9152017EGC4,OTU1414,US,0.3913,None,Animalia,Arthropoda,Malacostraca,Cumacea,NA,NA,NA,28,9/15/2017,Egner,C,9/18/2017,74,Single
9152017EGC4,OTU1502,GS,100,BOLD:AAA7880,Animalia,Arthropoda,Insecta,Lepidoptera,Crambidae,Nomophila,Nomophila noctuella,3,9/15/2017,Egner,C,9/18/2017,74,Single
9152017EGC4,OTU1504,SS,0.08,BOLD:ACB5181,Animalia,Arthropoda,Insecta,Diptera,NA,NA,NA,22,9/15/2017,Egner,C,9/18/2017,74,Single
9152017EGC4,OTU1530,GS,100,BOLD:AAI1587,Animalia,Arthropoda,Arachnida,Araneae,Trachelidae,Trachelas,Trachelas similis,5,9/15/2017,Egner,C,9/18/2017,74,Single
9152017EGC4,OTU1740,SS,0.75,BOLD:ABV1771,Animalia,Arthropoda,Insecta,Diptera,NA,NA,NA,2,9/15/2017,Egner,C,9/18/2017,74,Single
9152017EGC4,OTU1851,GS,100,BOLD:AAI2721,Animalia,Arthropoda,Arachnida,Araneae,Pisauridae,Pisaurina,Pisaurina mira,18,9/15/2017,Egner,C,9/18/2017,74,Single
9152017EGC4,OTU1871,SS,0.85,BOLD:AAG3848,Animalia,Arthropoda,Insecta,Diptera,Culicidae,Culex,Culex erraticus,50,9/15/2017,Egner,C,9/18/2017,74,Single
9152017EGC4,OTU1882,SS,0.18,BOLD:ACN0347,Animalia,Arthropoda,Insecta,Diptera,NA,NA,NA,1,9/15/2017,Egner,C,9/18/2017,74,Single
9152017EGC5,OTU1,US,0.0026,BOLD:AAD6798,Animalia,Arthropoda,Insecta,Diptera,NA,NA,NA,4794,9/15/2017,Egner,C,9/18/2017,74,Single
9152017EGC5,OTU2,GS,100,BOLD:AAH3225,Animalia,Arthropoda,Insecta,Psocodea,Psocidae,Metylophorus,Metylophorus novaescotiae,856,9/15/2017,Egner,C,9/18/2017,74,Single
9152017EGC5,OTU5,GS,99.4,BOLD:AAN5451,Animalia,Arthropoda,Arachnida,Araneae,Araneidae,Eustala,NA,2894,9/15/2017,Egner,C,9/18/2017,74,Single
9152017EGC5,OTU7,GS,100,BOLD:AAF4632,Animalia,Arthropoda,Insecta,Diptera,Limoniidae,Epiphragma,Epiphragma solatrix,1618,9/15/2017,Egner,C,9/18/2017,74,Single
9152017EGC5,OTU13,GS,100,BOLD:ABV1771,Animalia,Arthropoda,Insecta,Diptera,Limoniidae,NA,NA,6093,9/15/2017,Egner,C,9/18/2017,74,Single
9152017EGC5,OTU15,GS,100,BOLD:ABZ0908,Animalia,Arthropoda,Insecta,Diptera,Tipulidae,Nephrotoma,Nephrotoma ferruginea,519,9/15/2017,Egner,C,9/18/2017,74,Single
9152017EGC5,OTU16,GS,100,BOLD:AAA7067,Animalia,Arthropoda,Insecta,Diptera,Culicidae,Aedes,Aedes vexans,266,9/15/2017,Egner,C,9/18/2017,74,Single
9152017EGC5,OTU24,GS,98.9,BOLD:ABW3499,Animalia,Arthropoda,Insecta,Diptera,NA,NA,NA,584,9/15/2017,Egner,C,9/18/2017,74,Single
9152017EGC5,OTU28,GS,100,BOLD:AAM6784,Animalia,Arthropoda,Insecta,Diptera,Dolichopodidae,NA,NA,1094,9/15/2017,Egner,C,9/18/2017,74,Single
9152017EGC5,OTU70,GS,100,BOLD:ABY9168,Animalia,Arthropoda,Insecta,Lepidoptera,Tortricidae,Clepsis,Clepsis peritana,180,9/15/2017,Egner,C,9/18/2017,74,Single
9152017EGC5,OTU92,GS,100,BOLD:AAG8582,Animalia,Arthropoda,Insecta,Lepidoptera,Blastobasidae,Asaphocrita,Asaphocrita aphidiella,89,9/15/2017,Egner,C,9/18/2017,74,Single
9152017EGC5,OTU99,US,1,BOLD:ACF7919,Animalia,Arthropoda,Collembola,Poduromorpha,NA,NA,NA,173,9/15/2017,Egner,C,9/18/2017,74,Single
9152017EGC5,OTU146,GS,99.4,BOLD:ABV9238,Animalia,Arthropoda,Insecta,Diptera,Limoniidae,Gonomyia,NA,69,9/15/2017,Egner,C,9/18/2017,74,Single
9152017EGC5,OTU175,GS,99.4,BOLD:AAC7367,Animalia,Arthropoda,Insecta,Lepidoptera,Tineidae,Isocorypha,Isocorypha mediostriatella,48,9/15/2017,Egner,C,9/18/2017,74,Single
9152017EGC5,OTU197,GS,100,BOLD:AAN6380,Animalia,Arthropoda,Arachnida,Araneae,Araneidae,Neoscona,NA,78,9/15/2017,Egner,C,9/18/2017,74,Single
9152017EGC5,OTU198,GS,99.4,BOLD:ABZ1242,Animalia,Arthropoda,Insecta,Diptera,Chironomidae,NA,NA,89,9/15/2017,Egner,C,9/18/2017,74,Single
9152017EGC5,OTU238,GS,100,BOLD:AAC2281,Animalia,Arthropoda,Insecta,Diptera,Culicidae,Anopheles,Anopheles quadrimaculatus,30,9/15/2017,Egner,C,9/18/2017,74,Single
9152017EGC5,OTU248,SS,0.79,BOLD:ABX5321,Animalia,Arthropoda,Insecta,Diptera,Tipulidae,NA,NA,57,9/15/2017,Egner,C,9/18/2017,74,Single
9152017EGC5,OTU259,US,0.9963,BOLD:AAL6280,Animalia,Arthropoda,Arachnida,Araneae,NA,NA,NA,272,9/15/2017,Egner,C,9/18/2017,74,Single
9152017EGC5,OTU263,GS,98.9,BOLD:AAC4322,Animalia,Arthropoda,Insecta,Lepidoptera,Tortricidae,Platynota,Platynota flavedana,81,9/15/2017,Egner,C,9/18/2017,74,Single
9152017EGC5,OTU279,US,0.9881,BOLD:AAL9881,Animalia,Arthropoda,Arachnida,Araneae,NA,NA,NA,176,9/15/2017,Egner,C,9/18/2017,74,Single
9152017EGC5,OTU293,GS,100,BOLD:AAU4100,Animalia,Arthropoda,Insecta,Lepidoptera,Gracillariidae,Cameraria,Cameraria hamadryadella,71,9/15/2017,Egner,C,9/18/2017,74,Single
9152017EGC5,OTU364,GS,100,BOLD:AAF8338,Animalia,Arthropoda,Insecta,Diptera,Tipulidae,Tipula,Tipula furca,91,9/15/2017,Egner,C,9/18/2017,74,Single
9152017EGC5,OTU411,GS,100,BOLD:AAC8166,Animalia,Arthropoda,Insecta,Lepidoptera,NA,NA,NA,382,9/15/2017,Egner,C,9/18/2017,74,Single
9152017EGC5,OTU447,US,0.9916,BOLD:AAW5176,Animalia,Arthropoda,Arachnida,Araneae,NA,NA,NA,473,9/15/2017,Egner,C,9/18/2017,74,Single
9152017EGC5,OTU494,GS,99.4,BOLD:AAH3231,Animalia,Arthropoda,Insecta,Psocodea,Psocidae,NA,NA,10,9/15/2017,Egner,C,9/18/2017,74,Single
9152017EGC5,OTU503,GS,99.4,BOLD:AAG6486,Animalia,Arthropoda,Insecta,Diptera,Ceratopogonidae,Bezzia,Bezzia nobilis,80,9/15/2017,Egner,C,9/18/2017,74,Single
9152017EGC5,OTU535,GS,99.4,BOLD:ACM4095,Animalia,Arthropoda,Insecta,Diptera,Cecidomyiidae,NA,NA,279,9/15/2017,Egner,C,9/18/2017,74,Single
9152017EGC5,OTU548,GS,99.4,BOLD:AAC0126,Animalia,Arthropoda,Insecta,Lepidoptera,Tortricidae,Coelostathma,Coelostathma discopunctana,100,9/15/2017,Egner,C,9/18/2017,74,Single
9152017EGC5,OTU580,GS,98.3,BOLD:ABZ0908,Animalia,Arthropoda,Insecta,Diptera,Tipulidae,Nephrotoma,Nephrotoma ferruginea,18,9/15/2017,Egner,C,9/18/2017,74,Single
9152017EGC5,OTU639,US,0.9885,BOLD:ACI7589,Animalia,Arthropoda,Insecta,Coleoptera,NA,NA,NA,244,9/15/2017,Egner,C,9/18/2017,74,Single
9152017EGC5,OTU665,GS,100,BOLD:AAW4535,Animalia,Arthropoda,Arachnida,Araneae,Araneidae,Araneus,Araneus marmoreus,239,9/15/2017,Egner,C,9/18/2017,74,Single
9152017EGC5,OTU735,GS,99.4,BOLD:AAJ7964,Animalia,Arthropoda,Arachnida,Araneae,Araneidae,Araneus,Araneus thaddeus,250,9/15/2017,Egner,C,9/18/2017,74,Single
9152017EGC5,OTU795,GS,98.9,BOLD:AAN5234,Animalia,Arthropoda,Insecta,Diptera,Cecidomyiidae,NA,NA,185,9/15/2017,Egner,C,9/18/2017,74,Single
9152017EGC5,OTU1072,SS,0.54,BOLD:ABV9238,Animalia,Arthropoda,Insecta,Diptera,NA,NA,NA,2,9/15/2017,Egner,C,9/18/2017,74,Single
9152017EGC5,OTU1097,GS,97.2,BOLD:AAN5451,Animalia,Arthropoda,Arachnida,Araneae,Araneidae,Eustala,NA,67,9/15/2017,Egner,C,9/18/2017,74,Single
9152017EGC5,OTU1210,GS,97.2,BOLD:AAF4632,Animalia,Arthropoda,Insecta,Diptera,Limoniidae,Epiphragma,Epiphragma solatrix,18,9/15/2017,Egner,C,9/18/2017,74,Single
9152017EGC5,OTU1317,SS,0.01,BOLD:AAN5451,Animalia,Arthropoda,Arachnida,Araneae,Araneidae,Eustala,NA,2,9/15/2017,Egner,C,9/18/2017,74,Single
9152017EGC5,OTU1350,GS,97.2,BOLD:AAA7067,Animalia,Arthropoda,Insecta,Diptera,Culicidae,Aedes,Aedes vexans,38,9/15/2017,Egner,C,9/18/2017,74,Single
9152017EGC5,OTU1403,SS,0.36,BOLD:ACV0130,Animalia,Arthropoda,Insecta,Diptera,NA,NA,NA,4,9/15/2017,Egner,C,9/18/2017,74,Single
9152017EGC5,OTU1514,SS,0.75,BOLD:ABX5321,Animalia,Arthropoda,Insecta,Diptera,NA,NA,NA,3,9/15/2017,Egner,C,9/18/2017,74,Single
9152017EGC5,OTU1554,SS,0.92,BOLD:AAP2734,Animalia,Arthropoda,Insecta,Diptera,Limoniidae,Erioptera,Erioptera parva,3,9/15/2017,Egner,C,9/18/2017,74,Single
9152017EGC5,OTU1655,SS,0.06,BOLD:ABW4416,Animalia,Arthropoda,Insecta,Diptera,NA,NA,NA,23,9/15/2017,Egner,C,9/18/2017,74,Single
9152017EGC5,OTU1683,SS,0.84,BOLD:AAF4632,Animalia,Arthropoda,Insecta,Diptera,Limoniidae,Epiphragma,Epiphragma solatrix,4,9/15/2017,Egner,C,9/18/2017,74,Single
9152017EGC5,OTU1724,US,0.8732,BOLD:ABW0552,Animalia,Arthropoda,Insecta,Lepidoptera,NA,NA,NA,3,9/15/2017,Egner,C,9/18/2017,74,Single
9152017EGC5,OTU1818,GS,97.9,BOLD:AAF4632,Animalia,Arthropoda,Insecta,Diptera,Limoniidae,Epiphragma,Epiphragma solatrix,2,9/15/2017,Egner,C,9/18/2017,74,Single
9152017EGC5,OTU1834,SS,0.74,BOLD:AAF4632,Animalia,Arthropoda,Insecta,Diptera,NA,NA,NA,9,9/15/2017,Egner,C,9/18/2017,74,Single
9152017EGC6,OTU1,US,0.0026,BOLD:AAD6798,Animalia,Arthropoda,Insecta,Diptera,NA,NA,NA,663,9/15/2017,Egner,C,9/18/2017,74,Single
9152017EGC6,OTU2,GS,100,BOLD:AAH3225,Animalia,Arthropoda,Insecta,Psocodea,Psocidae,Metylophorus,Metylophorus novaescotiae,626,9/15/2017,Egner,C,9/18/2017,74,Single
9152017EGC6,OTU6,GS,99.4,BOLD:ACZ2169,Animalia,Arthropoda,Insecta,Hemiptera,Cicadellidae,Gyponana,NA,25742,9/15/2017,Egner,C,9/18/2017,74,Single
9152017EGC6,OTU14,GS,99.4,BOLD:AAO3940,Animalia,Arthropoda,Insecta,Diptera,Limoniidae,Rhipidia,NA,1158,9/15/2017,Egner,C,9/18/2017,74,Single
9152017EGC6,OTU15,GS,100,BOLD:ABZ0908,Animalia,Arthropoda,Insecta,Diptera,Tipulidae,Nephrotoma,Nephrotoma ferruginea,193,9/15/2017,Egner,C,9/18/2017,74,Single
9152017EGC6,OTU16,GS,100,BOLD:AAA7067,Animalia,Arthropoda,Insecta,Diptera,Culicidae,Aedes,Aedes vexans,241,9/15/2017,Egner,C,9/18/2017,74,Single
9152017EGC6,OTU25,GS,100,BOLD:ACF0083,Animalia,Arthropoda,Insecta,Diptera,Tabanidae,Tabanus,Tabanus similis,1018,9/15/2017,Egner,C,9/18/2017,74,Single
9152017EGC6,OTU35,GS,100,BOLD:ABW4215,Animalia,Arthropoda,Insecta,Diptera,Chironomidae,Glyptotendipes,Glyptotendipes meridionalis,116,9/15/2017,Egner,C,9/18/2017,74,Single
9152017EGC6,OTU238,GS,100,BOLD:AAC2281,Animalia,Arthropoda,Insecta,Diptera,Culicidae,Anopheles,Anopheles quadrimaculatus,63,9/15/2017,Egner,C,9/18/2017,74,Single
9152017EGC6,OTU317,GS,99.4,BOLD:ACA8818,Animalia,Arthropoda,Insecta,Hemiptera,Derbidae,Patara,Patara vanduzeei,29,9/15/2017,Egner,C,9/18/2017,74,Single
9152017EGC6,OTU369,SS,0.79,BOLD:ACS7984,Animalia,Arthropoda,Insecta,Hemiptera,NA,NA,NA,87,9/15/2017,Egner,C,9/18/2017,74,Single
9152017EGC6,OTU371,GS,100,BOLD:ABX9756,Animalia,Arthropoda,Insecta,Diptera,NA,NA,NA,42,9/15/2017,Egner,C,9/18/2017,74,Single
9152017EGC6,OTU375,GS,100,BOLD:AAG2878,Animalia,Arthropoda,Insecta,Hemiptera,Cicadellidae,Gyponana,Gyponana extenda,120,9/15/2017,Egner,C,9/18/2017,74,Single
9152017EGC6,OTU486,GS,100,BOLD:ACL3824,Animalia,Arthropoda,Insecta,Diptera,Chironomidae,NA,NA,189,9/15/2017,Egner,C,9/18/2017,74,Single
9152017EGC6,OTU689,SS,0.68,BOLD:ACR6277,Animalia,Arthropoda,Insecta,Hemiptera,NA,NA,NA,81,9/15/2017,Egner,C,9/18/2017,74,Single
9152017EGC6,OTU700,GS,100,BOLD:AAN5337,Animalia,Arthropoda,Insecta,Diptera,Chironomidae,NA,NA,76,9/15/2017,Egner,C,9/18/2017,74,Single
9152017EGC6,OTU794,GS,100,BOLD:AAD2564,Animalia,Arthropoda,Insecta,Lepidoptera,Gelechiidae,Chionodes,Chionodes fuscomaculella,14,9/15/2017,Egner,C,9/18/2017,74,Single
9152017EGC6,OTU848,GS,100,BOLD:AAD5417,Animalia,Arthropoda,Arachnida,Araneae,Clubionidae,Clubiona,Clubiona obesa,7,9/15/2017,Egner,C,9/18/2017,74,Single
9152017EGC6,OTU1057,GS,100,BOLD:AAG8581,Animalia,Arthropoda,Insecta,Lepidoptera,Blastobasidae,Hypatopa,Hypatopa vestaliella,93,9/15/2017,Egner,C,9/18/2017,74,Single
9152017EGC6,OTU1088,GS,98.3,BOLD:AAG2878,Animalia,Arthropoda,Insecta,Hemiptera,Cicadellidae,Gyponana,Gyponana extenda,45,9/15/2017,Egner,C,9/18/2017,74,Single
9152017EGC6,OTU1172,SS,0.83,BOLD:AAD6926,Animalia,Arthropoda,Arachnida,Araneae,Anyphaenidae,Anyphaena,Anyphaena pectorosa,5,9/15/2017,Egner,C,9/18/2017,74,Single
9152017EGC6,OTU1212,SS,0.52,BOLD:ABX7282,Animalia,Arthropoda,Insecta,Hemiptera,NA,NA,NA,1,9/15/2017,Egner,C,9/18/2017,74,Single
9152017EGC6,OTU1236,GS,99.4,BOLD:AAN5354,Animalia,Arthropoda,Insecta,Diptera,Chironomidae,NA,NA,5,9/15/2017,Egner,C,9/18/2017,74,Single
9152017EGC6,OTU1302,GS,100,BOLD:AAI3871,Animalia,Arthropoda,Insecta,Lepidoptera,Gracillariidae,Cameraria,Cameraria ulmella,16,9/15/2017,Egner,C,9/18/2017,74,Single
9152017EGC6,OTU1356,US,0.3056,None,Animalia,Arthropoda,Collembola,Symphypleona,NA,NA,NA,42,9/15/2017,Egner,C,9/18/2017,74,Single
9152017EGC6,OTU1501,GS,100,BOLD:ACB9270,Animalia,Arthropoda,Insecta,Diptera,Ceratopogonidae,Bezzia,NA,8,9/15/2017,Egner,C,9/18/2017,74,Single
9152017EGC6,OTU1519,US,0.0026,BOLD:ACF0083,Animalia,Arthropoda,Insecta,Diptera,NA,NA,NA,22,9/15/2017,Egner,C,9/18/2017,74,Single
9152017EGC6,OTU1530,GS,100,BOLD:AAI1587,Animalia,Arthropoda,Arachnida,Araneae,Trachelidae,Trachelas,Trachelas similis,6,9/15/2017,Egner,C,9/18/2017,74,Single
9152017EGC6,OTU1714,SS,0.8,BOLD:ABX6186,Animalia,Arthropoda,Insecta,Diptera,Tipulidae,Nephrotoma,Nephrotoma ferruginea,14,9/15/2017,Egner,C,9/18/2017,74,Single
9152017EGC6,OTU1746,GS,97.2,BOLD:ACE9691,Animalia,Arthropoda,Insecta,Hemiptera,Cicadellidae,Gyponana,Gyponana brevita,29,9/15/2017,Egner,C,9/18/2017,74,Single
9152017EGC6,OTU1919,GS,98.3,BOLD:ACJ1988,Animalia,Arthropoda,Insecta,Diptera,Ceratopogonidae,NA,NA,1,9/15/2017,Egner,C,9/18/2017,74,Single
9152017EGC7,OTU2,GS,100,BOLD:AAH3225,Animalia,Arthropoda,Insecta,Psocodea,Psocidae,Metylophorus,Metylophorus novaescotiae,1632,9/15/2017,Egner,C,9/18/2017,74,Single
9152017EGC7,OTU5,GS,99.4,BOLD:AAN5451,Animalia,Arthropoda,Arachnida,Araneae,Araneidae,Eustala,NA,1371,9/15/2017,Egner,C,9/18/2017,74,Single
9152017EGC7,OTU7,GS,100,BOLD:AAF4632,Animalia,Arthropoda,Insecta,Diptera,Limoniidae,Epiphragma,Epiphragma solatrix,1113,9/15/2017,Egner,C,9/18/2017,74,Single
9152017EGC7,OTU11,GS,99.4,BOLD:AAG3848,Animalia,Arthropoda,Insecta,Diptera,Culicidae,Culex,Culex erraticus,1250,9/15/2017,Egner,C,9/18/2017,74,Single
9152017EGC7,OTU13,GS,100,BOLD:ABV1771,Animalia,Arthropoda,Insecta,Diptera,Limoniidae,NA,NA,771,9/15/2017,Egner,C,9/18/2017,74,Single
9152017EGC7,OTU14,GS,99.4,BOLD:AAO3940,Animalia,Arthropoda,Insecta,Diptera,Limoniidae,Rhipidia,NA,4716,9/15/2017,Egner,C,9/18/2017,74,Single
9152017EGC7,OTU67,GS,100,BOLD:AAO3948,Animalia,Arthropoda,Insecta,Diptera,Tipulidae,Nephrotoma,Nephrotoma macrocera,599,9/15/2017,Egner,C,9/18/2017,74,Single
9152017EGC7,OTU101,US,0.2887,None,Animalia,Arthropoda,Insecta,Hemiptera,NA,NA,NA,68,9/15/2017,Egner,C,9/18/2017,74,Single
9152017EGC7,OTU136,GS,100,BOLD:AAJ2208,Animalia,Arthropoda,Insecta,Diptera,Limoniidae,Limonia,Limonia immatura,98,9/15/2017,Egner,C,9/18/2017,74,Single
9152017EGC7,OTU197,GS,100,BOLD:AAN6380,Animalia,Arthropoda,Arachnida,Araneae,Araneidae,Neoscona,NA,74,9/15/2017,Egner,C,9/18/2017,74,Single
9152017EGC7,OTU198,GS,99.4,BOLD:ABZ1242,Animalia,Arthropoda,Insecta,Diptera,Chironomidae,NA,NA,179,9/15/2017,Egner,C,9/18/2017,74,Single
9152017EGC7,OTU238,GS,100,BOLD:AAC2281,Animalia,Arthropoda,Insecta,Diptera,Culicidae,Anopheles,Anopheles quadrimaculatus,10,9/15/2017,Egner,C,9/18/2017,74,Single
9152017EGC7,OTU255,GS,100,BOLD:AAG4956,Animalia,Arthropoda,Insecta,Diptera,Mycetophilidae,Greenomyia,NA,136,9/15/2017,Egner,C,9/18/2017,74,Single
9152017EGC7,OTU278,GS,100,BOLD:AAB3590,Animalia,Arthropoda,Insecta,Lepidoptera,Gelechiidae,Chionodes,Chionodes discoocellella,50,9/15/2017,Egner,C,9/18/2017,74,Single
9152017EGC7,OTU284,GS,100,BOLD:AAC6665,Animalia,Arthropoda,Insecta,Lepidoptera,Tortricidae,Aethes,Aethes angulatana,11,9/15/2017,Egner,C,9/18/2017,74,Single
9152017EGC7,OTU350,GS,99.4,BOLD:AAL7361,Animalia,Arthropoda,Insecta,Diptera,Chironomidae,Procladius,NA,11,9/15/2017,Egner,C,9/18/2017,74,Single
9152017EGC7,OTU364,GS,100,BOLD:AAF8338,Animalia,Arthropoda,Insecta,Diptera,Tipulidae,Tipula,Tipula furca,17,9/15/2017,Egner,C,9/18/2017,74,Single
9152017EGC7,OTU369,SS,0.79,BOLD:ACS7984,Animalia,Arthropoda,Insecta,Hemiptera,NA,NA,NA,17,9/15/2017,Egner,C,9/18/2017,74,Single
9152017EGC7,OTU401,GS,100,BOLD:AAH3229,Animalia,Arthropoda,Insecta,Psocodea,Dasydemellidae,Teliapsocus,NA,12,9/15/2017,Egner,C,9/18/2017,74,Single
9152017EGC7,OTU408,GS,100,BOLD:AAA2955,Animalia,Arthropoda,Insecta,Lepidoptera,Tortricidae,Argyrotaenia,Argyrotaenia ljungiana,45,9/15/2017,Egner,C,9/18/2017,74,Single
9152017EGC7,OTU486,GS,100,BOLD:ACL3824,Animalia,Arthropoda,Insecta,Diptera,Chironomidae,NA,NA,40,9/15/2017,Egner,C,9/18/2017,74,Single
9152017EGC7,OTU487,GS,100,BOLD:AAJ9298,Animalia,Arthropoda,Insecta,Lepidoptera,Geometridae,Melanolophia,Melanolophia signataria,664,9/15/2017,Egner,C,9/18/2017,74,Single
9152017EGC7,OTU598,GS,100,BOLD:AAN7492,Animalia,Arthropoda,Insecta,Neuroptera,Hemerobiidae,Hemerobius,Hemerobius humulinus,7,9/15/2017,Egner,C,9/18/2017,74,Single
9152017EGC7,OTU656,GS,99.4,BOLD:AAZ0144,Animalia,Arthropoda,Insecta,Diptera,Chironomidae,Chironomus,NA,4,9/15/2017,Egner,C,9/18/2017,74,Single
9152017EGC7,OTU689,SS,0.68,BOLD:ACR6277,Animalia,Arthropoda,Insecta,Hemiptera,NA,NA,NA,18,9/15/2017,Egner,C,9/18/2017,74,Single
9152017EGC7,OTU742,GS,99.4,BOLD:ABA9828,Animalia,Arthropoda,Insecta,Hemiptera,Derbidae,Otiocerus,Otiocerus wolfei,19,9/15/2017,Egner,C,9/18/2017,74,Single
9152017EGC7,OTU795,GS,98.9,BOLD:AAN5234,Animalia,Arthropoda,Insecta,Diptera,Cecidomyiidae,NA,NA,20,9/15/2017,Egner,C,9/18/2017,74,Single
9152017EGC7,OTU907,SS,0.01,BOLD:AAO3940,Animalia,Arthropoda,Insecta,Diptera,Limoniidae,Rhipidia,NA,4,9/15/2017,Egner,C,9/18/2017,74,Single
9152017EGC7,OTU935,SS,0.01,BOLD:AAO3940,Animalia,Arthropoda,Insecta,Diptera,Limoniidae,Rhipidia,NA,11,9/15/2017,Egner,C,9/18/2017,74,Single
9152017EGC7,OTU957,GS,100,BOLD:AAG5463,Animalia,Arthropoda,Insecta,Diptera,Chironomidae,Tanytarsus,NA,4,9/15/2017,Egner,C,9/18/2017,74,Single
9152017EGC7,OTU1051,US,0.2887,BOLD:ACJ2256,Animalia,Arthropoda,Insecta,Trichoptera,NA,NA,NA,7,9/15/2017,Egner,C,9/18/2017,74,Single
9152017EGC7,OTU1079,GS,100,BOLD:AAI9091,Animalia,Arthropoda,Insecta,Diptera,Drosophilidae,Drosophila,Drosophila tripunctata,29,9/15/2017,Egner,C,9/18/2017,74,Single
9152017EGC7,OTU1097,GS,97.2,BOLD:AAN5451,Animalia,Arthropoda,Arachnida,Araneae,Araneidae,Eustala,NA,59,9/15/2017,Egner,C,9/18/2017,74,Single
9152017EGC7,OTU1152,GS,100,BOLD:AAV0590,Animalia,Arthropoda,Arachnida,Mesostigmata,Blattisociidae,Cheiroseius,NA,4,9/15/2017,Egner,C,9/18/2017,74,Single
9152017EGC7,OTU1210,GS,97.2,BOLD:AAF4632,Animalia,Arthropoda,Insecta,Diptera,Limoniidae,Epiphragma,Epiphragma solatrix,26,9/15/2017,Egner,C,9/18/2017,74,Single
9152017EGC7,OTU1212,SS,0.52,BOLD:ABX7282,Animalia,Arthropoda,Insecta,Hemiptera,NA,NA,NA,12,9/15/2017,Egner,C,9/18/2017,74,Single
9152017EGC7,OTU1218,SS,0.53,BOLD:AAI9091,Animalia,Arthropoda,Insecta,Diptera,NA,NA,NA,12,9/15/2017,Egner,C,9/18/2017,74,Single
9152017EGC7,OTU1265,SS,0.83,BOLD:AAF4632,Animalia,Arthropoda,Insecta,Diptera,Limoniidae,Epiphragma,Epiphragma solatrix,33,9/15/2017,Egner,C,9/18/2017,74,Single
9152017EGC7,OTU1274,GS,98.9,BOLD:AAG6465,Animalia,Arthropoda,Insecta,Diptera,Ceratopogonidae,NA,NA,19,9/15/2017,Egner,C,9/18/2017,74,Single
9152017EGC7,OTU1317,SS,0.01,BOLD:AAN5451,Animalia,Arthropoda,Arachnida,Araneae,Araneidae,Eustala,NA,5,9/15/2017,Egner,C,9/18/2017,74,Single
9152017EGC7,OTU1364,US,3e-04,BOLD:ACN9704,Animalia,Arthropoda,Insecta,Lepidoptera,NA,NA,NA,45,9/15/2017,Egner,C,9/18/2017,74,Single
9152017EGC7,OTU1403,SS,0.36,BOLD:ACV0130,Animalia,Arthropoda,Insecta,Diptera,NA,NA,NA,3,9/15/2017,Egner,C,9/18/2017,74,Single
9152017EGC7,OTU1494,US,0.8732,BOLD:AAF4632,Animalia,Arthropoda,Insecta,Diptera,NA,NA,NA,1,9/15/2017,Egner,C,9/18/2017,74,Single
9152017EGC7,OTU1513,GS,97.8,BOLD:ACL2801,Animalia,Arthropoda,Insecta,Diptera,Tipulidae,Nephrotoma,Nephrotoma macrocera,7,9/15/2017,Egner,C,9/18/2017,74,Single
9152017EGC7,OTU1529,GS,99.4,BOLD:AAH4490,Animalia,Arthropoda,Insecta,Lepidoptera,Gracillariidae,Phyllonorycter,Phyllonorycter argentinotella,11,9/15/2017,Egner,C,9/18/2017,74,Single
9152017EGC7,OTU1554,SS,0.92,BOLD:AAP2734,Animalia,Arthropoda,Insecta,Diptera,Limoniidae,Erioptera,Erioptera parva,8,9/15/2017,Egner,C,9/18/2017,74,Single
9152017EGC7,OTU1683,SS,0.84,BOLD:AAF4632,Animalia,Arthropoda,Insecta,Diptera,Limoniidae,Epiphragma,Epiphragma solatrix,6,9/15/2017,Egner,C,9/18/2017,74,Single
9152017EGC7,OTU1756,SS,0.97,BOLD:AAG3848,Animalia,Arthropoda,Insecta,Diptera,Culicidae,Culex,Culex erraticus,1,9/15/2017,Egner,C,9/18/2017,74,Single
9152017EGC7,OTU1782,US,0.9249,BOLD:AAO3940,Animalia,Arthropoda,Insecta,Diptera,NA,NA,NA,1,9/15/2017,Egner,C,9/18/2017,74,Single
9152017EGC7,OTU1818,GS,97.9,BOLD:AAF4632,Animalia,Arthropoda,Insecta,Diptera,Limoniidae,Epiphragma,Epiphragma solatrix,1,9/15/2017,Egner,C,9/18/2017,74,Single
9152017EGC7,OTU1834,SS,0.74,BOLD:AAF4632,Animalia,Arthropoda,Insecta,Diptera,NA,NA,NA,2,9/15/2017,Egner,C,9/18/2017,74,Single
9152017EGC7,OTU1847,US,0,BOLD:AAO1677,Animalia,Arthropoda,Arachnida,Sarcoptiformes,NA,NA,NA,2,9/15/2017,Egner,C,9/18/2017,74,Single
9152017EGC7,OTU1871,SS,0.85,BOLD:AAG3848,Animalia,Arthropoda,Insecta,Diptera,Culicidae,Culex,Culex erraticus,23,9/15/2017,Egner,C,9/18/2017,74,Single
9152017EGC8,OTU3,GS,100,BOLD:AAP2734,Animalia,Arthropoda,Insecta,Diptera,Limoniidae,Erioptera,Erioptera parva,8442,9/15/2017,Egner,C,9/18/2017,74,Single
9152017EGC8,OTU4,GS,100,BOLD:AAN5882,Animalia,Arthropoda,Insecta,Diptera,Limoniidae,Erioptera,Erioptera caliptera,3505,9/15/2017,Egner,C,9/18/2017,74,Single
9152017EGC8,OTU13,GS,100,BOLD:ABV1771,Animalia,Arthropoda,Insecta,Diptera,Limoniidae,NA,NA,853,9/15/2017,Egner,C,9/18/2017,74,Single
9152017EGC8,OTU14,GS,99.4,BOLD:AAO3940,Animalia,Arthropoda,Insecta,Diptera,Limoniidae,Rhipidia,NA,845,9/15/2017,Egner,C,9/18/2017,74,Single
9152017EGC8,OTU16,GS,100,BOLD:AAA7067,Animalia,Arthropoda,Insecta,Diptera,Culicidae,Aedes,Aedes vexans,185,9/15/2017,Egner,C,9/18/2017,74,Single
9152017EGC8,OTU25,GS,100,BOLD:ACF0083,Animalia,Arthropoda,Insecta,Diptera,Tabanidae,Tabanus,Tabanus similis,295,9/15/2017,Egner,C,9/18/2017,74,Single
9152017EGC8,OTU35,GS,100,BOLD:ABW4215,Animalia,Arthropoda,Insecta,Diptera,Chironomidae,Glyptotendipes,Glyptotendipes meridionalis,147,9/15/2017,Egner,C,9/18/2017,74,Single
9152017EGC8,OTU47,GS,100,BOLD:AAN5881,Animalia,Arthropoda,Insecta,Diptera,Limoniidae,NA,NA,577,9/15/2017,Egner,C,9/18/2017,74,Single
9152017EGC8,OTU57,GS,100,BOLD:AAI1618,Animalia,Arthropoda,Insecta,Diptera,Culicidae,Coquillettidia,Coquillettidia perturbans,129,9/15/2017,Egner,C,9/18/2017,74,Single
9152017EGC8,OTU84,GS,97.8,BOLD:ABU5821,Animalia,Arthropoda,Insecta,Diptera,Tipulidae,Tipula,Tipula sayi,449,9/15/2017,Egner,C,9/18/2017,74,Single
9152017EGC8,OTU115,GS,100,BOLD:AAA4942,Animalia,Arthropoda,Arachnida,Araneae,Tetragnathidae,Tetragnatha,Tetragnatha elongata,47,9/15/2017,Egner,C,9/18/2017,74,Single
9152017EGC8,OTU135,GS,99.4,BOLD:AAA5872,Animalia,Arthropoda,Insecta,Lepidoptera,Gelechiidae,Chionodes,Chionodes mediofuscella,239,9/15/2017,Egner,C,9/18/2017,74,Single
9152017EGC8,OTU172,GS,99.4,BOLD:AAA8563,Animalia,Arthropoda,Insecta,Lepidoptera,Erebidae,Parallelia,Parallelia bistriaris,81,9/15/2017,Egner,C,9/18/2017,74,Single
9152017EGC8,OTU195,GS,100,BOLD:ABW4424,Animalia,Arthropoda,Insecta,Diptera,Limoniidae,Dicranomyia,NA,10,9/15/2017,Egner,C,9/18/2017,74,Single
9152017EGC8,OTU238,GS,100,BOLD:AAC2281,Animalia,Arthropoda,Insecta,Diptera,Culicidae,Anopheles,Anopheles quadrimaculatus,115,9/15/2017,Egner,C,9/18/2017,74,Single
9152017EGC8,OTU248,SS,0.79,BOLD:ABX5321,Animalia,Arthropoda,Insecta,Diptera,Tipulidae,NA,NA,22,9/15/2017,Egner,C,9/18/2017,74,Single
9152017EGC8,OTU252,GS,100,BOLD:AAC6739,Animalia,Arthropoda,Insecta,Lepidoptera,Coleophoridae,Coleophora,Coleophora borea,36,9/15/2017,Egner,C,9/18/2017,74,Single
9152017EGC8,OTU278,GS,100,BOLD:AAB3590,Animalia,Arthropoda,Insecta,Lepidoptera,Gelechiidae,Chionodes,Chionodes discoocellella,72,9/15/2017,Egner,C,9/18/2017,74,Single
9152017EGC8,OTU279,US,0.9881,BOLD:AAL9881,Animalia,Arthropoda,Arachnida,Araneae,NA,NA,NA,20,9/15/2017,Egner,C,9/18/2017,74,Single
9152017EGC8,OTU284,GS,100,BOLD:AAC6665,Animalia,Arthropoda,Insecta,Lepidoptera,Tortricidae,Aethes,Aethes angulatana,156,9/15/2017,Egner,C,9/18/2017,74,Single
9152017EGC8,OTU293,GS,100,BOLD:AAU4100,Animalia,Arthropoda,Insecta,Lepidoptera,Gracillariidae,Cameraria,Cameraria hamadryadella,21,9/15/2017,Egner,C,9/18/2017,74,Single
9152017EGC8,OTU364,GS,100,BOLD:AAF8338,Animalia,Arthropoda,Insecta,Diptera,Tipulidae,Tipula,Tipula furca,50,9/15/2017,Egner,C,9/18/2017,74,Single
9152017EGC8,OTU396,SS,0.98,BOLD:AAP2734,Animalia,Arthropoda,Insecta,Diptera,Limoniidae,Erioptera,Erioptera parva,47,9/15/2017,Egner,C,9/18/2017,74,Single
9152017EGC8,OTU486,GS,100,BOLD:ACL3824,Animalia,Arthropoda,Insecta,Diptera,Chironomidae,NA,NA,397,9/15/2017,Egner,C,9/18/2017,74,Single
9152017EGC8,OTU489,GS,100,BOLD:ABX9225,Animalia,Arthropoda,Insecta,Diptera,Limoniidae,Rhipidia,NA,66,9/15/2017,Egner,C,9/18/2017,74,Single
9152017EGC8,OTU494,GS,99.4,BOLD:AAH3231,Animalia,Arthropoda,Insecta,Psocodea,Psocidae,NA,NA,7,9/15/2017,Egner,C,9/18/2017,74,Single
9152017EGC8,OTU612,GS,100,BOLD:AAB2495,Animalia,Arthropoda,Insecta,Lepidoptera,Tortricidae,Epiblema,Epiblema otiosana,554,9/15/2017,Egner,C,9/18/2017,74,Single
9152017EGC8,OTU618,US,1,BOLD:ACW2077,Animalia,Arthropoda,Insecta,Diptera,NA,NA,NA,12,9/15/2017,Egner,C,9/18/2017,74,Single
9152017EGC8,OTU633,US,0.8732,BOLD:ABU5821,Animalia,Arthropoda,Insecta,Diptera,NA,NA,NA,9,9/15/2017,Egner,C,9/18/2017,74,Single
9152017EGC8,OTU635,GS,97.2,BOLD:AAN5882,Animalia,Arthropoda,Insecta,Diptera,Limoniidae,Erioptera,Erioptera caliptera,35,9/15/2017,Egner,C,9/18/2017,74,Single
9152017EGC8,OTU772,US,0.9249,BOLD:ACE1732,Animalia,Arthropoda,Insecta,Diptera,NA,NA,NA,66,9/15/2017,Egner,C,9/18/2017,74,Single
9152017EGC8,OTU907,SS,0.01,BOLD:AAO3940,Animalia,Arthropoda,Insecta,Diptera,Limoniidae,Rhipidia,NA,6,9/15/2017,Egner,C,9/18/2017,74,Single
9152017EGC8,OTU942,GS,100,BOLD:AAA4507,Animalia,Arthropoda,Insecta,Lepidoptera,Crambidae,Udea,Udea rubigalis,12,9/15/2017,Egner,C,9/18/2017,74,Single
9152017EGC8,OTU976,GS,97.2,BOLD:AAA5872,Animalia,Arthropoda,Insecta,Lepidoptera,Gelechiidae,Chionodes,Chionodes mediofuscella,80,9/15/2017,Egner,C,9/18/2017,74,Single
9152017EGC8,OTU1022,GS,100,BOLD:AAB7869,Animalia,Arthropoda,Insecta,Lepidoptera,Tortricidae,Phtheochroa,Phtheochroa riscana,150,9/15/2017,Egner,C,9/18/2017,74,Single
9152017EGC8,OTU1042,US,1,BOLD:ACU0827,Animalia,Arthropoda,Insecta,Diptera,NA,NA,NA,13,9/15/2017,Egner,C,9/18/2017,74,Single
9152017EGC8,OTU1055,GS,100,BOLD:AAG2646,Animalia,Arthropoda,Insecta,Diptera,Chironomidae,Procladius,NA,23,9/15/2017,Egner,C,9/18/2017,74,Single
9152017EGC8,OTU1079,GS,100,BOLD:AAI9091,Animalia,Arthropoda,Insecta,Diptera,Drosophilidae,Drosophila,Drosophila tripunctata,17,9/15/2017,Egner,C,9/18/2017,74,Single
9152017EGC8,OTU1100,GS,97,BOLD:AAF9064,Animalia,Arthropoda,Insecta,Diptera,Limoniidae,Elephantomyia,Elephantomyia westwoodi,43,9/15/2017,Egner,C,9/18/2017,74,Single
9152017EGC8,OTU1114,GS,100,BOLD:AAH2440,Animalia,Arthropoda,Insecta,Lepidoptera,Gracillariidae,Marmara,NA,4,9/15/2017,Egner,C,9/18/2017,74,Single
9152017EGC8,OTU1215,GS,100,BOLD:AAB4409,Animalia,Arthropoda,Insecta,Lepidoptera,Tortricidae,Aethes,Aethes biscana,61,9/15/2017,Egner,C,9/18/2017,74,Single
9152017EGC8,OTU1236,GS,99.4,BOLD:AAN5354,Animalia,Arthropoda,Insecta,Diptera,Chironomidae,NA,NA,1,9/15/2017,Egner,C,9/18/2017,74,Single
9152017EGC8,OTU1271,GS,100,BOLD:AAP3004,Animalia,Arthropoda,Insecta,Diptera,Chironomidae,Chironomus,Chironomus staegeri,1,9/15/2017,Egner,C,9/18/2017,74,Single
9152017EGC8,OTU1292,GS,97.8,BOLD:AAN5882,Animalia,Arthropoda,Insecta,Diptera,Limoniidae,Erioptera,Erioptera caliptera,151,9/15/2017,Egner,C,9/18/2017,74,Single
9152017EGC8,OTU1318,SS,0.75,BOLD:ABV9403,Animalia,Arthropoda,Insecta,NA,NA,NA,NA,2,9/15/2017,Egner,C,9/18/2017,74,Single
9152017EGC8,OTU1350,GS,97.2,BOLD:AAA7067,Animalia,Arthropoda,Insecta,Diptera,Culicidae,Aedes,Aedes vexans,23,9/15/2017,Egner,C,9/18/2017,74,Single
9152017EGC8,OTU1401,SS,0.78,BOLD:AAF9008,Animalia,Arthropoda,Insecta,Diptera,NA,NA,NA,1,9/15/2017,Egner,C,9/18/2017,74,Single
9152017EGC8,OTU1416,GS,100,BOLD:AAC2657,Animalia,Arthropoda,Insecta,Lepidoptera,Coleophoridae,Coleophora,Coleophora salinoidella,15,9/15/2017,Egner,C,9/18/2017,74,Single
9152017EGC8,OTU1434,GS,97.6,BOLD:AAA7067,Animalia,Arthropoda,Insecta,Diptera,Culicidae,Aedes,Aedes vexans,2,9/15/2017,Egner,C,9/18/2017,74,Single
9152017EGC8,OTU1480,US,0.9249,BOLD:AAN5882,Animalia,Arthropoda,Insecta,Diptera,NA,NA,NA,111,9/15/2017,Egner,C,9/18/2017,74,Single
9152017EGC8,OTU1497,SS,0.97,BOLD:AAI1618,Animalia,Arthropoda,Insecta,Diptera,Culicidae,Coquillettidia,Coquillettidia perturbans,8,9/15/2017,Egner,C,9/18/2017,74,Single
9152017EGC8,OTU1514,SS,0.75,BOLD:ABX5321,Animalia,Arthropoda,Insecta,Diptera,NA,NA,NA,2,9/15/2017,Egner,C,9/18/2017,74,Single
9152017EGC8,OTU1554,SS,0.92,BOLD:AAP2734,Animalia,Arthropoda,Insecta,Diptera,Limoniidae,Erioptera,Erioptera parva,93,9/15/2017,Egner,C,9/18/2017,74,Single
9152017EGC8,OTU1576,GS,97.8,BOLD:AAN5881,Animalia,Arthropoda,Insecta,Diptera,Limoniidae,NA,NA,4,9/15/2017,Egner,C,9/18/2017,74,Single
9152017EGC8,OTU1695,SS,0.38,BOLD:ACT0345,Animalia,Arthropoda,Insecta,Diptera,NA,NA,NA,6,9/15/2017,Egner,C,9/18/2017,74,Single
9152017EGC8,OTU1729,GS,100,BOLD:AAA5654,Animalia,Arthropoda,Arachnida,Araneae,Salticidae,Eris,Eris militaris,16,9/15/2017,Egner,C,9/18/2017,74,Single
9152017EGC8,OTU1782,US,0.9249,BOLD:AAO3940,Animalia,Arthropoda,Insecta,Diptera,NA,NA,NA,10,9/15/2017,Egner,C,9/18/2017,74,Single
9152017EGC8,OTU1876,GS,99.4,BOLD:AAH3228,Animalia,Arthropoda,Insecta,Psocodea,Caeciliusidae,Valenzuela,Valenzuela flavidus,12,9/15/2017,Egner,C,9/18/2017,74,Single
9152017EGC8,OTU1878,SS,0.78,BOLD:ABW4215,Animalia,Arthropoda,Insecta,Diptera,NA,NA,NA,3,9/15/2017,Egner,C,9/18/2017,74,Single
9152017EGC9,OTU1,US,0.0026,BOLD:AAD6798,Animalia,Arthropoda,Insecta,Diptera,NA,NA,NA,3457,9/15/2017,Egner,C,9/18/2017,74,Single
9152017EGC9,OTU2,GS,100,BOLD:AAH3225,Animalia,Arthropoda,Insecta,Psocodea,Psocidae,Metylophorus,Metylophorus novaescotiae,455,9/15/2017,Egner,C,9/18/2017,74,Single
9152017EGC9,OTU5,GS,99.4,BOLD:AAN5451,Animalia,Arthropoda,Arachnida,Araneae,Araneidae,Eustala,NA,2840,9/15/2017,Egner,C,9/18/2017,74,Single
9152017EGC9,OTU7,GS,100,BOLD:AAF4632,Animalia,Arthropoda,Insecta,Diptera,Limoniidae,Epiphragma,Epiphragma solatrix,3188,9/15/2017,Egner,C,9/18/2017,74,Single
9152017EGC9,OTU11,GS,99.4,BOLD:AAG3848,Animalia,Arthropoda,Insecta,Diptera,Culicidae,Culex,Culex erraticus,920,9/15/2017,Egner,C,9/18/2017,74,Single
9152017EGC9,OTU23,GS,100,BOLD:AAF9008,Animalia,Arthropoda,Insecta,Diptera,Limoniidae,Helius,Helius flavipes,2151,9/15/2017,Egner,C,9/18/2017,74,Single
9152017EGC9,OTU33,GS,100,BOLD:AAB8714,Animalia,Arthropoda,Arachnida,Araneae,Tetragnathidae,Leucauge,Leucauge venusta,393,9/15/2017,Egner,C,9/18/2017,74,Single
9152017EGC9,OTU34,GS,100,BOLD:AAM6211,Animalia,Arthropoda,Insecta,Diptera,Chironomidae,Glyptotendipes,NA,126,9/15/2017,Egner,C,9/18/2017,74,Single
9152017EGC9,OTU57,GS,100,BOLD:AAI1618,Animalia,Arthropoda,Insecta,Diptera,Culicidae,Coquillettidia,Coquillettidia perturbans,72,9/15/2017,Egner,C,9/18/2017,74,Single
9152017EGC9,OTU76,US,1,BOLD:ACY1454,Animalia,Arthropoda,Insecta,Hemiptera,NA,NA,NA,67,9/15/2017,Egner,C,9/18/2017,74,Single
9152017EGC9,OTU94,US,0,BOLD:ACO4929,Animalia,Arthropoda,Insecta,Hymenoptera,NA,NA,NA,2581,9/15/2017,Egner,C,9/18/2017,74,Single
9152017EGC9,OTU118,US,1,None,Animalia,Arthropoda,Arachnida,Mesostigmata,NA,NA,NA,57,9/15/2017,Egner,C,9/18/2017,74,Single
9152017EGC9,OTU162,GS,100,BOLD:ACI5326,Animalia,Arthropoda,Insecta,Hemiptera,Miridae,Hyaliodes,Hyaliodes vitripennis,388,9/15/2017,Egner,C,9/18/2017,74,Single
9152017EGC9,OTU254,GS,100,BOLD:AAG8977,Animalia,Arthropoda,Insecta,Hemiptera,Derbidae,Apache,Apache degeerii,27,9/15/2017,Egner,C,9/18/2017,74,Single
9152017EGC9,OTU258,GS,100,BOLD:ACA7555,Animalia,Arthropoda,Insecta,Diptera,Chironomidae,NA,NA,27,9/15/2017,Egner,C,9/18/2017,74,Single
9152017EGC9,OTU271,GS,98.9,BOLD:ABX3627,Animalia,Arthropoda,Insecta,Diptera,Limoniidae,NA,NA,104,9/15/2017,Egner,C,9/18/2017,74,Single
9152017EGC9,OTU317,GS,99.4,BOLD:ACA8818,Animalia,Arthropoda,Insecta,Hemiptera,Derbidae,Patara,Patara vanduzeei,35,9/15/2017,Egner,C,9/18/2017,74,Single
9152017EGC9,OTU392,US,1,None,Animalia,Arthropoda,Insecta,Diptera,NA,NA,NA,9,9/15/2017,Egner,C,9/18/2017,74,Single
9152017EGC9,OTU408,GS,100,BOLD:AAA2955,Animalia,Arthropoda,Insecta,Lepidoptera,Tortricidae,Argyrotaenia,Argyrotaenia ljungiana,47,9/15/2017,Egner,C,9/18/2017,74,Single
9152017EGC9,OTU674,US,0,BOLD:AAG4815,Animalia,Arthropoda,Arachnida,Mesostigmata,NA,NA,NA,1,9/15/2017,Egner,C,9/18/2017,74,Single
9152017EGC9,OTU680,GS,97.2,BOLD:AAF9008,Animalia,Arthropoda,Insecta,Diptera,Limoniidae,Helius,Helius flavipes,52,9/15/2017,Egner,C,9/18/2017,74,Single
9152017EGC9,OTU689,SS,0.68,BOLD:ACR6277,Animalia,Arthropoda,Insecta,Hemiptera,NA,NA,NA,5,9/15/2017,Egner,C,9/18/2017,74,Single
9152017EGC9,OTU700,GS,100,BOLD:AAN5337,Animalia,Arthropoda,Insecta,Diptera,Chironomidae,NA,NA,213,9/15/2017,Egner,C,9/18/2017,74,Single
9152017EGC9,OTU815,GS,100,BOLD:AAG1448,Animalia,Arthropoda,Insecta,Hymenoptera,Braconidae,Meteorus,NA,9,9/15/2017,Egner,C,9/18/2017,74,Single
9152017EGC9,OTU936,GS,100,BOLD:AAB5285,Animalia,Arthropoda,Insecta,Lepidoptera,Tortricidae,Adoxophyes,Adoxophyes negundana,115,9/15/2017,Egner,C,9/18/2017,74,Single
9152017EGC9,OTU958,US,0.2887,BOLD:AAQ0247,Animalia,Arthropoda,Insecta,Hemiptera,NA,NA,NA,6,9/15/2017,Egner,C,9/18/2017,74,Single
9152017EGC9,OTU961,GS,100,BOLD:AAG2151,Animalia,Arthropoda,Insecta,Diptera,Tachinidae,Cholomyia,NA,173,9/15/2017,Egner,C,9/18/2017,74,Single
9152017EGC9,OTU1026,GS,100,BOLD:AAH7222,Animalia,Arthropoda,Insecta,Neuroptera,Mantispidae,Mantispa,Mantispa viridis,13,9/15/2017,Egner,C,9/18/2017,74,Single
9152017EGC9,OTU1070,GS,99.4,BOLD:AAC0184,Animalia,Arthropoda,Insecta,Lepidoptera,Tineidae,Niditinea,Niditinea orleansella,28,9/15/2017,Egner,C,9/18/2017,74,Single
9152017EGC9,OTU1097,GS,97.2,BOLD:AAN5451,Animalia,Arthropoda,Arachnida,Araneae,Araneidae,Eustala,NA,98,9/15/2017,Egner,C,9/18/2017,74,Single
9152017EGC9,OTU1176,US,0.9249,BOLD:AAF4632,Animalia,Arthropoda,Insecta,Diptera,NA,NA,NA,23,9/15/2017,Egner,C,9/18/2017,74,Single
9152017EGC9,OTU1210,GS,97.2,BOLD:AAF4632,Animalia,Arthropoda,Insecta,Diptera,Limoniidae,Epiphragma,Epiphragma solatrix,38,9/15/2017,Egner,C,9/18/2017,74,Single
9152017EGC9,OTU1265,SS,0.83,BOLD:AAF4632,Animalia,Arthropoda,Insecta,Diptera,Limoniidae,Epiphragma,Epiphragma solatrix,35,9/15/2017,Egner,C,9/18/2017,74,Single
9152017EGC9,OTU1267,GS,97.2,BOLD:AAP2550,Animalia,Arthropoda,Insecta,Neuroptera,Sisyridae,Sisyra,NA,50,9/15/2017,Egner,C,9/18/2017,74,Single
9152017EGC9,OTU1268,GS,97.8,BOLD:AAM6211,Animalia,Arthropoda,Insecta,Diptera,Chironomidae,Glyptotendipes,NA,12,9/15/2017,Egner,C,9/18/2017,74,Single
9152017EGC9,OTU1270,US,0.0049,BOLD:ACA8954,Animalia,Arthropoda,Insecta,Trichoptera,NA,NA,NA,12,9/15/2017,Egner,C,9/18/2017,74,Single
9152017EGC9,OTU1317,SS,0.01,BOLD:AAN5451,Animalia,Arthropoda,Arachnida,Araneae,Araneidae,Eustala,NA,10,9/15/2017,Egner,C,9/18/2017,74,Single
9152017EGC9,OTU1319,GS,98.3,BOLD:AAP3037,Animalia,Arthropoda,Insecta,Diptera,NA,NA,NA,50,9/15/2017,Egner,C,9/18/2017,74,Single
9152017EGC9,OTU1338,GS,97.2,BOLD:ACA8714,Animalia,Arthropoda,Insecta,Neuroptera,Hemerobiidae,Sympherobius,Sympherobius amiculus,19,9/15/2017,Egner,C,9/18/2017,74,Single
9152017EGC9,OTU1403,SS,0.36,BOLD:ACV0130,Animalia,Arthropoda,Insecta,Diptera,NA,NA,NA,12,9/15/2017,Egner,C,9/18/2017,74,Single
9152017EGC9,OTU1494,US,0.8732,BOLD:AAF4632,Animalia,Arthropoda,Insecta,Diptera,NA,NA,NA,2,9/15/2017,Egner,C,9/18/2017,74,Single
9152017EGC9,OTU1497,SS,0.97,BOLD:AAI1618,Animalia,Arthropoda,Insecta,Diptera,Culicidae,Coquillettidia,Coquillettidia perturbans,8,9/15/2017,Egner,C,9/18/2017,74,Single
9152017EGC9,OTU1501,GS,100,BOLD:ACB9270,Animalia,Arthropoda,Insecta,Diptera,Ceratopogonidae,Bezzia,NA,16,9/15/2017,Egner,C,9/18/2017,74,Single
9152017EGC9,OTU1522,SS,0.57,BOLD:AAF9008,Animalia,Arthropoda,Insecta,Diptera,NA,NA,NA,73,9/15/2017,Egner,C,9/18/2017,74,Single
9152017EGC9,OTU1536,US,1,BOLD:AAW3571,Animalia,Arthropoda,Insecta,Diptera,NA,NA,NA,44,9/15/2017,Egner,C,9/18/2017,74,Single
9152017EGC9,OTU1544,GS,99.4,BOLD:ABX3676,Animalia,Arthropoda,Insecta,Diptera,Ceratopogonidae,NA,NA,20,9/15/2017,Egner,C,9/18/2017,74,Single
9152017EGC9,OTU1683,SS,0.84,BOLD:AAF4632,Animalia,Arthropoda,Insecta,Diptera,Limoniidae,Epiphragma,Epiphragma solatrix,9,9/15/2017,Egner,C,9/18/2017,74,Single
9152017EGC9,OTU1756,SS,0.97,BOLD:AAG3848,Animalia,Arthropoda,Insecta,Diptera,Culicidae,Culex,Culex erraticus,4,9/15/2017,Egner,C,9/18/2017,74,Single
9152017EGC9,OTU1818,GS,97.9,BOLD:AAF4632,Animalia,Arthropoda,Insecta,Diptera,Limoniidae,Epiphragma,Epiphragma solatrix,1,9/15/2017,Egner,C,9/18/2017,74,Single
9152017EGC9,OTU1834,SS,0.74,BOLD:AAF4632,Animalia,Arthropoda,Insecta,Diptera,NA,NA,NA,36,9/15/2017,Egner,C,9/18/2017,74,Single
9152017EGC9,OTU1838,US,1,BOLD:ABA5501,Animalia,Arthropoda,Insecta,Hymenoptera,NA,NA,NA,16,9/15/2017,Egner,C,9/18/2017,74,Single
9152017EGC9,OTU1919,GS,98.3,BOLD:ACJ1988,Animalia,Arthropoda,Insecta,Diptera,Ceratopogonidae,NA,NA,3,9/15/2017,Egner,C,9/18/2017,74,Single
9152017EGD10,OTU1,US,0.0026,BOLD:AAD6798,Animalia,Arthropoda,Insecta,Diptera,NA,NA,NA,180,9/15/2017,Egner,D,9/18/2017,25,Single
9152017EGD10,OTU2,GS,100,BOLD:AAH3225,Animalia,Arthropoda,Insecta,Psocodea,Psocidae,Metylophorus,Metylophorus novaescotiae,1082,9/15/2017,Egner,D,9/18/2017,25,Single
9152017EGD10,OTU5,GS,99.4,BOLD:AAN5451,Animalia,Arthropoda,Arachnida,Araneae,Araneidae,Eustala,NA,17946,9/15/2017,Egner,D,9/18/2017,25,Single
9152017EGD10,OTU14,GS,99.4,BOLD:AAO3940,Animalia,Arthropoda,Insecta,Diptera,Limoniidae,Rhipidia,NA,11337,9/15/2017,Egner,D,9/18/2017,25,Single
9152017EGD10,OTU15,GS,100,BOLD:ABZ0908,Animalia,Arthropoda,Insecta,Diptera,Tipulidae,Nephrotoma,Nephrotoma ferruginea,266,9/15/2017,Egner,D,9/18/2017,25,Single
9152017EGD10,OTU52,GS,100,BOLD:AAG4399,Animalia,Arthropoda,Insecta,Hemiptera,Flatidae,Metcalfa,Metcalfa pruinosa,289,9/15/2017,Egner,D,9/18/2017,25,Single
9152017EGD10,OTU78,US,1,BOLD:AAY8864,Animalia,Arthropoda,Insecta,Diptera,NA,NA,NA,63,9/15/2017,Egner,D,9/18/2017,25,Single
9152017EGD10,OTU84,GS,97.8,BOLD:ABU5821,Animalia,Arthropoda,Insecta,Diptera,Tipulidae,Tipula,Tipula sayi,1379,9/15/2017,Egner,D,9/18/2017,25,Single
9152017EGD10,OTU184,GS,100,BOLD:ACA7947,Animalia,Arthropoda,Insecta,Diptera,Muscidae,Phaonia,NA,4818,9/15/2017,Egner,D,9/18/2017,25,Single
9152017EGD10,OTU248,SS,0.79,BOLD:ABX5321,Animalia,Arthropoda,Insecta,Diptera,Tipulidae,NA,NA,681,9/15/2017,Egner,D,9/18/2017,25,Single
9152017EGD10,OTU260,US,1,None,Animalia,Arthropoda,Insecta,Diptera,NA,NA,NA,28,9/15/2017,Egner,D,9/18/2017,25,Single
9152017EGD10,OTU279,US,0.9881,BOLD:AAL9881,Animalia,Arthropoda,Arachnida,Araneae,NA,NA,NA,15,9/15/2017,Egner,D,9/18/2017,25,Single
9152017EGD10,OTU293,GS,100,BOLD:AAU4100,Animalia,Arthropoda,Insecta,Lepidoptera,Gracillariidae,Cameraria,Cameraria hamadryadella,11,9/15/2017,Egner,D,9/18/2017,25,Single
9152017EGD10,OTU317,GS,99.4,BOLD:ACA8818,Animalia,Arthropoda,Insecta,Hemiptera,Derbidae,Patara,Patara vanduzeei,8,9/15/2017,Egner,D,9/18/2017,25,Single
9152017EGD10,OTU331,GS,100,BOLD:AAB7933,Animalia,Arthropoda,Arachnida,Araneae,Araneidae,Eustala,Eustala anastera,44,9/15/2017,Egner,D,9/18/2017,25,Single
9152017EGD10,OTU333,GS,100,BOLD:AAD7490,Animalia,Arthropoda,Insecta,Hymenoptera,Formicidae,Brachymyrmex,Brachymyrmex depilis,80,9/15/2017,Egner,D,9/18/2017,25,Single
9152017EGD10,OTU364,GS,100,BOLD:AAF8338,Animalia,Arthropoda,Insecta,Diptera,Tipulidae,Tipula,Tipula furca,434,9/15/2017,Egner,D,9/18/2017,25,Single
9152017EGD10,OTU392,US,1,None,Animalia,Arthropoda,Insecta,Diptera,NA,NA,NA,80,9/15/2017,Egner,D,9/18/2017,25,Single
9152017EGD10,OTU489,GS,100,BOLD:ABX9225,Animalia,Arthropoda,Insecta,Diptera,Limoniidae,Rhipidia,NA,12,9/15/2017,Egner,D,9/18/2017,25,Single
9152017EGD10,OTU520,US,0.3081,BOLD:ACA6588,Animalia,Arthropoda,Arachnida,Araneae,NA,NA,NA,120,9/15/2017,Egner,D,9/18/2017,25,Single
9152017EGD10,OTU527,GS,100,BOLD:ABX0334,Animalia,Arthropoda,Insecta,Hemiptera,Miridae,Tropidosteptes,Tropidosteptes amoenus,59,9/15/2017,Egner,D,9/18/2017,25,Single
9152017EGD10,OTU580,GS,98.3,BOLD:ABZ0908,Animalia,Arthropoda,Insecta,Diptera,Tipulidae,Nephrotoma,Nephrotoma ferruginea,39,9/15/2017,Egner,D,9/18/2017,25,Single
9152017EGD10,OTU715,SS,0.71,BOLD:ABZ0908,Animalia,Arthropoda,Insecta,Diptera,NA,NA,NA,42,9/15/2017,Egner,D,9/18/2017,25,Single
9152017EGD10,OTU844,GS,100,BOLD:AAH5546,Animalia,Arthropoda,Insecta,Lepidoptera,Gelechiidae,Frumenta,Frumenta nundinella,1,9/15/2017,Egner,D,9/18/2017,25,Single
9152017EGD10,OTU851,GS,100,BOLD:AAG4728,Animalia,Arthropoda,Insecta,Hymenoptera,Vespidae,Monobia,Monobia quadridens,153,9/15/2017,Egner,D,9/18/2017,25,Single
9152017EGD10,OTU907,SS,0.01,BOLD:AAO3940,Animalia,Arthropoda,Insecta,Diptera,Limoniidae,Rhipidia,NA,9,9/15/2017,Egner,D,9/18/2017,25,Single
9152017EGD10,OTU935,SS,0.01,BOLD:AAO3940,Animalia,Arthropoda,Insecta,Diptera,Limoniidae,Rhipidia,NA,18,9/15/2017,Egner,D,9/18/2017,25,Single
9152017EGD10,OTU1072,SS,0.54,BOLD:ABV9238,Animalia,Arthropoda,Insecta,Diptera,NA,NA,NA,3,9/15/2017,Egner,D,9/18/2017,25,Single
9152017EGD10,OTU1097,GS,97.2,BOLD:AAN5451,Animalia,Arthropoda,Arachnida,Araneae,Araneidae,Eustala,NA,602,9/15/2017,Egner,D,9/18/2017,25,Single
9152017EGD10,OTU1179,US,0.2887,BOLD:AAL7748,Animalia,Arthropoda,Insecta,Diptera,NA,NA,NA,67,9/15/2017,Egner,D,9/18/2017,25,Single
9152017EGD10,OTU1317,SS,0.01,BOLD:AAN5451,Animalia,Arthropoda,Arachnida,Araneae,Araneidae,Eustala,NA,4,9/15/2017,Egner,D,9/18/2017,25,Single
9152017EGD10,OTU1346,GS,100,BOLD:AAB6200,Animalia,Arthropoda,Insecta,Diptera,Drosophilidae,Zaprionus,Zaprionus indianus,57,9/15/2017,Egner,D,9/18/2017,25,Single
9152017EGD10,OTU1450,SS,0.49,BOLD:AAM6128,Animalia,Arthropoda,Insecta,Diptera,NA,NA,NA,28,9/15/2017,Egner,D,9/18/2017,25,Single
9152017EGD10,OTU1514,SS,0.75,BOLD:ABX5321,Animalia,Arthropoda,Insecta,Diptera,NA,NA,NA,13,9/15/2017,Egner,D,9/18/2017,25,Single
9152017EGD10,OTU1576,GS,97.8,BOLD:AAN5881,Animalia,Arthropoda,Insecta,Diptera,Limoniidae,NA,NA,5,9/15/2017,Egner,D,9/18/2017,25,Single
9152017EGD10,OTU1748,SS,0.6,BOLD:ACF8409,Animalia,Arthropoda,Insecta,Diptera,NA,NA,NA,1,9/15/2017,Egner,D,9/18/2017,25,Single
9152017EGD10,OTU1756,SS,0.97,BOLD:AAG3848,Animalia,Arthropoda,Insecta,Diptera,Culicidae,Culex,Culex erraticus,1,9/15/2017,Egner,D,9/18/2017,25,Single
9152017EGD10,OTU1818,GS,97.9,BOLD:AAF4632,Animalia,Arthropoda,Insecta,Diptera,Limoniidae,Epiphragma,Epiphragma solatrix,1,9/15/2017,Egner,D,9/18/2017,25,Single
9152017EGD10,OTU1871,SS,0.85,BOLD:AAG3848,Animalia,Arthropoda,Insecta,Diptera,Culicidae,Culex,Culex erraticus,7,9/15/2017,Egner,D,9/18/2017,25,Single
9152017EGD10,OTU1882,SS,0.18,BOLD:ACN0347,Animalia,Arthropoda,Insecta,Diptera,NA,NA,NA,1,9/15/2017,Egner,D,9/18/2017,25,Single
9152017EGD5,OTU2,GS,100,BOLD:AAH3225,Animalia,Arthropoda,Insecta,Psocodea,Psocidae,Metylophorus,Metylophorus novaescotiae,1335,9/15/2017,Egner,D,9/18/2017,25,Single
9152017EGD5,OTU6,GS,99.4,BOLD:ACZ2169,Animalia,Arthropoda,Insecta,Hemiptera,Cicadellidae,Gyponana,NA,1337,9/15/2017,Egner,D,9/18/2017,25,Single
9152017EGD5,OTU7,GS,100,BOLD:AAF4632,Animalia,Arthropoda,Insecta,Diptera,Limoniidae,Epiphragma,Epiphragma solatrix,19505,9/15/2017,Egner,D,9/18/2017,25,Single
9152017EGD5,OTU38,GS,99.4,BOLD:AAB4070,Animalia,Arthropoda,Insecta,Lepidoptera,Tortricidae,Gymnandrosoma,Gymnandrosoma punctidiscanum,4112,9/15/2017,Egner,D,9/18/2017,25,Single
9152017EGD5,OTU47,GS,100,BOLD:AAN5881,Animalia,Arthropoda,Insecta,Diptera,Limoniidae,NA,NA,6661,9/15/2017,Egner,D,9/18/2017,25,Single
9152017EGD5,OTU265,GS,100,BOLD:AAQ3192,Animalia,Arthropoda,Insecta,Lepidoptera,Dryadaulidae,Dryadaula,NA,6,9/15/2017,Egner,D,9/18/2017,25,Single
9152017EGD5,OTU350,GS,99.4,BOLD:AAL7361,Animalia,Arthropoda,Insecta,Diptera,Chironomidae,Procladius,NA,6,9/15/2017,Egner,D,9/18/2017,25,Single
9152017EGD5,OTU375,GS,100,BOLD:AAG2878,Animalia,Arthropoda,Insecta,Hemiptera,Cicadellidae,Gyponana,Gyponana extenda,19,9/15/2017,Egner,D,9/18/2017,25,Single
9152017EGD5,OTU458,GS,100,BOLD:AAB2768,Animalia,Arthropoda,Arachnida,Araneae,Philodromidae,Philodromus,Philodromus rufus,10,9/15/2017,Egner,D,9/18/2017,25,Single
9152017EGD5,OTU480,GS,100,BOLD:AAP2997,Animalia,Arthropoda,Insecta,Diptera,Chironomidae,NA,NA,2,9/15/2017,Egner,D,9/18/2017,25,Single
9152017EGD5,OTU494,GS,99.4,BOLD:AAH3231,Animalia,Arthropoda,Insecta,Psocodea,Psocidae,NA,NA,3,9/15/2017,Egner,D,9/18/2017,25,Single
9152017EGD5,OTU577,GS,100,BOLD:AAF4509,Animalia,Arthropoda,Insecta,Lepidoptera,Momphidae,Mompha,Mompha cephalonthiella,1,9/15/2017,Egner,D,9/18/2017,25,Single
9152017EGD5,OTU624,GS,100,BOLD:AAP4712,Animalia,Arthropoda,Insecta,Diptera,Psychodidae,NA,NA,16,9/15/2017,Egner,D,9/18/2017,25,Single
9152017EGD5,OTU641,GS,100,BOLD:AAB4894,Animalia,Arthropoda,Insecta,Hemiptera,Aphididae,Sitobion,Sitobion avenae,2,9/15/2017,Egner,D,9/18/2017,25,Single
9152017EGD5,OTU756,GS,100,BOLD:ABY9006,Animalia,Arthropoda,Insecta,Hemiptera,Aphididae,Pemphigus,NA,12,9/15/2017,Egner,D,9/18/2017,25,Single
9152017EGD5,OTU781,US,1,None,Animalia,Arthropoda,Insecta,Diptera,NA,NA,NA,2,9/15/2017,Egner,D,9/18/2017,25,Single
9152017EGD5,OTU911,SS,0.56,BOLD:ABA8054,Animalia,Arthropoda,Insecta,Hymenoptera,NA,NA,NA,2,9/15/2017,Egner,D,9/18/2017,25,Single
9152017EGD5,OTU1035,GS,99.4,BOLD:AAI3772,Animalia,Arthropoda,Insecta,Diptera,NA,NA,NA,1,9/15/2017,Egner,D,9/18/2017,25,Single
9152017EGD5,OTU1072,SS,0.54,BOLD:ABV9238,Animalia,Arthropoda,Insecta,Diptera,NA,NA,NA,2,9/15/2017,Egner,D,9/18/2017,25,Single
9152017EGD5,OTU1088,GS,98.3,BOLD:AAG2878,Animalia,Arthropoda,Insecta,Hemiptera,Cicadellidae,Gyponana,Gyponana extenda,4,9/15/2017,Egner,D,9/18/2017,25,Single
9152017EGD5,OTU1176,US,0.9249,BOLD:AAF4632,Animalia,Arthropoda,Insecta,Diptera,NA,NA,NA,15,9/15/2017,Egner,D,9/18/2017,25,Single
9152017EGD5,OTU1210,GS,97.2,BOLD:AAF4632,Animalia,Arthropoda,Insecta,Diptera,Limoniidae,Epiphragma,Epiphragma solatrix,67,9/15/2017,Egner,D,9/18/2017,25,Single
9152017EGD5,OTU1265,SS,0.83,BOLD:AAF4632,Animalia,Arthropoda,Insecta,Diptera,Limoniidae,Epiphragma,Epiphragma solatrix,32,9/15/2017,Egner,D,9/18/2017,25,Single
9152017EGD5,OTU1306,GS,97.2,BOLD:ABX5600,Animalia,Arthropoda,Insecta,Hemiptera,Cicadellidae,Gyponana,Gyponana cana,3,9/15/2017,Egner,D,9/18/2017,25,Single
9152017EGD5,OTU1311,GS,100,BOLD:ACB9392,Animalia,Arthropoda,Insecta,Diptera,Chironomidae,NA,NA,1,9/15/2017,Egner,D,9/18/2017,25,Single
9152017EGD5,OTU1403,SS,0.36,BOLD:ACV0130,Animalia,Arthropoda,Insecta,Diptera,NA,NA,NA,376,9/15/2017,Egner,D,9/18/2017,25,Single
9152017EGD5,OTU1414,US,0.3913,None,Animalia,Arthropoda,Malacostraca,Cumacea,NA,NA,NA,2,9/15/2017,Egner,D,9/18/2017,25,Single
9152017EGD5,OTU1464,SS,0.42,BOLD:ABA5086,Animalia,Arthropoda,Insecta,Hemiptera,Cicadellidae,Gyponana,NA,3,9/15/2017,Egner,D,9/18/2017,25,Single
9152017EGD5,OTU1494,US,0.8732,BOLD:AAF4632,Animalia,Arthropoda,Insecta,Diptera,NA,NA,NA,1,9/15/2017,Egner,D,9/18/2017,25,Single
9152017EGD5,OTU1522,SS,0.57,BOLD:AAF9008,Animalia,Arthropoda,Insecta,Diptera,NA,NA,NA,1,9/15/2017,Egner,D,9/18/2017,25,Single
9152017EGD5,OTU1576,GS,97.8,BOLD:AAN5881,Animalia,Arthropoda,Insecta,Diptera,Limoniidae,NA,NA,246,9/15/2017,Egner,D,9/18/2017,25,Single
9152017EGD5,OTU1636,SS,0.74,BOLD:AAF4632,Animalia,Arthropoda,Insecta,NA,NA,NA,NA,245,9/15/2017,Egner,D,9/18/2017,25,Single
9152017EGD5,OTU1683,SS,0.84,BOLD:AAF4632,Animalia,Arthropoda,Insecta,Diptera,Limoniidae,Epiphragma,Epiphragma solatrix,32,9/15/2017,Egner,D,9/18/2017,25,Single
9152017EGD5,OTU1746,GS,97.2,BOLD:ACE9691,Animalia,Arthropoda,Insecta,Hemiptera,Cicadellidae,Gyponana,Gyponana brevita,1,9/15/2017,Egner,D,9/18/2017,25,Single
9152017EGD5,OTU1829,US,0.9925,BOLD:ACX7926,Animalia,Arthropoda,Insecta,Lepidoptera,NA,NA,NA,1,9/15/2017,Egner,D,9/18/2017,25,Single
9152017EGD5,OTU1834,SS,0.74,BOLD:AAF4632,Animalia,Arthropoda,Insecta,Diptera,NA,NA,NA,9,9/15/2017,Egner,D,9/18/2017,25,Single
9152017EGD6,OTU1,US,0.0026,BOLD:AAD6798,Animalia,Arthropoda,Insecta,Diptera,NA,NA,NA,966,9/15/2017,Egner,D,9/18/2017,25,Single
9152017EGD6,OTU5,GS,99.4,BOLD:AAN5451,Animalia,Arthropoda,Arachnida,Araneae,Araneidae,Eustala,NA,9717,9/15/2017,Egner,D,9/18/2017,25,Single
9152017EGD6,OTU11,GS,99.4,BOLD:AAG3848,Animalia,Arthropoda,Insecta,Diptera,Culicidae,Culex,Culex erraticus,915,9/15/2017,Egner,D,9/18/2017,25,Single
9152017EGD6,OTU14,GS,99.4,BOLD:AAO3940,Animalia,Arthropoda,Insecta,Diptera,Limoniidae,Rhipidia,NA,5426,9/15/2017,Egner,D,9/18/2017,25,Single
9152017EGD6,OTU22,GS,100,BOLD:ABA8054,Animalia,Arthropoda,Insecta,Hymenoptera,Braconidae,NA,NA,1151,9/15/2017,Egner,D,9/18/2017,25,Single
9152017EGD6,OTU52,GS,100,BOLD:AAG4399,Animalia,Arthropoda,Insecta,Hemiptera,Flatidae,Metcalfa,Metcalfa pruinosa,962,9/15/2017,Egner,D,9/18/2017,25,Single
9152017EGD6,OTU65,GS,100,BOLD:AAA1517,Animalia,Arthropoda,Insecta,Lepidoptera,Tortricidae,Choristoneura,Choristoneura rosaceana,1465,9/15/2017,Egner,D,9/18/2017,25,Single
9152017EGD6,OTU75,GS,99.4,BOLD:AAF4974,Animalia,Arthropoda,Arachnida,Araneae,Theridiidae,Dipoena,Dipoena nigra,1661,9/15/2017,Egner,D,9/18/2017,25,Single
9152017EGD6,OTU76,US,1,BOLD:ACY1454,Animalia,Arthropoda,Insecta,Hemiptera,NA,NA,NA,144,9/15/2017,Egner,D,9/18/2017,25,Single
9152017EGD6,OTU110,GS,99.4,BOLD:AAJ0542,Animalia,Arthropoda,Arachnida,Araneae,Theridiidae,Euryopis,Euryopis funebris,214,9/15/2017,Egner,D,9/18/2017,25,Single
9152017EGD6,OTU158,GS,100,BOLD:AAH3230,Animalia,Arthropoda,Insecta,Psocodea,Psocidae,NA,NA,238,9/15/2017,Egner,D,9/18/2017,25,Single
9152017EGD6,OTU195,GS,100,BOLD:ABW4424,Animalia,Arthropoda,Insecta,Diptera,Limoniidae,Dicranomyia,NA,511,9/15/2017,Egner,D,9/18/2017,25,Single
9152017EGD6,OTU212,US,1,BOLD:ACE7661,Animalia,Arthropoda,Arachnida,Araneae,NA,NA,NA,8,9/15/2017,Egner,D,9/18/2017,25,Single
9152017EGD6,OTU217,GS,99.4,BOLD:AAJ5015,Animalia,Arthropoda,Insecta,Hemiptera,Acanaloniidae,Acanalonia,Acanalonia conica,645,9/15/2017,Egner,D,9/18/2017,25,Single
9152017EGD6,OTU260,US,1,None,Animalia,Arthropoda,Insecta,Diptera,NA,NA,NA,64,9/15/2017,Egner,D,9/18/2017,25,Single
9152017EGD6,OTU279,US,0.9881,BOLD:AAL9881,Animalia,Arthropoda,Arachnida,Araneae,NA,NA,NA,23,9/15/2017,Egner,D,9/18/2017,25,Single
9152017EGD6,OTU516,US,1,BOLD:ACB3344,Animalia,Arthropoda,Insecta,Hymenoptera,NA,NA,NA,303,9/15/2017,Egner,D,9/18/2017,25,Single
9152017EGD6,OTU624,GS,100,BOLD:AAP4712,Animalia,Arthropoda,Insecta,Diptera,Psychodidae,NA,NA,57,9/15/2017,Egner,D,9/18/2017,25,Single
9152017EGD6,OTU641,GS,100,BOLD:AAB4894,Animalia,Arthropoda,Insecta,Hemiptera,Aphididae,Sitobion,Sitobion avenae,41,9/15/2017,Egner,D,9/18/2017,25,Single
9152017EGD6,OTU697,GS,100,BOLD:AAM7623,Animalia,Arthropoda,Insecta,Coleoptera,Phalacridae,Acylomus,NA,39,9/15/2017,Egner,D,9/18/2017,25,Single
9152017EGD6,OTU830,GS,100,BOLD:ABW3665,Animalia,Arthropoda,Insecta,Diptera,Dolichopodidae,NA,NA,230,9/15/2017,Egner,D,9/18/2017,25,Single
9152017EGD6,OTU902,US,0,None,Animalia,Arthropoda,Insecta,Hymenoptera,NA,NA,NA,13,9/15/2017,Egner,D,9/18/2017,25,Single
9152017EGD6,OTU935,SS,0.01,BOLD:AAO3940,Animalia,Arthropoda,Insecta,Diptera,Limoniidae,Rhipidia,NA,11,9/15/2017,Egner,D,9/18/2017,25,Single
9152017EGD6,OTU1097,GS,97.2,BOLD:AAN5451,Animalia,Arthropoda,Arachnida,Araneae,Araneidae,Eustala,NA,380,9/15/2017,Egner,D,9/18/2017,25,Single
9152017EGD6,OTU1265,SS,0.83,BOLD:AAF4632,Animalia,Arthropoda,Insecta,Diptera,Limoniidae,Epiphragma,Epiphragma solatrix,7,9/15/2017,Egner,D,9/18/2017,25,Single
9152017EGD6,OTU1317,SS,0.01,BOLD:AAN5451,Animalia,Arthropoda,Arachnida,Araneae,Araneidae,Eustala,NA,6,9/15/2017,Egner,D,9/18/2017,25,Single
9152017EGD6,OTU1656,US,0.9715,BOLD:AAD6798,Animalia,Arthropoda,Insecta,Diptera,NA,NA,NA,1,9/15/2017,Egner,D,9/18/2017,25,Single
9152017EGD6,OTU1748,SS,0.6,BOLD:ACF8409,Animalia,Arthropoda,Insecta,Diptera,NA,NA,NA,5,9/15/2017,Egner,D,9/18/2017,25,Single
9152017EGD6,OTU1756,SS,0.97,BOLD:AAG3848,Animalia,Arthropoda,Insecta,Diptera,Culicidae,Culex,Culex erraticus,10,9/15/2017,Egner,D,9/18/2017,25,Single
9152017EGD6,OTU1818,GS,97.9,BOLD:AAF4632,Animalia,Arthropoda,Insecta,Diptera,Limoniidae,Epiphragma,Epiphragma solatrix,1,9/15/2017,Egner,D,9/18/2017,25,Single
9152017EGD6,OTU1871,SS,0.85,BOLD:AAG3848,Animalia,Arthropoda,Insecta,Diptera,Culicidae,Culex,Culex erraticus,7,9/15/2017,Egner,D,9/18/2017,25,Single
9152017EGD7,OTU2,GS,100,BOLD:AAH3225,Animalia,Arthropoda,Insecta,Psocodea,Psocidae,Metylophorus,Metylophorus novaescotiae,207,9/15/2017,Egner,D,9/18/2017,25,Single
9152017EGD7,OTU5,GS,99.4,BOLD:AAN5451,Animalia,Arthropoda,Arachnida,Araneae,Araneidae,Eustala,NA,14842,9/15/2017,Egner,D,9/18/2017,25,Single
9152017EGD7,OTU6,GS,99.4,BOLD:ACZ2169,Animalia,Arthropoda,Insecta,Hemiptera,Cicadellidae,Gyponana,NA,2497,9/15/2017,Egner,D,9/18/2017,25,Single
9152017EGD7,OTU13,GS,100,BOLD:ABV1771,Animalia,Arthropoda,Insecta,Diptera,Limoniidae,NA,NA,551,9/15/2017,Egner,D,9/18/2017,25,Single
9152017EGD7,OTU15,GS,100,BOLD:ABZ0908,Animalia,Arthropoda,Insecta,Diptera,Tipulidae,Nephrotoma,Nephrotoma ferruginea,611,9/15/2017,Egner,D,9/18/2017,25,Single
9152017EGD7,OTU25,GS,100,BOLD:ACF0083,Animalia,Arthropoda,Insecta,Diptera,Tabanidae,Tabanus,Tabanus similis,4185,9/15/2017,Egner,D,9/18/2017,25,Single
9152017EGD7,OTU78,US,1,BOLD:AAY8864,Animalia,Arthropoda,Insecta,Diptera,NA,NA,NA,922,9/15/2017,Egner,D,9/18/2017,25,Single
9152017EGD7,OTU101,US,0.2887,None,Animalia,Arthropoda,Insecta,Hemiptera,NA,NA,NA,654,9/15/2017,Egner,D,9/18/2017,25,Single
9152017EGD7,OTU115,GS,100,BOLD:AAA4942,Animalia,Arthropoda,Arachnida,Araneae,Tetragnathidae,Tetragnatha,Tetragnatha elongata,563,9/15/2017,Egner,D,9/18/2017,25,Single
9152017EGD7,OTU129,GS,100,BOLD:AAG2647,Animalia,Arthropoda,Insecta,Diptera,Chaoboridae,Chaoborus,Chaoborus punctipennis,122,9/15/2017,Egner,D,9/18/2017,25,Single
9152017EGD7,OTU209,GS,100,BOLD:AAF9019,Animalia,Arthropoda,Insecta,Diptera,NA,NA,NA,81,9/15/2017,Egner,D,9/18/2017,25,Single
9152017EGD7,OTU219,GS,100,BOLD:AAD1855,Animalia,Arthropoda,Insecta,Lepidoptera,Tortricidae,Episimus,Episimus tyrius,518,9/15/2017,Egner,D,9/18/2017,25,Single
9152017EGD7,OTU234,GS,98.9,BOLD:AAH7094,Animalia,Arthropoda,Insecta,Neuroptera,Chrysopidae,Ceraeochrysa,Ceraeochrysa lineaticornis,294,9/15/2017,Egner,D,9/18/2017,25,Single
9152017EGD7,OTU237,GS,100,BOLD:AAA4885,Animalia,Arthropoda,Insecta,Lepidoptera,Geometridae,Macaria,Macaria aemulataria,117,9/15/2017,Egner,D,9/18/2017,25,Single
9152017EGD7,OTU293,GS,100,BOLD:AAU4100,Animalia,Arthropoda,Insecta,Lepidoptera,Gracillariidae,Cameraria,Cameraria hamadryadella,45,9/15/2017,Egner,D,9/18/2017,25,Single
9152017EGD7,OTU365,GS,99.4,BOLD:AAU8554,Animalia,Arthropoda,Insecta,Hymenoptera,Ichneumonidae,NA,NA,170,9/15/2017,Egner,D,9/18/2017,25,Single
9152017EGD7,OTU369,SS,0.79,BOLD:ACS7984,Animalia,Arthropoda,Insecta,Hemiptera,NA,NA,NA,45,9/15/2017,Egner,D,9/18/2017,25,Single
9152017EGD7,OTU373,GS,98.9,BOLD:AAG8953,Animalia,Arthropoda,Insecta,Hemiptera,Cicadellidae,Gyponana,Gyponana amara,55,9/15/2017,Egner,D,9/18/2017,25,Single
9152017EGD7,OTU375,GS,100,BOLD:AAG2878,Animalia,Arthropoda,Insecta,Hemiptera,Cicadellidae,Gyponana,Gyponana extenda,168,9/15/2017,Egner,D,9/18/2017,25,Single
9152017EGD7,OTU388,GS,100,BOLD:AAN5315,Animalia,Arthropoda,Insecta,Diptera,Chironomidae,NA,NA,7,9/15/2017,Egner,D,9/18/2017,25,Single
9152017EGD7,OTU408,GS,100,BOLD:AAA2955,Animalia,Arthropoda,Insecta,Lepidoptera,Tortricidae,Argyrotaenia,Argyrotaenia ljungiana,279,9/15/2017,Egner,D,9/18/2017,25,Single
9152017EGD7,OTU458,GS,100,BOLD:AAB2768,Animalia,Arthropoda,Arachnida,Araneae,Philodromidae,Philodromus,Philodromus rufus,26,9/15/2017,Egner,D,9/18/2017,25,Single
9152017EGD7,OTU487,GS,100,BOLD:AAJ9298,Animalia,Arthropoda,Insecta,Lepidoptera,Geometridae,Melanolophia,Melanolophia signataria,24,9/15/2017,Egner,D,9/18/2017,25,Single
9152017EGD7,OTU541,US,0.9919,BOLD:AAJ2923,Animalia,Arthropoda,Insecta,Hemiptera,NA,NA,NA,16,9/15/2017,Egner,D,9/18/2017,25,Single
9152017EGD7,OTU549,GS,100,BOLD:AAM8604,Animalia,Arthropoda,Insecta,Lepidoptera,NA,NA,NA,25,9/15/2017,Egner,D,9/18/2017,25,Single
9152017EGD7,OTU550,SS,0.63,BOLD:AAZ2096,Animalia,Arthropoda,Insecta,Hemiptera,NA,NA,NA,8,9/15/2017,Egner,D,9/18/2017,25,Single
9152017EGD7,OTU577,GS,100,BOLD:AAF4509,Animalia,Arthropoda,Insecta,Lepidoptera,Momphidae,Mompha,Mompha cephalonthiella,75,9/15/2017,Egner,D,9/18/2017,25,Single
9152017EGD7,OTU580,GS,98.3,BOLD:ABZ0908,Animalia,Arthropoda,Insecta,Diptera,Tipulidae,Nephrotoma,Nephrotoma ferruginea,73,9/15/2017,Egner,D,9/18/2017,25,Single
9152017EGD7,OTU656,GS,99.4,BOLD:AAZ0144,Animalia,Arthropoda,Insecta,Diptera,Chironomidae,Chironomus,NA,205,9/15/2017,Egner,D,9/18/2017,25,Single
9152017EGD7,OTU674,US,0,BOLD:AAG4815,Animalia,Arthropoda,Arachnida,Mesostigmata,NA,NA,NA,1,9/15/2017,Egner,D,9/18/2017,25,Single
9152017EGD7,OTU780,GS,100,BOLD:AAF2475,Animalia,Arthropoda,Insecta,Lepidoptera,Autostichidae,Sceptea,Sceptea aequepulvella,22,9/15/2017,Egner,D,9/18/2017,25,Single
9152017EGD7,OTU846,GS,98.9,BOLD:ACM6663,Animalia,Arthropoda,Insecta,Hymenoptera,Ichneumonidae,Trathala,NA,163,9/15/2017,Egner,D,9/18/2017,25,Single
9152017EGD7,OTU1088,GS,98.3,BOLD:AAG2878,Animalia,Arthropoda,Insecta,Hemiptera,Cicadellidae,Gyponana,Gyponana extenda,47,9/15/2017,Egner,D,9/18/2017,25,Single
9152017EGD7,OTU1097,GS,97.2,BOLD:AAN5451,Animalia,Arthropoda,Arachnida,Araneae,Araneidae,Eustala,NA,206,9/15/2017,Egner,D,9/18/2017,25,Single
9152017EGD7,OTU1294,GS,97.2,BOLD:AAG4573,Animalia,Arthropoda,Insecta,Diptera,Tabanidae,Tabanus,Tabanus similis,55,9/15/2017,Egner,D,9/18/2017,25,Single
9152017EGD7,OTU1317,SS,0.01,BOLD:AAN5451,Animalia,Arthropoda,Arachnida,Araneae,Araneidae,Eustala,NA,9,9/15/2017,Egner,D,9/18/2017,25,Single
9152017EGD7,OTU1445,SS,0.44,BOLD:ABV1417,Animalia,Arthropoda,Insecta,Diptera,NA,NA,NA,16,9/15/2017,Egner,D,9/18/2017,25,Single
9152017EGD7,OTU1492,SS,0.71,BOLD:ACX9497,Animalia,Arthropoda,Insecta,Hymenoptera,NA,NA,NA,30,9/15/2017,Egner,D,9/18/2017,25,Single
9152017EGD7,OTU1628,US,0.3913,None,Animalia,Arthropoda,Insecta,Trichoptera,NA,NA,NA,28,9/15/2017,Egner,D,9/18/2017,25,Single
9152017EGD7,OTU1684,GS,97.8,BOLD:AAH7094,Animalia,Arthropoda,Insecta,Neuroptera,Chrysopidae,Ceraeochrysa,Ceraeochrysa lineaticornis,3,9/15/2017,Egner,D,9/18/2017,25,Single
9152017EGD7,OTU1790,GS,98.3,BOLD:AAZ0144,Animalia,Arthropoda,Insecta,Diptera,Chironomidae,Chironomus,NA,1,9/15/2017,Egner,D,9/18/2017,25,Single
9152017EGD9,OTU2,GS,100,BOLD:AAH3225,Animalia,Arthropoda,Insecta,Psocodea,Psocidae,Metylophorus,Metylophorus novaescotiae,14595,9/15/2017,Egner,D,9/18/2017,25,Single
9152017EGD9,OTU5,GS,99.4,BOLD:AAN5451,Animalia,Arthropoda,Arachnida,Araneae,Araneidae,Eustala,NA,33703,9/15/2017,Egner,D,9/18/2017,25,Single
9152017EGD9,OTU11,GS,99.4,BOLD:AAG3848,Animalia,Arthropoda,Insecta,Diptera,Culicidae,Culex,Culex erraticus,32522,9/15/2017,Egner,D,9/18/2017,25,Single
9152017EGD9,OTU13,GS,100,BOLD:ABV1771,Animalia,Arthropoda,Insecta,Diptera,Limoniidae,NA,NA,2283,9/15/2017,Egner,D,9/18/2017,25,Single
9152017EGD9,OTU14,GS,99.4,BOLD:AAO3940,Animalia,Arthropoda,Insecta,Diptera,Limoniidae,Rhipidia,NA,11606,9/15/2017,Egner,D,9/18/2017,25,Single
9152017EGD9,OTU32,GS,99.4,BOLD:AAD0637,Animalia,Arthropoda,Insecta,Trichoptera,Phryganeidae,Ptilostomis,Ptilostomis postica,11622,9/15/2017,Egner,D,9/18/2017,25,Single
9152017EGD9,OTU84,GS,97.8,BOLD:ABU5821,Animalia,Arthropoda,Insecta,Diptera,Tipulidae,Tipula,Tipula sayi,3804,9/15/2017,Egner,D,9/18/2017,25,Single
9152017EGD9,OTU173,GS,99.4,BOLD:ABA7621,Animalia,Arthropoda,Insecta,Diptera,Tipulidae,Dolichopeza,Dolichopeza walleyi,1146,9/15/2017,Egner,D,9/18/2017,25,Single
9152017EGD9,OTU189,GS,100,BOLD:ABV2225,Animalia,Arthropoda,Insecta,Lepidoptera,Gracillariidae,Caloptilia,NA,11,9/15/2017,Egner,D,9/18/2017,25,Single
9152017EGD9,OTU248,SS,0.79,BOLD:ABX5321,Animalia,Arthropoda,Insecta,Diptera,Tipulidae,NA,NA,994,9/15/2017,Egner,D,9/18/2017,25,Single
9152017EGD9,OTU295,GS,97.8,BOLD:AAG3848,Animalia,Arthropoda,Insecta,Diptera,Culicidae,Culex,Culex erraticus,124,9/15/2017,Egner,D,9/18/2017,25,Single
9152017EGD9,OTU364,GS,100,BOLD:AAF8338,Animalia,Arthropoda,Insecta,Diptera,Tipulidae,Tipula,Tipula furca,285,9/15/2017,Egner,D,9/18/2017,25,Single
9152017EGD9,OTU633,US,0.8732,BOLD:ABU5821,Animalia,Arthropoda,Insecta,Diptera,NA,NA,NA,126,9/15/2017,Egner,D,9/18/2017,25,Single
9152017EGD9,OTU935,SS,0.01,BOLD:AAO3940,Animalia,Arthropoda,Insecta,Diptera,Limoniidae,Rhipidia,NA,18,9/15/2017,Egner,D,9/18/2017,25,Single
9152017EGD9,OTU1097,GS,97.2,BOLD:AAN5451,Animalia,Arthropoda,Arachnida,Araneae,Araneidae,Eustala,NA,848,9/15/2017,Egner,D,9/18/2017,25,Single
9152017EGD9,OTU1317,SS,0.01,BOLD:AAN5451,Animalia,Arthropoda,Arachnida,Araneae,Araneidae,Eustala,NA,102,9/15/2017,Egner,D,9/18/2017,25,Single
9152017EGD9,OTU1740,SS,0.75,BOLD:ABV1771,Animalia,Arthropoda,Insecta,Diptera,NA,NA,NA,3,9/15/2017,Egner,D,9/18/2017,25,Single
9152017EGD9,OTU1756,SS,0.97,BOLD:AAG3848,Animalia,Arthropoda,Insecta,Diptera,Culicidae,Culex,Culex erraticus,124,9/15/2017,Egner,D,9/18/2017,25,Single
9152017EGD9,OTU1871,SS,0.85,BOLD:AAG3848,Animalia,Arthropoda,Insecta,Diptera,Culicidae,Culex,Culex erraticus,34,9/15/2017,Egner,D,9/18/2017,25,Single
9152017EgnerB1,OTU7,GS,100,BOLD:AAF4632,Animalia,Arthropoda,Insecta,Diptera,Limoniidae,Epiphragma,Epiphragma solatrix,1291,9/15/2017,Egner,B,9/18/2017,82,Single
9152017EgnerB1,OTU9,US,0.7924,BOLD:AAG8502,Animalia,Arthropoda,Insecta,NA,NA,NA,NA,36471,9/15/2017,Egner,B,9/18/2017,82,Single
9152017EgnerB1,OTU15,GS,100,BOLD:ABZ0908,Animalia,Arthropoda,Insecta,Diptera,Tipulidae,Nephrotoma,Nephrotoma ferruginea,30004,9/15/2017,Egner,B,9/18/2017,82,Single
9152017EgnerB1,OTU57,GS,100,BOLD:AAI1618,Animalia,Arthropoda,Insecta,Diptera,Culicidae,Coquillettidia,Coquillettidia perturbans,88,9/15/2017,Egner,B,9/18/2017,82,Single
9152017EgnerB1,OTU67,GS,100,BOLD:AAO3948,Animalia,Arthropoda,Insecta,Diptera,Tipulidae,Nephrotoma,Nephrotoma macrocera,80,9/15/2017,Egner,B,9/18/2017,82,Single
9152017EgnerB1,OTU93,GS,99.4,BOLD:AAM4329,Animalia,Arthropoda,Insecta,Hemiptera,Cimicidae,Cimex,Cimex adjunctus,86,9/15/2017,Egner,B,9/18/2017,82,Single
9152017EgnerB1,OTU122,GS,99.4,BOLD:AAC5568,Animalia,Arthropoda,Insecta,Lepidoptera,Tortricidae,Gypsonoma,Gypsonoma salicicolana,39,9/15/2017,Egner,B,9/18/2017,82,Single
9152017EgnerB1,OTU158,GS,100,BOLD:AAH3230,Animalia,Arthropoda,Insecta,Psocodea,Psocidae,NA,NA,65,9/15/2017,Egner,B,9/18/2017,82,Single
9152017EgnerB1,OTU159,US,1,BOLD:ACG2017,Animalia,Arthropoda,Insecta,Coleoptera,NA,NA,NA,88,9/15/2017,Egner,B,9/18/2017,82,Single
9152017EgnerB1,OTU201,GS,100,BOLD:AAG0906,Animalia,Arthropoda,Insecta,Neuroptera,Hemerobiidae,Micromus,Micromus posticus,52,9/15/2017,Egner,B,9/18/2017,82,Single
9152017EgnerB1,OTU202,US,0.9967,BOLD:ACF8271,Animalia,Arthropoda,Insecta,Hymenoptera,NA,NA,NA,47,9/15/2017,Egner,B,9/18/2017,82,Single
9152017EgnerB1,OTU212,US,1,BOLD:ACE7661,Animalia,Arthropoda,Arachnida,Araneae,NA,NA,NA,8,9/15/2017,Egner,B,9/18/2017,82,Single
9152017EgnerB1,OTU295,GS,97.8,BOLD:AAG3848,Animalia,Arthropoda,Insecta,Diptera,Culicidae,Culex,Culex erraticus,200,9/15/2017,Egner,B,9/18/2017,82,Single
9152017EgnerB1,OTU451,US,1,None,Animalia,Arthropoda,Insecta,Hymenoptera,NA,NA,NA,5,9/15/2017,Egner,B,9/18/2017,82,Single
9152017EgnerB1,OTU466,SS,0.16,BOLD:AAI3871,Animalia,Arthropoda,Insecta,Lepidoptera,NA,NA,NA,8,9/15/2017,Egner,B,9/18/2017,82,Single
9152017EgnerB1,OTU476,US,0,BOLD:AAU6512,Animalia,Arthropoda,Insecta,Neuroptera,NA,NA,NA,2,9/15/2017,Egner,B,9/18/2017,82,Single
9152017EgnerB1,OTU509,GS,100,BOLD:AAB8437,Animalia,Arthropoda,Insecta,Diptera,Tachinidae,Actia,Actia interrupta,11,9/15/2017,Egner,B,9/18/2017,82,Single
9152017EgnerB1,OTU516,US,1,BOLD:ACB3344,Animalia,Arthropoda,Insecta,Hymenoptera,NA,NA,NA,2,9/15/2017,Egner,B,9/18/2017,82,Single
9152017EgnerB1,OTU549,GS,100,BOLD:AAM8604,Animalia,Arthropoda,Insecta,Lepidoptera,NA,NA,NA,10,9/15/2017,Egner,B,9/18/2017,82,Single
9152017EgnerB1,OTU580,GS,98.3,BOLD:ABZ0908,Animalia,Arthropoda,Insecta,Diptera,Tipulidae,Nephrotoma,Nephrotoma ferruginea,124,9/15/2017,Egner,B,9/18/2017,82,Single
9152017EgnerB1,OTU628,US,0.2061,BOLD:AAZ4432,Animalia,Arthropoda,Collembola,Entomobryomorpha,NA,NA,NA,104,9/15/2017,Egner,B,9/18/2017,82,Single
9152017EgnerB1,OTU649,GS,99.4,BOLD:ACB4833,Animalia,Arthropoda,Insecta,Diptera,Cecidomyiidae,NA,NA,5,9/15/2017,Egner,B,9/18/2017,82,Single
9152017EgnerB1,OTU661,SS,0.27,BOLD:ABV9305,Animalia,Arthropoda,Insecta,Diptera,NA,NA,NA,1,9/15/2017,Egner,B,9/18/2017,82,Single
9152017EgnerB1,OTU686,US,0.9919,BOLD:ACT2785,Animalia,Arthropoda,Insecta,Hymenoptera,NA,NA,NA,4,9/15/2017,Egner,B,9/18/2017,82,Single
9152017EgnerB1,OTU707,GS,100,BOLD:ACA3244,Animalia,Arthropoda,Insecta,Diptera,Chironomidae,Polypedilum,Polypedilum convictum,5,9/15/2017,Egner,B,9/18/2017,82,Single
9152017EgnerB1,OTU715,SS,0.71,BOLD:ABZ0908,Animalia,Arthropoda,Insecta,Diptera,NA,NA,NA,4996,9/15/2017,Egner,B,9/18/2017,82,Single
9152017EgnerB1,OTU724,GS,97.8,BOLD:ACL2801,Animalia,Arthropoda,Insecta,Diptera,NA,NA,NA,29,9/15/2017,Egner,B,9/18/2017,82,Single
9152017EgnerB1,OTU756,GS,100,BOLD:ABY9006,Animalia,Arthropoda,Insecta,Hemiptera,Aphididae,Pemphigus,NA,19,9/15/2017,Egner,B,9/18/2017,82,Single
9152017EgnerB1,OTU798,SS,0.6,BOLD:AAO3940,Animalia,Arthropoda,Insecta,Diptera,NA,NA,NA,458,9/15/2017,Egner,B,9/18/2017,82,Single
9152017EgnerB1,OTU1048,US,0,BOLD:AAY5963,Animalia,Arthropoda,Collembola,Symphypleona,NA,NA,NA,3,9/15/2017,Egner,B,9/18/2017,82,Single
9152017EgnerB1,OTU1116,SS,0.5,BOLD:ABZ0908,Animalia,Arthropoda,Insecta,Diptera,NA,NA,NA,113,9/15/2017,Egner,B,9/18/2017,82,Single
9152017EgnerB1,OTU1168,GS,100,BOLD:AAP5092,Animalia,Arthropoda,Insecta,Diptera,NA,NA,NA,48,9/15/2017,Egner,B,9/18/2017,82,Single
9152017EgnerB1,OTU1170,US,0,BOLD:ACT8457,Animalia,Arthropoda,Insecta,Hymenoptera,NA,NA,NA,3,9/15/2017,Egner,B,9/18/2017,82,Single
9152017EgnerB1,OTU1171,US,0.3056,BOLD:ABA0080,Animalia,Arthropoda,Insecta,Diptera,NA,NA,NA,21,9/15/2017,Egner,B,9/18/2017,82,Single
9152017EgnerB1,OTU1210,GS,97.2,BOLD:AAF4632,Animalia,Arthropoda,Insecta,Diptera,Limoniidae,Epiphragma,Epiphragma solatrix,67,9/15/2017,Egner,B,9/18/2017,82,Single
9152017EgnerB1,OTU1265,SS,0.83,BOLD:AAF4632,Animalia,Arthropoda,Insecta,Diptera,Limoniidae,Epiphragma,Epiphragma solatrix,3,9/15/2017,Egner,B,9/18/2017,82,Single
9152017EgnerB1,OTU1318,SS,0.75,BOLD:ABV9403,Animalia,Arthropoda,Insecta,NA,NA,NA,NA,2,9/15/2017,Egner,B,9/18/2017,82,Single
9152017EgnerB1,OTU1353,SS,0.11,BOLD:ABU9995,Animalia,Arthropoda,Insecta,Diptera,NA,NA,NA,582,9/15/2017,Egner,B,9/18/2017,82,Single
9152017EgnerB1,OTU1403,SS,0.36,BOLD:ACV0130,Animalia,Arthropoda,Insecta,Diptera,NA,NA,NA,10,9/15/2017,Egner,B,9/18/2017,82,Single
9152017EgnerB1,OTU1411,SS,0.41,BOLD:ACF8666,Animalia,Arthropoda,Insecta,Diptera,NA,NA,NA,805,9/15/2017,Egner,B,9/18/2017,82,Single
9152017EgnerB1,OTU1447,SS,0.95,BOLD:ABZ0908,Animalia,Arthropoda,Insecta,Diptera,Tipulidae,Nephrotoma,Nephrotoma ferruginea,517,9/15/2017,Egner,B,9/18/2017,82,Single
9152017EgnerB1,OTU1513,GS,97.8,BOLD:ACL2801,Animalia,Arthropoda,Insecta,Diptera,Tipulidae,Nephrotoma,Nephrotoma macrocera,33,9/15/2017,Egner,B,9/18/2017,82,Single
9152017EgnerB1,OTU1529,GS,99.4,BOLD:AAH4490,Animalia,Arthropoda,Insecta,Lepidoptera,Gracillariidae,Phyllonorycter,Phyllonorycter argentinotella,2,9/15/2017,Egner,B,9/18/2017,82,Single
9152017EgnerB1,OTU1532,US,0,BOLD:AAL9057,Animalia,Arthropoda,Insecta,Diptera,NA,NA,NA,21,9/15/2017,Egner,B,9/18/2017,82,Single
9152017EgnerB1,OTU1683,SS,0.84,BOLD:AAF4632,Animalia,Arthropoda,Insecta,Diptera,Limoniidae,Epiphragma,Epiphragma solatrix,8,9/15/2017,Egner,B,9/18/2017,82,Single
9152017EgnerB1,OTU1774,SS,0.08,BOLD:ABU9995,Animalia,Arthropoda,Insecta,Diptera,NA,NA,NA,399,9/15/2017,Egner,B,9/18/2017,82,Single
9152017EgnerB1,OTU1797,SS,0.63,BOLD:ABX6186,Animalia,Arthropoda,Insecta,Diptera,NA,NA,NA,3,9/15/2017,Egner,B,9/18/2017,82,Single
9152017EgnerB1,OTU1829,US,0.9925,BOLD:ACX7926,Animalia,Arthropoda,Insecta,Lepidoptera,NA,NA,NA,2,9/15/2017,Egner,B,9/18/2017,82,Single
9152017EgnerB1,OTU1834,SS,0.74,BOLD:AAF4632,Animalia,Arthropoda,Insecta,Diptera,NA,NA,NA,70,9/15/2017,Egner,B,9/18/2017,82,Single
9152017EgnerB1,OTU1871,SS,0.85,BOLD:AAG3848,Animalia,Arthropoda,Insecta,Diptera,Culicidae,Culex,Culex erraticus,7,9/15/2017,Egner,B,9/18/2017,82,Single
9152017EgnerB1,OTU1897,US,0,BOLD:AAG1359,Animalia,Arthropoda,Insecta,Diptera,NA,NA,NA,8,9/15/2017,Egner,B,9/18/2017,82,Single
9152017EgnerB1,OTU1910,SS,0.87,BOLD:ABZ0908,Animalia,Arthropoda,Insecta,Diptera,Tipulidae,Nephrotoma,Nephrotoma ferruginea,1,9/15/2017,Egner,B,9/18/2017,82,Single
9152017EgnerB2,OTU1,US,0.0026,BOLD:AAD6798,Animalia,Arthropoda,Insecta,Diptera,NA,NA,NA,1281,9/15/2017,Egner,B,9/18/2017,82,Single
9152017EgnerB2,OTU7,GS,100,BOLD:AAF4632,Animalia,Arthropoda,Insecta,Diptera,Limoniidae,Epiphragma,Epiphragma solatrix,320,9/15/2017,Egner,B,9/18/2017,82,Single
9152017EgnerB2,OTU14,GS,99.4,BOLD:AAO3940,Animalia,Arthropoda,Insecta,Diptera,Limoniidae,Rhipidia,NA,2404,9/15/2017,Egner,B,9/18/2017,82,Single
9152017EgnerB2,OTU25,GS,100,BOLD:ACF0083,Animalia,Arthropoda,Insecta,Diptera,Tabanidae,Tabanus,Tabanus similis,7670,9/15/2017,Egner,B,9/18/2017,82,Single
9152017EgnerB2,OTU50,GS,100,BOLD:ABX3738,Animalia,Arthropoda,Insecta,Hemiptera,Cicadellidae,Ponana,Ponana puncticollis,27964,9/15/2017,Egner,B,9/18/2017,82,Single
9152017EgnerB2,OTU52,GS,100,BOLD:AAG4399,Animalia,Arthropoda,Insecta,Hemiptera,Flatidae,Metcalfa,Metcalfa pruinosa,17394,9/15/2017,Egner,B,9/18/2017,82,Single
9152017EgnerB2,OTU57,GS,100,BOLD:AAI1618,Animalia,Arthropoda,Insecta,Diptera,Culicidae,Coquillettidia,Coquillettidia perturbans,951,9/15/2017,Egner,B,9/18/2017,82,Single
9152017EgnerB2,OTU89,GS,98.3,BOLD:ABW2415,Animalia,Arthropoda,Insecta,Diptera,Tipulidae,Nephrotoma,Nephrotoma okefenoke,77,9/15/2017,Egner,B,9/18/2017,82,Single
9152017EgnerB2,OTU101,US,0.2887,None,Animalia,Arthropoda,Insecta,Hemiptera,NA,NA,NA,163,9/15/2017,Egner,B,9/18/2017,82,Single
9152017EgnerB2,OTU146,GS,99.4,BOLD:ABV9238,Animalia,Arthropoda,Insecta,Diptera,Limoniidae,Gonomyia,NA,104,9/15/2017,Egner,B,9/18/2017,82,Single
9152017EgnerB2,OTU153,GS,100,BOLD:AAN8186,Animalia,Arthropoda,Insecta,Hymenoptera,NA,NA,NA,2470,9/15/2017,Egner,B,9/18/2017,82,Single
9152017EgnerB2,OTU259,US,0.9963,BOLD:AAL6280,Animalia,Arthropoda,Arachnida,Araneae,NA,NA,NA,49,9/15/2017,Egner,B,9/18/2017,82,Single
9152017EgnerB2,OTU333,GS,100,BOLD:AAD7490,Animalia,Arthropoda,Insecta,Hymenoptera,Formicidae,Brachymyrmex,Brachymyrmex depilis,267,9/15/2017,Egner,B,9/18/2017,82,Single
9152017EgnerB2,OTU369,SS,0.79,BOLD:ACS7984,Animalia,Arthropoda,Insecta,Hemiptera,NA,NA,NA,30,9/15/2017,Egner,B,9/18/2017,82,Single
9152017EgnerB2,OTU418,US,0,None,Animalia,Arthropoda,Insecta,Lepidoptera,NA,NA,NA,7,9/15/2017,Egner,B,9/18/2017,82,Single
9152017EgnerB2,OTU466,SS,0.16,BOLD:AAI3871,Animalia,Arthropoda,Insecta,Lepidoptera,NA,NA,NA,12,9/15/2017,Egner,B,9/18/2017,82,Single
9152017EgnerB2,OTU506,GS,98.3,BOLD:AAC5871,Animalia,Arthropoda,Arachnida,Araneae,Salticidae,Hentzia,Hentzia palmarum,6,9/15/2017,Egner,B,9/18/2017,82,Single
9152017EgnerB2,OTU541,US,0.9919,BOLD:AAJ2923,Animalia,Arthropoda,Insecta,Hemiptera,NA,NA,NA,33,9/15/2017,Egner,B,9/18/2017,82,Single
9152017EgnerB2,OTU550,SS,0.63,BOLD:AAZ2096,Animalia,Arthropoda,Insecta,Hemiptera,NA,NA,NA,6,9/15/2017,Egner,B,9/18/2017,82,Single
9152017EgnerB2,OTU639,US,0.9885,BOLD:ACI7589,Animalia,Arthropoda,Insecta,Coleoptera,NA,NA,NA,29,9/15/2017,Egner,B,9/18/2017,82,Single
9152017EgnerB2,OTU660,GS,99.4,BOLD:AAF1659,Animalia,Arthropoda,Insecta,Lepidoptera,Tineidae,Nemapogon,Nemapogon angulifasciella,355,9/15/2017,Egner,B,9/18/2017,82,Single
9152017EgnerB2,OTU665,GS,100,BOLD:AAW4535,Animalia,Arthropoda,Arachnida,Araneae,Araneidae,Araneus,Araneus marmoreus,3,9/15/2017,Egner,B,9/18/2017,82,Single
9152017EgnerB2,OTU674,US,0,BOLD:AAG4815,Animalia,Arthropoda,Arachnida,Mesostigmata,NA,NA,NA,4,9/15/2017,Egner,B,9/18/2017,82,Single
9152017EgnerB2,OTU689,SS,0.68,BOLD:ACR6277,Animalia,Arthropoda,Insecta,Hemiptera,NA,NA,NA,8,9/15/2017,Egner,B,9/18/2017,82,Single
9152017EgnerB2,OTU772,US,0.9249,BOLD:ACE1732,Animalia,Arthropoda,Insecta,Diptera,NA,NA,NA,18,9/15/2017,Egner,B,9/18/2017,82,Single
9152017EgnerB2,OTU858,GS,99.4,BOLD:AAP1271,Animalia,Arthropoda,Insecta,Diptera,Chironomidae,NA,NA,6,9/15/2017,Egner,B,9/18/2017,82,Single
9152017EgnerB2,OTU889,US,0.2887,BOLD:ACX4809,Animalia,Arthropoda,Insecta,Lepidoptera,NA,NA,NA,10,9/15/2017,Egner,B,9/18/2017,82,Single
9152017EgnerB2,OTU919,GS,100,BOLD:AAH4503,Animalia,Arthropoda,Insecta,Lepidoptera,Gracillariidae,Cameraria,Cameraria caryaefoliella,148,9/15/2017,Egner,B,9/18/2017,82,Single
9152017EgnerB2,OTU1028,US,0.9881,BOLD:ACI4589,Animalia,Arthropoda,Insecta,Coleoptera,NA,NA,NA,7,9/15/2017,Egner,B,9/18/2017,82,Single
9152017EgnerB2,OTU1072,SS,0.54,BOLD:ABV9238,Animalia,Arthropoda,Insecta,Diptera,NA,NA,NA,13,9/15/2017,Egner,B,9/18/2017,82,Single
9152017EgnerB2,OTU1095,GS,100,BOLD:ABX3739,Animalia,Arthropoda,Insecta,Hemiptera,Cicadellidae,Ponana,NA,1,9/15/2017,Egner,B,9/18/2017,82,Single
9152017EgnerB2,OTU1210,GS,97.2,BOLD:AAF4632,Animalia,Arthropoda,Insecta,Diptera,Limoniidae,Epiphragma,Epiphragma solatrix,19,9/15/2017,Egner,B,9/18/2017,82,Single
9152017EgnerB2,OTU1223,GS,97.8,BOLD:ABV9238,Animalia,Arthropoda,Insecta,Diptera,Limoniidae,Gonomyia,NA,8,9/15/2017,Egner,B,9/18/2017,82,Single
9152017EgnerB2,OTU1308,GS,100,BOLD:ACF1754,Animalia,Arthropoda,Insecta,Lepidoptera,Pyralidae,Salebriaria,Salebriaria engeli,53,9/15/2017,Egner,B,9/18/2017,82,Single
9152017EgnerB2,OTU1357,GS,99.4,BOLD:AAH5561,Animalia,Arthropoda,Insecta,Lepidoptera,Gelechiidae,Isophrictis,Isophrictis actinopa,151,9/15/2017,Egner,B,9/18/2017,82,Single
9152017EgnerB2,OTU1369,GS,100,BOLD:ACJ5132,Animalia,Arthropoda,Insecta,Diptera,Chloropidae,Chlorops,NA,56,9/15/2017,Egner,B,9/18/2017,82,Single
9152017EgnerB2,OTU1417,SS,0.74,BOLD:AAJ2923,Animalia,Arthropoda,Insecta,Hemiptera,NA,NA,NA,1,9/15/2017,Egner,B,9/18/2017,82,Single
9152017EgnerB2,OTU1430,GS,99.4,BOLD:AAF9890,Animalia,Arthropoda,Insecta,Orthoptera,Gryllidae,Oecanthus,Oecanthus niveus,22,9/15/2017,Egner,B,9/18/2017,82,Single
9152017EgnerB2,OTU1453,GS,97.2,BOLD:AAH5561,Animalia,Arthropoda,Insecta,Lepidoptera,Gelechiidae,Isophrictis,Isophrictis actinopa,63,9/15/2017,Egner,B,9/18/2017,82,Single
9152017EgnerB2,OTU1519,US,0.0026,BOLD:ACF0083,Animalia,Arthropoda,Insecta,Diptera,NA,NA,NA,7,9/15/2017,Egner,B,9/18/2017,82,Single
9152017EgnerB2,OTU1520,GS,97.8,BOLD:AAH8501,Animalia,Arthropoda,Insecta,Lepidoptera,Gracillariidae,Phyllonorycter,Phyllonorycter cytisifoliae,46,9/15/2017,Egner,B,9/18/2017,82,Single
9152017EgnerB2,OTU1532,US,0,BOLD:AAL9057,Animalia,Arthropoda,Insecta,Diptera,NA,NA,NA,14,9/15/2017,Egner,B,9/18/2017,82,Single
9152017EgnerB2,OTU1748,SS,0.6,BOLD:ACF8409,Animalia,Arthropoda,Insecta,Diptera,NA,NA,NA,1,9/15/2017,Egner,B,9/18/2017,82,Single
9152017EgnerB2,OTU1871,SS,0.85,BOLD:AAG3848,Animalia,Arthropoda,Insecta,Diptera,Culicidae,Culex,Culex erraticus,1,9/15/2017,Egner,B,9/18/2017,82,Single
9152017EgnerB2,OTU1875,SS,0.92,BOLD:AAI1618,Animalia,Arthropoda,Insecta,Diptera,Culicidae,Coquillettidia,Coquillettidia perturbans,2,9/15/2017,Egner,B,9/18/2017,82,Single
9152017EgnerB2,OTU1885,SS,0.5,BOLD:AAG4573,Animalia,Arthropoda,Insecta,Diptera,NA,NA,NA,13,9/15/2017,Egner,B,9/18/2017,82,Single
9152017EgnerB3,OTU1,US,0.0026,BOLD:AAD6798,Animalia,Arthropoda,Insecta,Diptera,NA,NA,NA,262,9/15/2017,Egner,B,9/18/2017,82,Single
9152017EgnerB3,OTU6,GS,99.4,BOLD:ACZ2169,Animalia,Arthropoda,Insecta,Hemiptera,Cicadellidae,Gyponana,NA,22536,9/15/2017,Egner,B,9/18/2017,82,Single
9152017EgnerB3,OTU7,GS,100,BOLD:AAF4632,Animalia,Arthropoda,Insecta,Diptera,Limoniidae,Epiphragma,Epiphragma solatrix,367,9/15/2017,Egner,B,9/18/2017,82,Single
9152017EgnerB3,OTU9,US,0.7924,BOLD:AAG8502,Animalia,Arthropoda,Insecta,NA,NA,NA,NA,502,9/15/2017,Egner,B,9/18/2017,82,Single
9152017EgnerB3,OTU11,GS,99.4,BOLD:AAG3848,Animalia,Arthropoda,Insecta,Diptera,Culicidae,Culex,Culex erraticus,292,9/15/2017,Egner,B,9/18/2017,82,Single
9152017EgnerB3,OTU13,GS,100,BOLD:ABV1771,Animalia,Arthropoda,Insecta,Diptera,Limoniidae,NA,NA,2008,9/15/2017,Egner,B,9/18/2017,82,Single
9152017EgnerB3,OTU14,GS,99.4,BOLD:AAO3940,Animalia,Arthropoda,Insecta,Diptera,Limoniidae,Rhipidia,NA,540,9/15/2017,Egner,B,9/18/2017,82,Single
9152017EgnerB3,OTU16,GS,100,BOLD:AAA7067,Animalia,Arthropoda,Insecta,Diptera,Culicidae,Aedes,Aedes vexans,875,9/15/2017,Egner,B,9/18/2017,82,Single
9152017EgnerB3,OTU57,GS,100,BOLD:AAI1618,Animalia,Arthropoda,Insecta,Diptera,Culicidae,Coquillettidia,Coquillettidia perturbans,99,9/15/2017,Egner,B,9/18/2017,82,Single
9152017EgnerB3,OTU71,GSL,100,BOLD:AAA7661,Animalia,Arthropoda,Insecta,Diptera,Culicidae,NA,NA,68,9/15/2017,Egner,B,9/18/2017,82,Single
9152017EgnerB3,OTU78,US,1,BOLD:AAY8864,Animalia,Arthropoda,Insecta,Diptera,NA,NA,NA,74,9/15/2017,Egner,B,9/18/2017,82,Single
9152017EgnerB3,OTU99,US,1,BOLD:ACF7919,Animalia,Arthropoda,Collembola,Poduromorpha,NA,NA,NA,137,9/15/2017,Egner,B,9/18/2017,82,Single
9152017EgnerB3,OTU197,GS,100,BOLD:AAN6380,Animalia,Arthropoda,Arachnida,Araneae,Araneidae,Neoscona,NA,148,9/15/2017,Egner,B,9/18/2017,82,Single
9152017EgnerB3,OTU216,GS,100,BOLD:AAG5659,Animalia,Arthropoda,Arachnida,Araneae,Tetragnathidae,Tetragnatha,Tetragnatha viridis,82,9/15/2017,Egner,B,9/18/2017,82,Single
9152017EgnerB3,OTU248,SS,0.79,BOLD:ABX5321,Animalia,Arthropoda,Insecta,Diptera,Tipulidae,NA,NA,36,9/15/2017,Egner,B,9/18/2017,82,Single
9152017EgnerB3,OTU252,GS,100,BOLD:AAC6739,Animalia,Arthropoda,Insecta,Lepidoptera,Coleophoridae,Coleophora,Coleophora borea,471,9/15/2017,Egner,B,9/18/2017,82,Single
9152017EgnerB3,OTU271,GS,98.9,BOLD:ABX3627,Animalia,Arthropoda,Insecta,Diptera,Limoniidae,NA,NA,23,9/15/2017,Egner,B,9/18/2017,82,Single
9152017EgnerB3,OTU278,GS,100,BOLD:AAB3590,Animalia,Arthropoda,Insecta,Lepidoptera,Gelechiidae,Chionodes,Chionodes discoocellella,85,9/15/2017,Egner,B,9/18/2017,82,Single
9152017EgnerB3,OTU284,GS,100,BOLD:AAC6665,Animalia,Arthropoda,Insecta,Lepidoptera,Tortricidae,Aethes,Aethes angulatana,489,9/15/2017,Egner,B,9/18/2017,82,Single
9152017EgnerB3,OTU293,GS,100,BOLD:AAU4100,Animalia,Arthropoda,Insecta,Lepidoptera,Gracillariidae,Cameraria,Cameraria hamadryadella,15,9/15/2017,Egner,B,9/18/2017,82,Single
9152017EgnerB3,OTU318,GS,100,BOLD:AAG7716,Animalia,Arthropoda,Insecta,Hymenoptera,Braconidae,Macrocentrus,NA,33,9/15/2017,Egner,B,9/18/2017,82,Single
9152017EgnerB3,OTU375,GS,100,BOLD:AAG2878,Animalia,Arthropoda,Insecta,Hemiptera,Cicadellidae,Gyponana,Gyponana extenda,48,9/15/2017,Egner,B,9/18/2017,82,Single
9152017EgnerB3,OTU392,US,1,None,Animalia,Arthropoda,Insecta,Diptera,NA,NA,NA,23,9/15/2017,Egner,B,9/18/2017,82,Single
9152017EgnerB3,OTU398,GS,98.9,BOLD:ACE4129,Animalia,Arthropoda,Insecta,Lepidoptera,Tortricidae,Cydia,Cydia latiferreana,10,9/15/2017,Egner,B,9/18/2017,82,Single
9152017EgnerB3,OTU466,SS,0.16,BOLD:AAI3871,Animalia,Arthropoda,Insecta,Lepidoptera,NA,NA,NA,30,9/15/2017,Egner,B,9/18/2017,82,Single
9152017EgnerB3,OTU482,GS,97.8,BOLD:AAA4751,Animalia,Arthropoda,Insecta,Diptera,Culicidae,Culex,Culex quinquefasciatus,61,9/15/2017,Egner,B,9/18/2017,82,Single
9152017EgnerB3,OTU494,GS,99.4,BOLD:AAH3231,Animalia,Arthropoda,Insecta,Psocodea,Psocidae,NA,NA,3,9/15/2017,Egner,B,9/18/2017,82,Single
9152017EgnerB3,OTU612,GS,100,BOLD:AAB2495,Animalia,Arthropoda,Insecta,Lepidoptera,Tortricidae,Epiblema,Epiblema otiosana,9,9/15/2017,Egner,B,9/18/2017,82,Single
9152017EgnerB3,OTU628,US,0.2061,BOLD:AAZ4432,Animalia,Arthropoda,Collembola,Entomobryomorpha,NA,NA,NA,127,9/15/2017,Egner,B,9/18/2017,82,Single
9152017EgnerB3,OTU674,US,0,BOLD:AAG4815,Animalia,Arthropoda,Arachnida,Mesostigmata,NA,NA,NA,8,9/15/2017,Egner,B,9/18/2017,82,Single
9152017EgnerB3,OTU689,SS,0.68,BOLD:ACR6277,Animalia,Arthropoda,Insecta,Hemiptera,NA,NA,NA,3,9/15/2017,Egner,B,9/18/2017,82,Single
9152017EgnerB3,OTU720,GS,99.4,BOLD:AAB5347,Animalia,Arthropoda,Insecta,Lepidoptera,Tortricidae,Paralobesia,Paralobesia liriodendrana,1,9/15/2017,Egner,B,9/18/2017,82,Single
9152017EgnerB3,OTU848,GS,100,BOLD:AAD5417,Animalia,Arthropoda,Arachnida,Araneae,Clubionidae,Clubiona,Clubiona obesa,3,9/15/2017,Egner,B,9/18/2017,82,Single
9152017EgnerB3,OTU1040,SS,0.14,BOLD:AAU6662,Animalia,Arthropoda,Insecta,Diptera,NA,NA,NA,11,9/15/2017,Egner,B,9/18/2017,82,Single
9152017EgnerB3,OTU1088,GS,98.3,BOLD:AAG2878,Animalia,Arthropoda,Insecta,Hemiptera,Cicadellidae,Gyponana,Gyponana extenda,6,9/15/2017,Egner,B,9/18/2017,82,Single
9152017EgnerB3,OTU1090,GS,97.2,BOLD:ABX3627,Animalia,Arthropoda,Insecta,Diptera,Limoniidae,NA,NA,11,9/15/2017,Egner,B,9/18/2017,82,Single
9152017EgnerB3,OTU1112,US,1,BOLD:ACA1403,Animalia,Arthropoda,Collembola,Entomobryomorpha,NA,NA,NA,9,9/15/2017,Egner,B,9/18/2017,82,Single
9152017EgnerB3,OTU1215,GS,100,BOLD:AAB4409,Animalia,Arthropoda,Insecta,Lepidoptera,Tortricidae,Aethes,Aethes biscana,17,9/15/2017,Egner,B,9/18/2017,82,Single
9152017EgnerB3,OTU1293,GS,100,BOLD:AAG8605,Animalia,Arthropoda,Insecta,Lepidoptera,Gelechiidae,Monochroa,NA,3,9/15/2017,Egner,B,9/18/2017,82,Single
9152017EgnerB3,OTU1306,GS,97.2,BOLD:ABX5600,Animalia,Arthropoda,Insecta,Hemiptera,Cicadellidae,Gyponana,Gyponana cana,2,9/15/2017,Egner,B,9/18/2017,82,Single
9152017EgnerB3,OTU1350,GS,97.2,BOLD:AAA7067,Animalia,Arthropoda,Insecta,Diptera,Culicidae,Aedes,Aedes vexans,40,9/15/2017,Egner,B,9/18/2017,82,Single
9152017EgnerB3,OTU1401,SS,0.78,BOLD:AAF9008,Animalia,Arthropoda,Insecta,Diptera,NA,NA,NA,1,9/15/2017,Egner,B,9/18/2017,82,Single
9152017EgnerB3,OTU1464,SS,0.42,BOLD:ABA5086,Animalia,Arthropoda,Insecta,Hemiptera,Cicadellidae,Gyponana,NA,2,9/15/2017,Egner,B,9/18/2017,82,Single
9152017EgnerB3,OTU1497,SS,0.97,BOLD:AAI1618,Animalia,Arthropoda,Insecta,Diptera,Culicidae,Coquillettidia,Coquillettidia perturbans,2,9/15/2017,Egner,B,9/18/2017,82,Single
9152017EgnerB3,OTU1740,SS,0.75,BOLD:ABV1771,Animalia,Arthropoda,Insecta,Diptera,NA,NA,NA,1,9/15/2017,Egner,B,9/18/2017,82,Single
9152017EgnerB4,OTU1,US,0.0026,BOLD:AAD6798,Animalia,Arthropoda,Insecta,Diptera,NA,NA,NA,2318,9/15/2017,Egner,B,9/18/2017,82,Single
9152017EgnerB4,OTU5,GS,99.4,BOLD:AAN5451,Animalia,Arthropoda,Arachnida,Araneae,Araneidae,Eustala,NA,4901,9/15/2017,Egner,B,9/18/2017,82,Single
9152017EgnerB4,OTU6,GS,99.4,BOLD:ACZ2169,Animalia,Arthropoda,Insecta,Hemiptera,Cicadellidae,Gyponana,NA,11286,9/15/2017,Egner,B,9/18/2017,82,Single
9152017EgnerB4,OTU15,GS,100,BOLD:ABZ0908,Animalia,Arthropoda,Insecta,Diptera,Tipulidae,Nephrotoma,Nephrotoma ferruginea,250,9/15/2017,Egner,B,9/18/2017,82,Single
9152017EgnerB4,OTU16,GS,100,BOLD:AAA7067,Animalia,Arthropoda,Insecta,Diptera,Culicidae,Aedes,Aedes vexans,332,9/15/2017,Egner,B,9/18/2017,82,Single
9152017EgnerB4,OTU84,GS,97.8,BOLD:ABU5821,Animalia,Arthropoda,Insecta,Diptera,Tipulidae,Tipula,Tipula sayi,633,9/15/2017,Egner,B,9/18/2017,82,Single
9152017EgnerB4,OTU94,US,0,BOLD:ACO4929,Animalia,Arthropoda,Insecta,Hymenoptera,NA,NA,NA,91,9/15/2017,Egner,B,9/18/2017,82,Single
9152017EgnerB4,OTU101,US,0.2887,None,Animalia,Arthropoda,Insecta,Hemiptera,NA,NA,NA,143,9/15/2017,Egner,B,9/18/2017,82,Single
9152017EgnerB4,OTU106,US,1,None,Animalia,Arthropoda,Insecta,Coleoptera,NA,NA,NA,109,9/15/2017,Egner,B,9/18/2017,82,Single
9152017EgnerB4,OTU123,GS,99.4,BOLD:AAM8787,Animalia,Arthropoda,Insecta,Lepidoptera,Gelechiidae,Dichomeris,Dichomeris laetitia,25,9/15/2017,Egner,B,9/18/2017,82,Single
9152017EgnerB4,OTU150,GS,100,BOLD:AAA7272,Animalia,Arthropoda,Arachnida,Araneae,Dictynidae,Emblyna,Emblyna sublata,45,9/15/2017,Egner,B,9/18/2017,82,Single
9152017EgnerB4,OTU156,GS,100,BOLD:AAG3849,Animalia,Arthropoda,Insecta,Diptera,Culicidae,Psorophora,Psorophora ciliata,1531,9/15/2017,Egner,B,9/18/2017,82,Single
9152017EgnerB4,OTU159,US,1,BOLD:ACG2017,Animalia,Arthropoda,Insecta,Coleoptera,NA,NA,NA,74,9/15/2017,Egner,B,9/18/2017,82,Single
9152017EgnerB4,OTU180,GS,100,BOLD:AAM8933,Animalia,Arthropoda,Insecta,Psocodea,Amphipsocidae,Polypsocus,Polypsocus corruptus,8,9/15/2017,Egner,B,9/18/2017,82,Single
9152017EgnerB4,OTU248,SS,0.79,BOLD:ABX5321,Animalia,Arthropoda,Insecta,Diptera,Tipulidae,NA,NA,265,9/15/2017,Egner,B,9/18/2017,82,Single
9152017EgnerB4,OTU251,GS,100,BOLD:ACC4576,Animalia,Arthropoda,Insecta,Diptera,Culicidae,Psorophora,Psorophora howardii,4140,9/15/2017,Egner,B,9/18/2017,82,Single
9152017EgnerB4,OTU252,GS,100,BOLD:AAC6739,Animalia,Arthropoda,Insecta,Lepidoptera,Coleophoridae,Coleophora,Coleophora borea,91,9/15/2017,Egner,B,9/18/2017,82,Single
9152017EgnerB4,OTU265,GS,100,BOLD:AAQ3192,Animalia,Arthropoda,Insecta,Lepidoptera,Dryadaulidae,Dryadaula,NA,18,9/15/2017,Egner,B,9/18/2017,82,Single
9152017EgnerB4,OTU278,GS,100,BOLD:AAB3590,Animalia,Arthropoda,Insecta,Lepidoptera,Gelechiidae,Chionodes,Chionodes discoocellella,19,9/15/2017,Egner,B,9/18/2017,82,Single
9152017EgnerB4,OTU364,GS,100,BOLD:AAF8338,Animalia,Arthropoda,Insecta,Diptera,Tipulidae,Tipula,Tipula furca,74,9/15/2017,Egner,B,9/18/2017,82,Single
9152017EgnerB4,OTU375,GS,100,BOLD:AAG2878,Animalia,Arthropoda,Insecta,Hemiptera,Cicadellidae,Gyponana,Gyponana extenda,6,9/15/2017,Egner,B,9/18/2017,82,Single
9152017EgnerB4,OTU411,GS,100,BOLD:AAC8166,Animalia,Arthropoda,Insecta,Lepidoptera,NA,NA,NA,335,9/15/2017,Egner,B,9/18/2017,82,Single
9152017EgnerB4,OTU436,GS,100,BOLD:AAC7431,Animalia,Arthropoda,Insecta,Lepidoptera,Nymphalidae,Asterocampa,Asterocampa clyton,5,9/15/2017,Egner,B,9/18/2017,82,Single
9152017EgnerB4,OTU476,US,0,BOLD:AAU6512,Animalia,Arthropoda,Insecta,Neuroptera,NA,NA,NA,61,9/15/2017,Egner,B,9/18/2017,82,Single
9152017EgnerB4,OTU480,GS,100,BOLD:AAP2997,Animalia,Arthropoda,Insecta,Diptera,Chironomidae,NA,NA,9,9/15/2017,Egner,B,9/18/2017,82,Single
9152017EgnerB4,OTU501,GS,100,BOLD:AAA8313,Animalia,Arthropoda,Insecta,Lepidoptera,Noctuidae,Athetis,Athetis tarda,4,9/15/2017,Egner,B,9/18/2017,82,Single
9152017EgnerB4,OTU520,US,0.3081,BOLD:ACA6588,Animalia,Arthropoda,Arachnida,Araneae,NA,NA,NA,19,9/15/2017,Egner,B,9/18/2017,82,Single
9152017EgnerB4,OTU541,US,0.9919,BOLD:AAJ2923,Animalia,Arthropoda,Insecta,Hemiptera,NA,NA,NA,1,9/15/2017,Egner,B,9/18/2017,82,Single
9152017EgnerB4,OTU576,GS,100,BOLD:AAA5192,Animalia,Arthropoda,Insecta,Lepidoptera,Tortricidae,Platynota,Platynota idaeusalis,9,9/15/2017,Egner,B,9/18/2017,82,Single
9152017EgnerB4,OTU580,GS,98.3,BOLD:ABZ0908,Animalia,Arthropoda,Insecta,Diptera,Tipulidae,Nephrotoma,Nephrotoma ferruginea,33,9/15/2017,Egner,B,9/18/2017,82,Single
9152017EgnerB4,OTU628,US,0.2061,BOLD:AAZ4432,Animalia,Arthropoda,Collembola,Entomobryomorpha,NA,NA,NA,4,9/15/2017,Egner,B,9/18/2017,82,Single
9152017EgnerB4,OTU689,SS,0.68,BOLD:ACR6277,Animalia,Arthropoda,Insecta,Hemiptera,NA,NA,NA,1,9/15/2017,Egner,B,9/18/2017,82,Single
9152017EgnerB4,OTU716,US,0,None,Animalia,Arthropoda,Insecta,Diptera,NA,NA,NA,5,9/15/2017,Egner,B,9/18/2017,82,Single
9152017EgnerB4,OTU757,GS,100,BOLD:ABA3960,Animalia,Arthropoda,Insecta,Coleoptera,Chrysomelidae,Paria,Paria fragariae,2,9/15/2017,Egner,B,9/18/2017,82,Single
9152017EgnerB4,OTU767,GS,100,BOLD:AAC7129,Animalia,Arthropoda,Insecta,Lepidoptera,Tischeriidae,Coptotriche,Coptotriche citrinipennella,9,9/15/2017,Egner,B,9/18/2017,82,Single
9152017EgnerB4,OTU844,GS,100,BOLD:AAH5546,Animalia,Arthropoda,Insecta,Lepidoptera,Gelechiidae,Frumenta,Frumenta nundinella,126,9/15/2017,Egner,B,9/18/2017,82,Single
9152017EgnerB4,OTU876,US,0.2887,None,Animalia,Arthropoda,Insecta,Hymenoptera,NA,NA,NA,1,9/15/2017,Egner,B,9/18/2017,82,Single
9152017EgnerB4,OTU889,US,0.2887,BOLD:ACX4809,Animalia,Arthropoda,Insecta,Lepidoptera,NA,NA,NA,3,9/15/2017,Egner,B,9/18/2017,82,Single
9152017EgnerB4,OTU976,GS,97.2,BOLD:AAA5872,Animalia,Arthropoda,Insecta,Lepidoptera,Gelechiidae,Chionodes,Chionodes mediofuscella,4,9/15/2017,Egner,B,9/18/2017,82,Single
9152017EgnerB4,OTU1031,GS,100,BOLD:AAY2624,Animalia,Arthropoda,Insecta,Hemiptera,Aphididae,Grylloprociphilus,Grylloprociphilus imbricator,7,9/15/2017,Egner,B,9/18/2017,82,Single
9152017EgnerB4,OTU1097,GS,97.2,BOLD:AAN5451,Animalia,Arthropoda,Arachnida,Araneae,Araneidae,Eustala,NA,84,9/15/2017,Egner,B,9/18/2017,82,Single
9152017EgnerB4,OTU1116,SS,0.5,BOLD:ABZ0908,Animalia,Arthropoda,Insecta,Diptera,NA,NA,NA,35,9/15/2017,Egner,B,9/18/2017,82,Single
9152017EgnerB4,OTU1212,SS,0.52,BOLD:ABX7282,Animalia,Arthropoda,Insecta,Hemiptera,NA,NA,NA,32,9/15/2017,Egner,B,9/18/2017,82,Single
9152017EgnerB4,OTU1269,US,0.9546,BOLD:ACG8002,Animalia,Arthropoda,Arachnida,Araneae,NA,NA,NA,53,9/15/2017,Egner,B,9/18/2017,82,Single
9152017EgnerB4,OTU1293,GS,100,BOLD:AAG8605,Animalia,Arthropoda,Insecta,Lepidoptera,Gelechiidae,Monochroa,NA,6,9/15/2017,Egner,B,9/18/2017,82,Single
9152017EgnerB4,OTU1307,US,0,BOLD:AAC7707,Animalia,Arthropoda,Insecta,Hymenoptera,NA,NA,NA,6,9/15/2017,Egner,B,9/18/2017,82,Single
9152017EgnerB4,OTU1317,SS,0.01,BOLD:AAN5451,Animalia,Arthropoda,Arachnida,Araneae,Araneidae,Eustala,NA,4,9/15/2017,Egner,B,9/18/2017,82,Single
9152017EgnerB4,OTU1482,SS,0.87,BOLD:AAF9008,Animalia,Arthropoda,Insecta,Diptera,Limoniidae,Helius,Helius flavipes,6,9/15/2017,Egner,B,9/18/2017,82,Single
9152017EgnerB4,OTU1514,SS,0.75,BOLD:ABX5321,Animalia,Arthropoda,Insecta,Diptera,NA,NA,NA,7,9/15/2017,Egner,B,9/18/2017,82,Single
9152017EgnerB4,OTU1554,SS,0.92,BOLD:AAP2734,Animalia,Arthropoda,Insecta,Diptera,Limoniidae,Erioptera,Erioptera parva,6,9/15/2017,Egner,B,9/18/2017,82,Single
9152017EgnerB4,OTU1748,SS,0.6,BOLD:ACF8409,Animalia,Arthropoda,Insecta,Diptera,NA,NA,NA,1,9/15/2017,Egner,B,9/18/2017,82,Single
9152017EgnerB4,OTU1818,GS,97.9,BOLD:AAF4632,Animalia,Arthropoda,Insecta,Diptera,Limoniidae,Epiphragma,Epiphragma solatrix,1,9/15/2017,Egner,B,9/18/2017,82,Single
9152017EgnerB4,OTU1883,GS,100,BOLD:AAG8491,Animalia,Arthropoda,Insecta,Diptera,Drosophilidae,Scaptomyza,Scaptomyza adusta,15,9/15/2017,Egner,B,9/18/2017,82,Single
9152017EgnerD1,OTU6,GS,99.4,BOLD:ACZ2169,Animalia,Arthropoda,Insecta,Hemiptera,Cicadellidae,Gyponana,NA,9934,9/15/2017,Egner,D,9/18/2017,25,Single
9152017EgnerD1,OTU7,GS,100,BOLD:AAF4632,Animalia,Arthropoda,Insecta,Diptera,Limoniidae,Epiphragma,Epiphragma solatrix,4547,9/15/2017,Egner,D,9/18/2017,25,Single
9152017EgnerD1,OTU13,GS,100,BOLD:ABV1771,Animalia,Arthropoda,Insecta,Diptera,Limoniidae,NA,NA,1063,9/15/2017,Egner,D,9/18/2017,25,Single
9152017EgnerD1,OTU16,GS,100,BOLD:AAA7067,Animalia,Arthropoda,Insecta,Diptera,Culicidae,Aedes,Aedes vexans,2403,9/15/2017,Egner,D,9/18/2017,25,Single
9152017EgnerD1,OTU23,GS,100,BOLD:AAF9008,Animalia,Arthropoda,Insecta,Diptera,Limoniidae,Helius,Helius flavipes,1219,9/15/2017,Egner,D,9/18/2017,25,Single
9152017EgnerD1,OTU32,GS,99.4,BOLD:AAD0637,Animalia,Arthropoda,Insecta,Trichoptera,Phryganeidae,Ptilostomis,Ptilostomis postica,6170,9/15/2017,Egner,D,9/18/2017,25,Single
9152017EgnerD1,OTU76,US,1,BOLD:ACY1454,Animalia,Arthropoda,Insecta,Hemiptera,NA,NA,NA,362,9/15/2017,Egner,D,9/18/2017,25,Single
9152017EgnerD1,OTU97,GS,100,BOLD:AAB7935,Animalia,Arthropoda,Arachnida,Araneae,Araneidae,Eustala,Eustala cepina,2344,9/15/2017,Egner,D,9/18/2017,25,Single
9152017EgnerD1,OTU99,US,1,BOLD:ACF7919,Animalia,Arthropoda,Collembola,Poduromorpha,NA,NA,NA,118,9/15/2017,Egner,D,9/18/2017,25,Single
9152017EgnerD1,OTU161,GS,100,BOLD:AAA8840,Animalia,Arthropoda,Insecta,Lepidoptera,Tortricidae,Pandemis,Pandemis lamprosana,459,9/15/2017,Egner,D,9/18/2017,25,Single
9152017EgnerD1,OTU180,GS,100,BOLD:AAM8933,Animalia,Arthropoda,Insecta,Psocodea,Amphipsocidae,Polypsocus,Polypsocus corruptus,23,9/15/2017,Egner,D,9/18/2017,25,Single
9152017EgnerD1,OTU190,GS,100,BOLD:ABY7666,Animalia,Arthropoda,Insecta,Diptera,Culicidae,Culex,Culex territans,30,9/15/2017,Egner,D,9/18/2017,25,Single
9152017EgnerD1,OTU259,US,0.9963,BOLD:AAL6280,Animalia,Arthropoda,Arachnida,Araneae,NA,NA,NA,111,9/15/2017,Egner,D,9/18/2017,25,Single
9152017EgnerD1,OTU263,GS,98.9,BOLD:AAC4322,Animalia,Arthropoda,Insecta,Lepidoptera,Tortricidae,Platynota,Platynota flavedana,120,9/15/2017,Egner,D,9/18/2017,25,Single
9152017EgnerD1,OTU279,US,0.9881,BOLD:AAL9881,Animalia,Arthropoda,Arachnida,Araneae,NA,NA,NA,17,9/15/2017,Egner,D,9/18/2017,25,Single
9152017EgnerD1,OTU291,GS,100,BOLD:AAI2439,Animalia,Arthropoda,Insecta,Lepidoptera,Tineidae,Pelecystola,Pelecystola nearctica,1713,9/15/2017,Egner,D,9/18/2017,25,Single
9152017EgnerD1,OTU375,GS,100,BOLD:AAG2878,Animalia,Arthropoda,Insecta,Hemiptera,Cicadellidae,Gyponana,Gyponana extenda,130,9/15/2017,Egner,D,9/18/2017,25,Single
9152017EgnerD1,OTU512,US,0,BOLD:AAD5415,Animalia,Arthropoda,Insecta,Diptera,NA,NA,NA,272,9/15/2017,Egner,D,9/18/2017,25,Single
9152017EgnerD1,OTU539,GS,100,BOLD:AAC0360,Animalia,Arthropoda,Insecta,Trichoptera,Phryganeidae,Agrypnia,Agrypnia vestita,579,9/15/2017,Egner,D,9/18/2017,25,Single
9152017EgnerD1,OTU576,GS,100,BOLD:AAA5192,Animalia,Arthropoda,Insecta,Lepidoptera,Tortricidae,Platynota,Platynota idaeusalis,5,9/15/2017,Egner,D,9/18/2017,25,Single
9152017EgnerD1,OTU577,GS,100,BOLD:AAF4509,Animalia,Arthropoda,Insecta,Lepidoptera,Momphidae,Mompha,Mompha cephalonthiella,100,9/15/2017,Egner,D,9/18/2017,25,Single
9152017EgnerD1,OTU735,GS,99.4,BOLD:AAJ7964,Animalia,Arthropoda,Arachnida,Araneae,Araneidae,Araneus,Araneus thaddeus,2,9/15/2017,Egner,D,9/18/2017,25,Single
9152017EgnerD1,OTU848,GS,100,BOLD:AAD5417,Animalia,Arthropoda,Arachnida,Araneae,Clubionidae,Clubiona,Clubiona obesa,39,9/15/2017,Egner,D,9/18/2017,25,Single
9152017EgnerD1,OTU863,US,1,BOLD:ACF7687,Animalia,Arthropoda,Arachnida,Araneae,NA,NA,NA,7,9/15/2017,Egner,D,9/18/2017,25,Single
9152017EgnerD1,OTU1049,US,0,BOLD:AAM3890,Animalia,Arthropoda,Arachnida,Sarcoptiformes,NA,NA,NA,85,9/15/2017,Egner,D,9/18/2017,25,Single
9152017EgnerD1,OTU1069,US,1,BOLD:ACK5963,Animalia,Arthropoda,Diplopoda,Polydesmida,NA,NA,NA,51,9/15/2017,Egner,D,9/18/2017,25,Single
9152017EgnerD1,OTU1088,GS,98.3,BOLD:AAG2878,Animalia,Arthropoda,Insecta,Hemiptera,Cicadellidae,Gyponana,Gyponana extenda,6,9/15/2017,Egner,D,9/18/2017,25,Single
9152017EgnerD1,OTU1265,SS,0.83,BOLD:AAF4632,Animalia,Arthropoda,Insecta,Diptera,Limoniidae,Epiphragma,Epiphragma solatrix,10,9/15/2017,Egner,D,9/18/2017,25,Single
9152017EgnerD1,OTU1306,GS,97.2,BOLD:ABX5600,Animalia,Arthropoda,Insecta,Hemiptera,Cicadellidae,Gyponana,Gyponana cana,1,9/15/2017,Egner,D,9/18/2017,25,Single
9152017EgnerD1,OTU1422,GS,99.4,BOLD:ABA6440,Animalia,Arthropoda,Insecta,Diptera,Chironomidae,Polypedilum,NA,43,9/15/2017,Egner,D,9/18/2017,25,Single
9152017EgnerD1,OTU1434,GS,97.6,BOLD:AAA7067,Animalia,Arthropoda,Insecta,Diptera,Culicidae,Aedes,Aedes vexans,3,9/15/2017,Egner,D,9/18/2017,25,Single
9152017EgnerD1,OTU1464,SS,0.42,BOLD:ABA5086,Animalia,Arthropoda,Insecta,Hemiptera,Cicadellidae,Gyponana,NA,25,9/15/2017,Egner,D,9/18/2017,25,Single
9152017EgnerD1,OTU1494,US,0.8732,BOLD:AAF4632,Animalia,Arthropoda,Insecta,Diptera,NA,NA,NA,4,9/15/2017,Egner,D,9/18/2017,25,Single
9152017EgnerD1,OTU1522,SS,0.57,BOLD:AAF9008,Animalia,Arthropoda,Insecta,Diptera,NA,NA,NA,9,9/15/2017,Egner,D,9/18/2017,25,Single
9152017EgnerD1,OTU1683,SS,0.84,BOLD:AAF4632,Animalia,Arthropoda,Insecta,Diptera,Limoniidae,Epiphragma,Epiphragma solatrix,146,9/15/2017,Egner,D,9/18/2017,25,Single
9152017EgnerD1,OTU1726,US,1,None,Animalia,Arthropoda,Insecta,Diptera,NA,NA,NA,17,9/15/2017,Egner,D,9/18/2017,25,Single
9152017EgnerD1,OTU1740,SS,0.75,BOLD:ABV1771,Animalia,Arthropoda,Insecta,Diptera,NA,NA,NA,2,9/15/2017,Egner,D,9/18/2017,25,Single
9152017EgnerD1,OTU1746,GS,97.2,BOLD:ACE9691,Animalia,Arthropoda,Insecta,Hemiptera,Cicadellidae,Gyponana,Gyponana brevita,1,9/15/2017,Egner,D,9/18/2017,25,Single
9152017EgnerD2,OTU2,GS,100,BOLD:AAH3225,Animalia,Arthropoda,Insecta,Psocodea,Psocidae,Metylophorus,Metylophorus novaescotiae,5278,9/15/2017,Egner,D,9/18/2017,25,Single
9152017EgnerD2,OTU5,GS,99.4,BOLD:AAN5451,Animalia,Arthropoda,Arachnida,Araneae,Araneidae,Eustala,NA,13204,9/15/2017,Egner,D,9/18/2017,25,Single
9152017EgnerD2,OTU13,GS,100,BOLD:ABV1771,Animalia,Arthropoda,Insecta,Diptera,Limoniidae,NA,NA,40620,9/15/2017,Egner,D,9/18/2017,25,Single
9152017EgnerD2,OTU14,GS,99.4,BOLD:AAO3940,Animalia,Arthropoda,Insecta,Diptera,Limoniidae,Rhipidia,NA,19396,9/15/2017,Egner,D,9/18/2017,25,Single
9152017EgnerD2,OTU28,GS,100,BOLD:AAM6784,Animalia,Arthropoda,Insecta,Diptera,Dolichopodidae,NA,NA,8602,9/15/2017,Egner,D,9/18/2017,25,Single
9152017EgnerD2,OTU65,GS,100,BOLD:AAA1517,Animalia,Arthropoda,Insecta,Lepidoptera,Tortricidae,Choristoneura,Choristoneura rosaceana,1894,9/15/2017,Egner,D,9/18/2017,25,Single
9152017EgnerD2,OTU78,US,1,BOLD:AAY8864,Animalia,Arthropoda,Insecta,Diptera,NA,NA,NA,477,9/15/2017,Egner,D,9/18/2017,25,Single
9152017EgnerD2,OTU118,US,1,None,Animalia,Arthropoda,Arachnida,Mesostigmata,NA,NA,NA,146,9/15/2017,Egner,D,9/18/2017,25,Single
9152017EgnerD2,OTU129,GS,100,BOLD:AAG2647,Animalia,Arthropoda,Insecta,Diptera,Chaoboridae,Chaoborus,Chaoborus punctipennis,6332,9/15/2017,Egner,D,9/18/2017,25,Single
9152017EgnerD2,OTU277,GS,99.4,BOLD:ABX3358,Animalia,Arthropoda,Insecta,Diptera,Chironomidae,NA,NA,71,9/15/2017,Egner,D,9/18/2017,25,Single
9152017EgnerD2,OTU284,GS,100,BOLD:AAC6665,Animalia,Arthropoda,Insecta,Lepidoptera,Tortricidae,Aethes,Aethes angulatana,210,9/15/2017,Egner,D,9/18/2017,25,Single
9152017EgnerD2,OTU293,GS,100,BOLD:AAU4100,Animalia,Arthropoda,Insecta,Lepidoptera,Gracillariidae,Cameraria,Cameraria hamadryadella,317,9/15/2017,Egner,D,9/18/2017,25,Single
9152017EgnerD2,OTU318,GS,100,BOLD:AAG7716,Animalia,Arthropoda,Insecta,Hymenoptera,Braconidae,Macrocentrus,NA,613,9/15/2017,Egner,D,9/18/2017,25,Single
9152017EgnerD2,OTU364,GS,100,BOLD:AAF8338,Animalia,Arthropoda,Insecta,Diptera,Tipulidae,Tipula,Tipula furca,126,9/15/2017,Egner,D,9/18/2017,25,Single
9152017EgnerD2,OTU413,GS,100,BOLD:AAA0399,Animalia,Arthropoda,Insecta,Lepidoptera,Crambidae,Elophila,Elophila obliteralis,63,9/15/2017,Egner,D,9/18/2017,25,Single
9152017EgnerD2,OTU480,GS,100,BOLD:AAP2997,Animalia,Arthropoda,Insecta,Diptera,Chironomidae,NA,NA,235,9/15/2017,Egner,D,9/18/2017,25,Single
9152017EgnerD2,OTU485,GS,100,BOLD:ABW1514,Animalia,Arthropoda,Insecta,Diptera,Chironomidae,Tanypus,NA,517,9/15/2017,Egner,D,9/18/2017,25,Single
9152017EgnerD2,OTU577,GS,100,BOLD:AAF4509,Animalia,Arthropoda,Insecta,Lepidoptera,Momphidae,Mompha,Mompha cephalonthiella,65,9/15/2017,Egner,D,9/18/2017,25,Single
9152017EgnerD2,OTU582,US,0,BOLD:ACR2991,Animalia,Arthropoda,Insecta,Lepidoptera,NA,NA,NA,62,9/15/2017,Egner,D,9/18/2017,25,Single
9152017EgnerD2,OTU598,GS,100,BOLD:AAN7492,Animalia,Arthropoda,Insecta,Neuroptera,Hemerobiidae,Hemerobius,Hemerobius humulinus,15,9/15/2017,Egner,D,9/18/2017,25,Single
9152017EgnerD2,OTU674,US,0,BOLD:AAG4815,Animalia,Arthropoda,Arachnida,Mesostigmata,NA,NA,NA,4,9/15/2017,Egner,D,9/18/2017,25,Single
9152017EgnerD2,OTU685,SS,0.6,BOLD:ACR2991,Animalia,Arthropoda,Insecta,NA,NA,NA,NA,97,9/15/2017,Egner,D,9/18/2017,25,Single
9152017EgnerD2,OTU689,SS,0.68,BOLD:ACR6277,Animalia,Arthropoda,Insecta,Hemiptera,NA,NA,NA,19,9/15/2017,Egner,D,9/18/2017,25,Single
9152017EgnerD2,OTU766,US,0.1429,BOLD:ACA2652,Animalia,Arthropoda,Insecta,Trichoptera,NA,NA,NA,1,9/15/2017,Egner,D,9/18/2017,25,Single
9152017EgnerD2,OTU782,US,0.2833,BOLD:ACW7520,Animalia,Arthropoda,Insecta,Diptera,NA,NA,NA,69,9/15/2017,Egner,D,9/18/2017,25,Single
9152017EgnerD2,OTU804,GS,100,BOLD:AAA9813,Animalia,Arthropoda,Insecta,Lepidoptera,Erebidae,Tetanolita,Tetanolita mynesalis,281,9/15/2017,Egner,D,9/18/2017,25,Single
9152017EgnerD2,OTU848,GS,100,BOLD:AAD5417,Animalia,Arthropoda,Arachnida,Araneae,Clubionidae,Clubiona,Clubiona obesa,71,9/15/2017,Egner,D,9/18/2017,25,Single
9152017EgnerD2,OTU858,GS,99.4,BOLD:AAP1271,Animalia,Arthropoda,Insecta,Diptera,Chironomidae,NA,NA,193,9/15/2017,Egner,D,9/18/2017,25,Single
9152017EgnerD2,OTU874,US,0,BOLD:AAN6361,Animalia,Arthropoda,Arachnida,Araneae,NA,NA,NA,221,9/15/2017,Egner,D,9/18/2017,25,Single
9152017EgnerD2,OTU887,SS,0.74,BOLD:ABX5321,Animalia,Arthropoda,Insecta,Diptera,NA,NA,NA,82,9/15/2017,Egner,D,9/18/2017,25,Single
9152017EgnerD2,OTU935,SS,0.01,BOLD:AAO3940,Animalia,Arthropoda,Insecta,Diptera,Limoniidae,Rhipidia,NA,29,9/15/2017,Egner,D,9/18/2017,25,Single
9152017EgnerD2,OTU979,US,0.2887,None,Animalia,Arthropoda,Arachnida,Araneae,NA,NA,NA,83,9/15/2017,Egner,D,9/18/2017,25,Single
9152017EgnerD2,OTU1047,GS,99.4,BOLD:ACC8989,Animalia,Arthropoda,Insecta,Lepidoptera,Batrachedridae,Batrachedra,NA,1,9/15/2017,Egner,D,9/18/2017,25,Single
9152017EgnerD2,OTU1097,GS,97.2,BOLD:AAN5451,Animalia,Arthropoda,Arachnida,Araneae,Araneidae,Eustala,NA,476,9/15/2017,Egner,D,9/18/2017,25,Single
9152017EgnerD2,OTU1227,US,1,BOLD:ACL0690,Animalia,Arthropoda,Collembola,Entomobryomorpha,NA,NA,NA,50,9/15/2017,Egner,D,9/18/2017,25,Single
9152017EgnerD2,OTU1317,SS,0.01,BOLD:AAN5451,Animalia,Arthropoda,Arachnida,Araneae,Araneidae,Eustala,NA,43,9/15/2017,Egner,D,9/18/2017,25,Single
9152017EgnerD2,OTU1530,GS,100,BOLD:AAI1587,Animalia,Arthropoda,Arachnida,Araneae,Trachelidae,Trachelas,Trachelas similis,1,9/15/2017,Egner,D,9/18/2017,25,Single
9152017EgnerD2,OTU1646,GS,97.8,BOLD:ABZ0149,Animalia,Arthropoda,Insecta,Neuroptera,Hemerobiidae,Hemerobius,Hemerobius discretus,3,9/15/2017,Egner,D,9/18/2017,25,Single
9152017EgnerD2,OTU1740,SS,0.75,BOLD:ABV1771,Animalia,Arthropoda,Insecta,Diptera,NA,NA,NA,4,9/15/2017,Egner,D,9/18/2017,25,Single
9152017EgnerD3,OTU2,GS,100,BOLD:AAH3225,Animalia,Arthropoda,Insecta,Psocodea,Psocidae,Metylophorus,Metylophorus novaescotiae,17414,9/15/2017,Egner,D,9/18/2017,25,Single
9152017EgnerD3,OTU4,GS,100,BOLD:AAN5882,Animalia,Arthropoda,Insecta,Diptera,Limoniidae,Erioptera,Erioptera caliptera,205,9/15/2017,Egner,D,9/18/2017,25,Single
9152017EgnerD3,OTU5,GS,99.4,BOLD:AAN5451,Animalia,Arthropoda,Arachnida,Araneae,Araneidae,Eustala,NA,14005,9/15/2017,Egner,D,9/18/2017,25,Single
9152017EgnerD3,OTU7,GS,100,BOLD:AAF4632,Animalia,Arthropoda,Insecta,Diptera,Limoniidae,Epiphragma,Epiphragma solatrix,388,9/15/2017,Egner,D,9/18/2017,25,Single
9152017EgnerD3,OTU11,GS,99.4,BOLD:AAG3848,Animalia,Arthropoda,Insecta,Diptera,Culicidae,Culex,Culex erraticus,50387,9/15/2017,Egner,D,9/18/2017,25,Single
9152017EgnerD3,OTU13,GS,100,BOLD:ABV1771,Animalia,Arthropoda,Insecta,Diptera,Limoniidae,NA,NA,9719,9/15/2017,Egner,D,9/18/2017,25,Single
9152017EgnerD3,OTU14,GS,99.4,BOLD:AAO3940,Animalia,Arthropoda,Insecta,Diptera,Limoniidae,Rhipidia,NA,4605,9/15/2017,Egner,D,9/18/2017,25,Single
9152017EgnerD3,OTU16,GS,100,BOLD:AAA7067,Animalia,Arthropoda,Insecta,Diptera,Culicidae,Aedes,Aedes vexans,4845,9/15/2017,Egner,D,9/18/2017,25,Single
9152017EgnerD3,OTU32,GS,99.4,BOLD:AAD0637,Animalia,Arthropoda,Insecta,Trichoptera,Phryganeidae,Ptilostomis,Ptilostomis postica,32347,9/15/2017,Egner,D,9/18/2017,25,Single
9152017EgnerD3,OTU70,GS,100,BOLD:ABY9168,Animalia,Arthropoda,Insecta,Lepidoptera,Tortricidae,Clepsis,Clepsis peritana,773,9/15/2017,Egner,D,9/18/2017,25,Single
9152017EgnerD3,OTU71,GSL,100,BOLD:AAA7661,Animalia,Arthropoda,Insecta,Diptera,Culicidae,NA,NA,5636,9/15/2017,Egner,D,9/18/2017,25,Single
9152017EgnerD3,OTU84,GS,97.8,BOLD:ABU5821,Animalia,Arthropoda,Insecta,Diptera,Tipulidae,Tipula,Tipula sayi,5164,9/15/2017,Egner,D,9/18/2017,25,Single
9152017EgnerD3,OTU135,GS,99.4,BOLD:AAA5872,Animalia,Arthropoda,Insecta,Lepidoptera,Gelechiidae,Chionodes,Chionodes mediofuscella,3277,9/15/2017,Egner,D,9/18/2017,25,Single
9152017EgnerD3,OTU158,GS,100,BOLD:AAH3230,Animalia,Arthropoda,Insecta,Psocodea,Psocidae,NA,NA,576,9/15/2017,Egner,D,9/18/2017,25,Single
9152017EgnerD3,OTU173,GS,99.4,BOLD:ABA7621,Animalia,Arthropoda,Insecta,Diptera,Tipulidae,Dolichopeza,Dolichopeza walleyi,1053,9/15/2017,Egner,D,9/18/2017,25,Single
9152017EgnerD3,OTU189,GS,100,BOLD:ABV2225,Animalia,Arthropoda,Insecta,Lepidoptera,Gracillariidae,Caloptilia,NA,264,9/15/2017,Egner,D,9/18/2017,25,Single
9152017EgnerD3,OTU238,GS,100,BOLD:AAC2281,Animalia,Arthropoda,Insecta,Diptera,Culicidae,Anopheles,Anopheles quadrimaculatus,95,9/15/2017,Egner,D,9/18/2017,25,Single
9152017EgnerD3,OTU248,SS,0.79,BOLD:ABX5321,Animalia,Arthropoda,Insecta,Diptera,Tipulidae,NA,NA,3094,9/15/2017,Egner,D,9/18/2017,25,Single
9152017EgnerD3,OTU252,GS,100,BOLD:AAC6739,Animalia,Arthropoda,Insecta,Lepidoptera,Coleophoridae,Coleophora,Coleophora borea,918,9/15/2017,Egner,D,9/18/2017,25,Single
9152017EgnerD3,OTU263,GS,98.9,BOLD:AAC4322,Animalia,Arthropoda,Insecta,Lepidoptera,Tortricidae,Platynota,Platynota flavedana,1407,9/15/2017,Egner,D,9/18/2017,25,Single
9152017EgnerD3,OTU278,GS,100,BOLD:AAB3590,Animalia,Arthropoda,Insecta,Lepidoptera,Gelechiidae,Chionodes,Chionodes discoocellella,1844,9/15/2017,Egner,D,9/18/2017,25,Single
9152017EgnerD3,OTU284,GS,100,BOLD:AAC6665,Animalia,Arthropoda,Insecta,Lepidoptera,Tortricidae,Aethes,Aethes angulatana,1555,9/15/2017,Egner,D,9/18/2017,25,Single
9152017EgnerD3,OTU293,GS,100,BOLD:AAU4100,Animalia,Arthropoda,Insecta,Lepidoptera,Gracillariidae,Cameraria,Cameraria hamadryadella,1109,9/15/2017,Egner,D,9/18/2017,25,Single
9152017EgnerD3,OTU295,GS,97.8,BOLD:AAG3848,Animalia,Arthropoda,Insecta,Diptera,Culicidae,Culex,Culex erraticus,108,9/15/2017,Egner,D,9/18/2017,25,Single
9152017EgnerD3,OTU331,GS,100,BOLD:AAB7933,Animalia,Arthropoda,Arachnida,Araneae,Araneidae,Eustala,Eustala anastera,1021,9/15/2017,Egner,D,9/18/2017,25,Single
9152017EgnerD3,OTU364,GS,100,BOLD:AAF8338,Animalia,Arthropoda,Insecta,Diptera,Tipulidae,Tipula,Tipula furca,2156,9/15/2017,Egner,D,9/18/2017,25,Single
9152017EgnerD3,OTU365,GS,99.4,BOLD:AAU8554,Animalia,Arthropoda,Insecta,Hymenoptera,Ichneumonidae,NA,NA,540,9/15/2017,Egner,D,9/18/2017,25,Single
9152017EgnerD3,OTU486,GS,100,BOLD:ACL3824,Animalia,Arthropoda,Insecta,Diptera,Chironomidae,NA,NA,14,9/15/2017,Egner,D,9/18/2017,25,Single
9152017EgnerD3,OTU506,GS,98.3,BOLD:AAC5871,Animalia,Arthropoda,Arachnida,Araneae,Salticidae,Hentzia,Hentzia palmarum,627,9/15/2017,Egner,D,9/18/2017,25,Single
9152017EgnerD3,OTU565,GS,100,BOLD:AAC4262,Animalia,Arthropoda,Insecta,Lepidoptera,Gracillariidae,Cremastobombycia,Cremastobombycia solidaginis,660,9/15/2017,Egner,D,9/18/2017,25,Single
9152017EgnerD3,OTU580,GS,98.3,BOLD:ABZ0908,Animalia,Arthropoda,Insecta,Diptera,Tipulidae,Nephrotoma,Nephrotoma ferruginea,375,9/15/2017,Egner,D,9/18/2017,25,Single
9152017EgnerD3,OTU633,US,0.8732,BOLD:ABU5821,Animalia,Arthropoda,Insecta,Diptera,NA,NA,NA,225,9/15/2017,Egner,D,9/18/2017,25,Single
9152017EgnerD3,OTU708,GS,99.4,BOLD:AAB2155,Animalia,Arthropoda,Insecta,Lepidoptera,Geometridae,Iridopsis,Iridopsis pergracilis,662,9/15/2017,Egner,D,9/18/2017,25,Single
9152017EgnerD3,OTU848,GS,100,BOLD:AAD5417,Animalia,Arthropoda,Arachnida,Araneae,Clubionidae,Clubiona,Clubiona obesa,80,9/15/2017,Egner,D,9/18/2017,25,Single
9152017EgnerD3,OTU907,SS,0.01,BOLD:AAO3940,Animalia,Arthropoda,Insecta,Diptera,Limoniidae,Rhipidia,NA,31,9/15/2017,Egner,D,9/18/2017,25,Single
9152017EgnerD3,OTU935,SS,0.01,BOLD:AAO3940,Animalia,Arthropoda,Insecta,Diptera,Limoniidae,Rhipidia,NA,6,9/15/2017,Egner,D,9/18/2017,25,Single
9152017EgnerD3,OTU1097,GS,97.2,BOLD:AAN5451,Animalia,Arthropoda,Arachnida,Araneae,Araneidae,Eustala,NA,708,9/15/2017,Egner,D,9/18/2017,25,Single
9152017EgnerD3,OTU1210,GS,97.2,BOLD:AAF4632,Animalia,Arthropoda,Insecta,Diptera,Limoniidae,Epiphragma,Epiphragma solatrix,19,9/15/2017,Egner,D,9/18/2017,25,Single
9152017EgnerD3,OTU1239,GS,100,BOLD:AAA7227,Animalia,Arthropoda,Insecta,Lepidoptera,Erebidae,Panopoda,Panopoda rufimargo,1,9/15/2017,Egner,D,9/18/2017,25,Single
9152017EgnerD3,OTU1317,SS,0.01,BOLD:AAN5451,Animalia,Arthropoda,Arachnida,Araneae,Araneidae,Eustala,NA,59,9/15/2017,Egner,D,9/18/2017,25,Single
9152017EgnerD3,OTU1350,GS,97.2,BOLD:AAA7067,Animalia,Arthropoda,Insecta,Diptera,Culicidae,Aedes,Aedes vexans,573,9/15/2017,Egner,D,9/18/2017,25,Single
9152017EgnerD3,OTU1403,SS,0.36,BOLD:ACV0130,Animalia,Arthropoda,Insecta,Diptera,NA,NA,NA,2,9/15/2017,Egner,D,9/18/2017,25,Single
9152017EgnerD3,OTU1434,GS,97.6,BOLD:AAA7067,Animalia,Arthropoda,Insecta,Diptera,Culicidae,Aedes,Aedes vexans,23,9/15/2017,Egner,D,9/18/2017,25,Single
9152017EgnerD3,OTU1534,GS,100,BOLD:AAH9588,Animalia,Arthropoda,Insecta,Hemiptera,Aphididae,Shivaphis,Shivaphis celti,1,9/15/2017,Egner,D,9/18/2017,25,Single
9152017EgnerD3,OTU1721,GSL,97.8,BOLD:AAE4545,Animalia,Arthropoda,Insecta,Lepidoptera,NA,NA,NA,2,9/15/2017,Egner,D,9/18/2017,25,Single
9152017EgnerD3,OTU1740,SS,0.75,BOLD:ABV1771,Animalia,Arthropoda,Insecta,Diptera,NA,NA,NA,13,9/15/2017,Egner,D,9/18/2017,25,Single
9152017EgnerD3,OTU1756,SS,0.97,BOLD:AAG3848,Animalia,Arthropoda,Insecta,Diptera,Culicidae,Culex,Culex erraticus,27,9/15/2017,Egner,D,9/18/2017,25,Single
9152017EgnerD3,OTU1871,SS,0.85,BOLD:AAG3848,Animalia,Arthropoda,Insecta,Diptera,Culicidae,Culex,Culex erraticus,36,9/15/2017,Egner,D,9/18/2017,25,Single
9152017EgnerD4,OTU5,GS,99.4,BOLD:AAN5451,Animalia,Arthropoda,Arachnida,Araneae,Araneidae,Eustala,NA,1060,9/15/2017,Egner,D,9/18/2017,25,Single
9152017EgnerD4,OTU13,GS,100,BOLD:ABV1771,Animalia,Arthropoda,Insecta,Diptera,Limoniidae,NA,NA,1786,9/15/2017,Egner,D,9/18/2017,25,Single
9152017EgnerD4,OTU14,GS,99.4,BOLD:AAO3940,Animalia,Arthropoda,Insecta,Diptera,Limoniidae,Rhipidia,NA,1256,9/15/2017,Egner,D,9/18/2017,25,Single
9152017EgnerD4,OTU16,GS,100,BOLD:AAA7067,Animalia,Arthropoda,Insecta,Diptera,Culicidae,Aedes,Aedes vexans,506,9/15/2017,Egner,D,9/18/2017,25,Single
9152017EgnerD4,OTU23,GS,100,BOLD:AAF9008,Animalia,Arthropoda,Insecta,Diptera,Limoniidae,Helius,Helius flavipes,29235,9/15/2017,Egner,D,9/18/2017,25,Single
9152017EgnerD4,OTU32,GS,99.4,BOLD:AAD0637,Animalia,Arthropoda,Insecta,Trichoptera,Phryganeidae,Ptilostomis,Ptilostomis postica,476,9/15/2017,Egner,D,9/18/2017,25,Single
9152017EgnerD4,OTU70,GS,100,BOLD:ABY9168,Animalia,Arthropoda,Insecta,Lepidoptera,Tortricidae,Clepsis,Clepsis peritana,182,9/15/2017,Egner,D,9/18/2017,25,Single
9152017EgnerD4,OTU73,GS,100,BOLD:AAD6926,Animalia,Arthropoda,Arachnida,Araneae,Anyphaenidae,Anyphaena,Anyphaena pectorosa,49,9/15/2017,Egner,D,9/18/2017,25,Single
9152017EgnerD4,OTU76,US,1,BOLD:ACY1454,Animalia,Arthropoda,Insecta,Hemiptera,NA,NA,NA,47,9/15/2017,Egner,D,9/18/2017,25,Single
9152017EgnerD4,OTU115,GS,100,BOLD:AAA4942,Animalia,Arthropoda,Arachnida,Araneae,Tetragnathidae,Tetragnatha,Tetragnatha elongata,30,9/15/2017,Egner,D,9/18/2017,25,Single
9152017EgnerD4,OTU118,US,1,None,Animalia,Arthropoda,Arachnida,Mesostigmata,NA,NA,NA,42,9/15/2017,Egner,D,9/18/2017,25,Single
9152017EgnerD4,OTU123,GS,99.4,BOLD:AAM8787,Animalia,Arthropoda,Insecta,Lepidoptera,Gelechiidae,Dichomeris,Dichomeris laetitia,25,9/15/2017,Egner,D,9/18/2017,25,Single
9152017EgnerD4,OTU149,GS,99.4,BOLD:AAH4942,Animalia,Arthropoda,Insecta,Lepidoptera,Gelechiidae,Dichomeris,NA,21,9/15/2017,Egner,D,9/18/2017,25,Single
9152017EgnerD4,OTU161,GS,100,BOLD:AAA8840,Animalia,Arthropoda,Insecta,Lepidoptera,Tortricidae,Pandemis,Pandemis lamprosana,26,9/15/2017,Egner,D,9/18/2017,25,Single
9152017EgnerD4,OTU180,GS,100,BOLD:AAM8933,Animalia,Arthropoda,Insecta,Psocodea,Amphipsocidae,Polypsocus,Polypsocus corruptus,10,9/15/2017,Egner,D,9/18/2017,25,Single
9152017EgnerD4,OTU201,GS,100,BOLD:AAG0906,Animalia,Arthropoda,Insecta,Neuroptera,Hemerobiidae,Micromus,Micromus posticus,33,9/15/2017,Egner,D,9/18/2017,25,Single
9152017EgnerD4,OTU252,GS,100,BOLD:AAC6739,Animalia,Arthropoda,Insecta,Lepidoptera,Coleophoridae,Coleophora,Coleophora borea,23,9/15/2017,Egner,D,9/18/2017,25,Single
9152017EgnerD4,OTU259,US,0.9963,BOLD:AAL6280,Animalia,Arthropoda,Arachnida,Araneae,NA,NA,NA,86,9/15/2017,Egner,D,9/18/2017,25,Single
9152017EgnerD4,OTU265,GS,100,BOLD:AAQ3192,Animalia,Arthropoda,Insecta,Lepidoptera,Dryadaulidae,Dryadaula,NA,59,9/15/2017,Egner,D,9/18/2017,25,Single
9152017EgnerD4,OTU278,GS,100,BOLD:AAB3590,Animalia,Arthropoda,Insecta,Lepidoptera,Gelechiidae,Chionodes,Chionodes discoocellella,15,9/15/2017,Egner,D,9/18/2017,25,Single
9152017EgnerD4,OTU279,US,0.9881,BOLD:AAL9881,Animalia,Arthropoda,Arachnida,Araneae,NA,NA,NA,29,9/15/2017,Egner,D,9/18/2017,25,Single
9152017EgnerD4,OTU283,GS,100,BOLD:AAZ5968,Animalia,Arthropoda,Insecta,Diptera,Limoniidae,NA,NA,113,9/15/2017,Egner,D,9/18/2017,25,Single
9152017EgnerD4,OTU447,US,0.9916,BOLD:AAW5176,Animalia,Arthropoda,Arachnida,Araneae,NA,NA,NA,13,9/15/2017,Egner,D,9/18/2017,25,Single
9152017EgnerD4,OTU480,GS,100,BOLD:AAP2997,Animalia,Arthropoda,Insecta,Diptera,Chironomidae,NA,NA,13,9/15/2017,Egner,D,9/18/2017,25,Single
9152017EgnerD4,OTU533,GS,100,BOLD:AAY3988,Animalia,Arthropoda,Insecta,Diptera,Limoniidae,Pilaria,Pilaria tenuipes,73,9/15/2017,Egner,D,9/18/2017,25,Single
9152017EgnerD4,OTU635,GS,97.2,BOLD:AAN5882,Animalia,Arthropoda,Insecta,Diptera,Limoniidae,Erioptera,Erioptera caliptera,48,9/15/2017,Egner,D,9/18/2017,25,Single
9152017EgnerD4,OTU678,GS,98.6,BOLD:AAB0602,Animalia,Arthropoda,Insecta,Lepidoptera,Gelechiidae,Pseudotelphusa,Pseudotelphusa quercinigracella,11,9/15/2017,Egner,D,9/18/2017,25,Single
9152017EgnerD4,OTU685,SS,0.6,BOLD:ACR2991,Animalia,Arthropoda,Insecta,NA,NA,NA,NA,87,9/15/2017,Egner,D,9/18/2017,25,Single
9152017EgnerD4,OTU756,GS,100,BOLD:ABY9006,Animalia,Arthropoda,Insecta,Hemiptera,Aphididae,Pemphigus,NA,7,9/15/2017,Egner,D,9/18/2017,25,Single
9152017EgnerD4,OTU907,SS,0.01,BOLD:AAO3940,Animalia,Arthropoda,Insecta,Diptera,Limoniidae,Rhipidia,NA,7,9/15/2017,Egner,D,9/18/2017,25,Single
9152017EgnerD4,OTU1077,US,0.2887,None,Animalia,Arthropoda,Insecta,Diptera,NA,NA,NA,7,9/15/2017,Egner,D,9/18/2017,25,Single
9152017EgnerD4,OTU1172,SS,0.83,BOLD:AAD6926,Animalia,Arthropoda,Arachnida,Araneae,Anyphaenidae,Anyphaena,Anyphaena pectorosa,16,9/15/2017,Egner,D,9/18/2017,25,Single
9152017EgnerD4,OTU1215,GS,100,BOLD:AAB4409,Animalia,Arthropoda,Insecta,Lepidoptera,Tortricidae,Aethes,Aethes biscana,22,9/15/2017,Egner,D,9/18/2017,25,Single
9152017EgnerD4,OTU1268,GS,97.8,BOLD:AAM6211,Animalia,Arthropoda,Insecta,Diptera,Chironomidae,Glyptotendipes,NA,27,9/15/2017,Egner,D,9/18/2017,25,Single
9152017EgnerD4,OTU1317,SS,0.01,BOLD:AAN5451,Animalia,Arthropoda,Arachnida,Araneae,Araneidae,Eustala,NA,4,9/15/2017,Egner,D,9/18/2017,25,Single
9152017EgnerD4,OTU1401,SS,0.78,BOLD:AAF9008,Animalia,Arthropoda,Insecta,Diptera,NA,NA,NA,175,9/15/2017,Egner,D,9/18/2017,25,Single
9152017EgnerD4,OTU1415,SS,0.43,BOLD:ACN5082,Animalia,Arthropoda,Insecta,Diptera,NA,NA,NA,1,9/15/2017,Egner,D,9/18/2017,25,Single
9152017EgnerD4,OTU1482,SS,0.87,BOLD:AAF9008,Animalia,Arthropoda,Insecta,Diptera,Limoniidae,Helius,Helius flavipes,5,9/15/2017,Egner,D,9/18/2017,25,Single
9152017EgnerD4,OTU1513,GS,97.8,BOLD:ACL2801,Animalia,Arthropoda,Insecta,Diptera,Tipulidae,Nephrotoma,Nephrotoma macrocera,2,9/15/2017,Egner,D,9/18/2017,25,Single
9152017EgnerD4,OTU1522,SS,0.57,BOLD:AAF9008,Animalia,Arthropoda,Insecta,Diptera,NA,NA,NA,1,9/15/2017,Egner,D,9/18/2017,25,Single
9152017EgnerD4,OTU1594,US,0,BOLD:ACY4371,Animalia,Arthropoda,Collembola,Symphypleona,NA,NA,NA,15,9/15/2017,Egner,D,9/18/2017,25,Single
9152017EgnerD4,OTU1610,GS,98.3,BOLD:AAI2556,Animalia,Arthropoda,Insecta,Diptera,NA,NA,NA,41,9/15/2017,Egner,D,9/18/2017,25,Single
9152017EgnerD4,OTU1637,US,1,BOLD:AAY5839,Animalia,Arthropoda,Collembola,Entomobryomorpha,NA,NA,NA,18,9/15/2017,Egner,D,9/18/2017,25,Single
9152017EgnerD4,OTU1664,SS,0.26,BOLD:AAF9008,Animalia,Arthropoda,Insecta,Diptera,NA,NA,NA,2,9/15/2017,Egner,D,9/18/2017,25,Single
9152017EgnerD4,OTU1740,SS,0.75,BOLD:ABV1771,Animalia,Arthropoda,Insecta,Diptera,NA,NA,NA,71,9/15/2017,Egner,D,9/18/2017,25,Single
9152017EgnerPoolB1,OTU3,GS,100,BOLD:AAP2734,Animalia,Arthropoda,Insecta,Diptera,Limoniidae,Erioptera,Erioptera parva,4487,9/15/2017,Egner,B,9/18/2017,82,Pool
9152017EgnerPoolB1,OTU4,GS,100,BOLD:AAN5882,Animalia,Arthropoda,Insecta,Diptera,Limoniidae,Erioptera,Erioptera caliptera,4451,9/15/2017,Egner,B,9/18/2017,82,Pool
9152017EgnerPoolB1,OTU6,GS,99.4,BOLD:ACZ2169,Animalia,Arthropoda,Insecta,Hemiptera,Cicadellidae,Gyponana,NA,26140,9/15/2017,Egner,B,9/18/2017,82,Pool
9152017EgnerPoolB1,OTU9,US,0.7924,BOLD:AAG8502,Animalia,Arthropoda,Insecta,NA,NA,NA,NA,1967,9/15/2017,Egner,B,9/18/2017,82,Pool
9152017EgnerPoolB1,OTU14,GS,99.4,BOLD:AAO3940,Animalia,Arthropoda,Insecta,Diptera,Limoniidae,Rhipidia,NA,406,9/15/2017,Egner,B,9/18/2017,82,Pool
9152017EgnerPoolB1,OTU15,GS,100,BOLD:ABZ0908,Animalia,Arthropoda,Insecta,Diptera,Tipulidae,Nephrotoma,Nephrotoma ferruginea,6753,9/15/2017,Egner,B,9/18/2017,82,Pool
9152017EgnerPoolB1,OTU23,GS,100,BOLD:AAF9008,Animalia,Arthropoda,Insecta,Diptera,Limoniidae,Helius,Helius flavipes,5591,9/15/2017,Egner,B,9/18/2017,82,Pool
9152017EgnerPoolB1,OTU47,GS,100,BOLD:AAN5881,Animalia,Arthropoda,Insecta,Diptera,Limoniidae,NA,NA,2148,9/15/2017,Egner,B,9/18/2017,82,Pool
9152017EgnerPoolB1,OTU52,GS,100,BOLD:AAG4399,Animalia,Arthropoda,Insecta,Hemiptera,Flatidae,Metcalfa,Metcalfa pruinosa,111,9/15/2017,Egner,B,9/18/2017,82,Pool
9152017EgnerPoolB1,OTU54,GS,99.4,BOLD:ABA5202,Animalia,Arthropoda,Insecta,Diptera,Limoniidae,Pseudolimnophila,Pseudolimnophila luteipennis,412,9/15/2017,Egner,B,9/18/2017,82,Pool
9152017EgnerPoolB1,OTU84,GS,97.8,BOLD:ABU5821,Animalia,Arthropoda,Insecta,Diptera,Tipulidae,Tipula,Tipula sayi,42,9/15/2017,Egner,B,9/18/2017,82,Pool
9152017EgnerPoolB1,OTU136,GS,100,BOLD:AAJ2208,Animalia,Arthropoda,Insecta,Diptera,Limoniidae,Limonia,Limonia immatura,763,9/15/2017,Egner,B,9/18/2017,82,Pool
9152017EgnerPoolB1,OTU141,GS,100,BOLD:ABX6186,Animalia,Arthropoda,Insecta,Diptera,Tipulidae,Nephrotoma,Nephrotoma ferruginea,1669,9/15/2017,Egner,B,9/18/2017,82,Pool
9152017EgnerPoolB1,OTU195,GS,100,BOLD:ABW4424,Animalia,Arthropoda,Insecta,Diptera,Limoniidae,Dicranomyia,NA,1512,9/15/2017,Egner,B,9/18/2017,82,Pool
9152017EgnerPoolB1,OTU208,GS,100,BOLD:AAY8540,Animalia,Arthropoda,Insecta,Coleoptera,Carabidae,Polyderis,Polyderis laeva,1519,9/15/2017,Egner,B,9/18/2017,82,Pool
9152017EgnerPoolB1,OTU249,SS,0.04,BOLD:AAU6540,Animalia,Arthropoda,Insecta,Diptera,Psychodidae,NA,NA,1254,9/15/2017,Egner,B,9/18/2017,82,Pool
9152017EgnerPoolB1,OTU252,GS,100,BOLD:AAC6739,Animalia,Arthropoda,Insecta,Lepidoptera,Coleophoridae,Coleophora,Coleophora borea,11,9/15/2017,Egner,B,9/18/2017,82,Pool
9152017EgnerPoolB1,OTU257,GS,100,BOLD:AAA5803,Animalia,Arthropoda,Insecta,Hemiptera,Miridae,Lygus,Lygus lineolaris,32,9/15/2017,Egner,B,9/18/2017,82,Pool
9152017EgnerPoolB1,OTU271,GS,98.9,BOLD:ABX3627,Animalia,Arthropoda,Insecta,Diptera,Limoniidae,NA,NA,33,9/15/2017,Egner,B,9/18/2017,82,Pool
9152017EgnerPoolB1,OTU288,GSL,100,BOLD:AAB5640,Animalia,Arthropoda,Insecta,Coleoptera,Coccinellidae,Harmonia,Harmonia axyridis,531,9/15/2017,Egner,B,9/18/2017,82,Pool
9152017EgnerPoolB1,OTU322,GS,100,BOLD:AAC2499,Animalia,Arthropoda,Insecta,Diptera,Drosophilidae,Drosophila,Drosophila suzukii,9,9/15/2017,Egner,B,9/18/2017,82,Pool
9152017EgnerPoolB1,OTU333,GS,100,BOLD:AAD7490,Animalia,Arthropoda,Insecta,Hymenoptera,Formicidae,Brachymyrmex,Brachymyrmex depilis,102,9/15/2017,Egner,B,9/18/2017,82,Pool
9152017EgnerPoolB1,OTU364,GS,100,BOLD:AAF8338,Animalia,Arthropoda,Insecta,Diptera,Tipulidae,Tipula,Tipula furca,11,9/15/2017,Egner,B,9/18/2017,82,Pool
9152017EgnerPoolB1,OTU373,GS,98.9,BOLD:AAG8953,Animalia,Arthropoda,Insecta,Hemiptera,Cicadellidae,Gyponana,Gyponana amara,55,9/15/2017,Egner,B,9/18/2017,82,Pool
9152017EgnerPoolB1,OTU375,GS,100,BOLD:AAG2878,Animalia,Arthropoda,Insecta,Hemiptera,Cicadellidae,Gyponana,Gyponana extenda,6,9/15/2017,Egner,B,9/18/2017,82,Pool
9152017EgnerPoolB1,OTU380,US,0,None,Animalia,Arthropoda,Insecta,Trichoptera,NA,NA,NA,31,9/15/2017,Egner,B,9/18/2017,82,Pool
9152017EgnerPoolB1,OTU396,SS,0.98,BOLD:AAP2734,Animalia,Arthropoda,Insecta,Diptera,Limoniidae,Erioptera,Erioptera parva,182,9/15/2017,Egner,B,9/18/2017,82,Pool
9152017EgnerPoolB1,OTU408,GS,100,BOLD:AAA2955,Animalia,Arthropoda,Insecta,Lepidoptera,Tortricidae,Argyrotaenia,Argyrotaenia ljungiana,4,9/15/2017,Egner,B,9/18/2017,82,Pool
9152017EgnerPoolB1,OTU411,GS,100,BOLD:AAC8166,Animalia,Arthropoda,Insecta,Lepidoptera,NA,NA,NA,2,9/15/2017,Egner,B,9/18/2017,82,Pool
9152017EgnerPoolB1,OTU462,GS,100,BOLD:AAB9126,Animalia,Arthropoda,Insecta,Hymenoptera,Formicidae,Lasius,Lasius neoniger,183,9/15/2017,Egner,B,9/18/2017,82,Pool
9152017EgnerPoolB1,OTU468,GS,100,BOLD:AAN5951,Animalia,Arthropoda,Insecta,Coleoptera,Carabidae,Mioptachys,Mioptachys flavicauda,201,9/15/2017,Egner,B,9/18/2017,82,Pool
9152017EgnerPoolB1,OTU549,GS,100,BOLD:AAM8604,Animalia,Arthropoda,Insecta,Lepidoptera,NA,NA,NA,1,9/15/2017,Egner,B,9/18/2017,82,Pool
9152017EgnerPoolB1,OTU577,GS,100,BOLD:AAF4509,Animalia,Arthropoda,Insecta,Lepidoptera,Momphidae,Mompha,Mompha cephalonthiella,1,9/15/2017,Egner,B,9/18/2017,82,Pool
9152017EgnerPoolB1,OTU580,GS,98.3,BOLD:ABZ0908,Animalia,Arthropoda,Insecta,Diptera,Tipulidae,Nephrotoma,Nephrotoma ferruginea,876,9/15/2017,Egner,B,9/18/2017,82,Pool
9152017EgnerPoolB1,OTU608,US,0.6809,BOLD:ABW8929,Animalia,Arthropoda,Maxillopoda,NA,NA,NA,NA,4,9/15/2017,Egner,B,9/18/2017,82,Pool
9152017EgnerPoolB1,OTU628,US,0.2061,BOLD:AAZ4432,Animalia,Arthropoda,Collembola,Entomobryomorpha,NA,NA,NA,1,9/15/2017,Egner,B,9/18/2017,82,Pool
9152017EgnerPoolB1,OTU635,GS,97.2,BOLD:AAN5882,Animalia,Arthropoda,Insecta,Diptera,Limoniidae,Erioptera,Erioptera caliptera,358,9/15/2017,Egner,B,9/18/2017,82,Pool
9152017EgnerPoolB1,OTU680,GS,97.2,BOLD:AAF9008,Animalia,Arthropoda,Insecta,Diptera,Limoniidae,Helius,Helius flavipes,421,9/15/2017,Egner,B,9/18/2017,82,Pool
9152017EgnerPoolB1,OTU715,SS,0.71,BOLD:ABZ0908,Animalia,Arthropoda,Insecta,Diptera,NA,NA,NA,604,9/15/2017,Egner,B,9/18/2017,82,Pool
9152017EgnerPoolB1,OTU755,GS,99.4,BOLD:AAU8194,Animalia,Arthropoda,Insecta,Coleoptera,Ciidae,Cis,Cis fuscipes,47,9/15/2017,Egner,B,9/18/2017,82,Pool
9152017EgnerPoolB1,OTU794,GS,100,BOLD:AAD2564,Animalia,Arthropoda,Insecta,Lepidoptera,Gelechiidae,Chionodes,Chionodes fuscomaculella,4,9/15/2017,Egner,B,9/18/2017,82,Pool
9152017EgnerPoolB1,OTU845,GS,100,BOLD:ACA8954,Animalia,Arthropoda,Insecta,Hemiptera,Derbidae,Omolicna,Omolicna uhleri,2,9/15/2017,Egner,B,9/18/2017,82,Pool
9152017EgnerPoolB1,OTU868,GS,97.8,BOLD:AAA4242,Animalia,Arthropoda,Insecta,Diptera,Tachinidae,Lespesia,NA,2,9/15/2017,Egner,B,9/18/2017,82,Pool
9152017EgnerPoolB1,OTU907,SS,0.01,BOLD:AAO3940,Animalia,Arthropoda,Insecta,Diptera,Limoniidae,Rhipidia,NA,7,9/15/2017,Egner,B,9/18/2017,82,Pool
9152017EgnerPoolB1,OTU934,GS,100,BOLD:AAK0004,Animalia,Arthropoda,Arachnida,Araneae,Araneidae,Verrucosa,Verrucosa arenata,1,9/15/2017,Egner,B,9/18/2017,82,Pool
9152017EgnerPoolB1,OTU935,SS,0.01,BOLD:AAO3940,Animalia,Arthropoda,Insecta,Diptera,Limoniidae,Rhipidia,NA,7,9/15/2017,Egner,B,9/18/2017,82,Pool
9152017EgnerPoolB1,OTU968,GS,99.4,BOLD:ACB9565,Animalia,Arthropoda,Arachnida,Araneae,Clubionidae,Clubiona,Clubiona pygmaea,3,9/15/2017,Egner,B,9/18/2017,82,Pool
9152017EgnerPoolB1,OTU988,GS,100,BOLD:AAP5113,Animalia,Arthropoda,Insecta,Diptera,Chironomidae,NA,NA,1,9/15/2017,Egner,B,9/18/2017,82,Pool
9152017EgnerPoolB1,OTU1032,GS,97.8,BOLD:ACA9217,Animalia,Arthropoda,Insecta,Hymenoptera,Formicidae,Lasius,NA,35,9/15/2017,Egner,B,9/18/2017,82,Pool
9152017EgnerPoolB1,OTU1065,GS,100,BOLD:AAL7359,Animalia,Arthropoda,Insecta,Diptera,Chironomidae,Tanytarsus,NA,5,9/15/2017,Egner,B,9/18/2017,82,Pool
9152017EgnerPoolB1,OTU1072,SS,0.54,BOLD:ABV9238,Animalia,Arthropoda,Insecta,Diptera,NA,NA,NA,5,9/15/2017,Egner,B,9/18/2017,82,Pool
9152017EgnerPoolB1,OTU1088,GS,98.3,BOLD:AAG2878,Animalia,Arthropoda,Insecta,Hemiptera,Cicadellidae,Gyponana,Gyponana extenda,2,9/15/2017,Egner,B,9/18/2017,82,Pool
9152017EgnerPoolB1,OTU1090,GS,97.2,BOLD:ABX3627,Animalia,Arthropoda,Insecta,Diptera,Limoniidae,NA,NA,218,9/15/2017,Egner,B,9/18/2017,82,Pool
9152017EgnerPoolB1,OTU1107,US,0,BOLD:ACT8457,Animalia,Arthropoda,Insecta,Hymenoptera,NA,NA,NA,1,9/15/2017,Egner,B,9/18/2017,82,Pool
9152017EgnerPoolB1,OTU1116,SS,0.5,BOLD:ABZ0908,Animalia,Arthropoda,Insecta,Diptera,NA,NA,NA,28,9/15/2017,Egner,B,9/18/2017,82,Pool
9152017EgnerPoolB1,OTU1218,SS,0.53,BOLD:AAI9091,Animalia,Arthropoda,Insecta,Diptera,NA,NA,NA,1,9/15/2017,Egner,B,9/18/2017,82,Pool
9152017EgnerPoolB1,OTU1225,SS,0.54,BOLD:AAP8998,Animalia,Arthropoda,Insecta,NA,NA,NA,NA,313,9/15/2017,Egner,B,9/18/2017,82,Pool
9152017EgnerPoolB1,OTU1243,SS,0.79,BOLD:AAY5602,Animalia,Arthropoda,Insecta,NA,NA,NA,NA,149,9/15/2017,Egner,B,9/18/2017,82,Pool
9152017EgnerPoolB1,OTU1286,GS,100,BOLD:ACM1751,Animalia,Arthropoda,Insecta,Coleoptera,Curculionidae,Corthylus,Corthylus columbianus,3,9/15/2017,Egner,B,9/18/2017,82,Pool
9152017EgnerPoolB1,OTU1292,GS,97.8,BOLD:AAN5882,Animalia,Arthropoda,Insecta,Diptera,Limoniidae,Erioptera,Erioptera caliptera,83,9/15/2017,Egner,B,9/18/2017,82,Pool
9152017EgnerPoolB1,OTU1308,GS,100,BOLD:ACF1754,Animalia,Arthropoda,Insecta,Lepidoptera,Pyralidae,Salebriaria,Salebriaria engeli,1,9/15/2017,Egner,B,9/18/2017,82,Pool
9152017EgnerPoolB1,OTU1317,SS,0.01,BOLD:AAN5451,Animalia,Arthropoda,Arachnida,Araneae,Araneidae,Eustala,NA,4,9/15/2017,Egner,B,9/18/2017,82,Pool
9152017EgnerPoolB1,OTU1318,SS,0.75,BOLD:ABV9403,Animalia,Arthropoda,Insecta,NA,NA,NA,NA,5,9/15/2017,Egner,B,9/18/2017,82,Pool
9152017EgnerPoolB1,OTU1339,US,0.7924,BOLD:ACN0349,Animalia,Arthropoda,Insecta,NA,NA,NA,NA,18,9/15/2017,Egner,B,9/18/2017,82,Pool
9152017EgnerPoolB1,OTU1353,SS,0.11,BOLD:ABU9995,Animalia,Arthropoda,Insecta,Diptera,NA,NA,NA,24,9/15/2017,Egner,B,9/18/2017,82,Pool
9152017EgnerPoolB1,OTU1381,GS,100,BOLD:ACF3514,Animalia,Arthropoda,Insecta,Trichoptera,Leptoceridae,Oecetis,Oecetis inconspicua,1,9/15/2017,Egner,B,9/18/2017,82,Pool
9152017EgnerPoolB1,OTU1401,SS,0.78,BOLD:AAF9008,Animalia,Arthropoda,Insecta,Diptera,NA,NA,NA,25,9/15/2017,Egner,B,9/18/2017,82,Pool
9152017EgnerPoolB1,OTU1411,SS,0.41,BOLD:ACF8666,Animalia,Arthropoda,Insecta,Diptera,NA,NA,NA,15,9/15/2017,Egner,B,9/18/2017,82,Pool
9152017EgnerPoolB1,OTU1433,SS,0.69,BOLD:AAB9126,Animalia,Arthropoda,Insecta,Hymenoptera,Formicidae,NA,NA,14,9/15/2017,Egner,B,9/18/2017,82,Pool
9152017EgnerPoolB1,OTU1447,SS,0.95,BOLD:ABZ0908,Animalia,Arthropoda,Insecta,Diptera,Tipulidae,Nephrotoma,Nephrotoma ferruginea,12,9/15/2017,Egner,B,9/18/2017,82,Pool
9152017EgnerPoolB1,OTU1468,GS,98.9,BOLD:AAN5533,Animalia,Arthropoda,Insecta,Diptera,Dolichopodidae,NA,NA,9,9/15/2017,Egner,B,9/18/2017,82,Pool
9152017EgnerPoolB1,OTU1480,US,0.9249,BOLD:AAN5882,Animalia,Arthropoda,Insecta,Diptera,NA,NA,NA,53,9/15/2017,Egner,B,9/18/2017,82,Pool
9152017EgnerPoolB1,OTU1482,SS,0.87,BOLD:AAF9008,Animalia,Arthropoda,Insecta,Diptera,Limoniidae,Helius,Helius flavipes,74,9/15/2017,Egner,B,9/18/2017,82,Pool
9152017EgnerPoolB1,OTU1503,GS,99.4,BOLD:ABW1320,Animalia,Arthropoda,Insecta,Diptera,Cecidomyiidae,NA,NA,2,9/15/2017,Egner,B,9/18/2017,82,Pool
9152017EgnerPoolB1,OTU1505,GS,98.9,BOLD:ABW2733,Animalia,Arthropoda,Insecta,Diptera,Cecidomyiidae,NA,NA,12,9/15/2017,Egner,B,9/18/2017,82,Pool
9152017EgnerPoolB1,OTU1513,GS,97.8,BOLD:ACL2801,Animalia,Arthropoda,Insecta,Diptera,Tipulidae,Nephrotoma,Nephrotoma macrocera,1,9/15/2017,Egner,B,9/18/2017,82,Pool
9152017EgnerPoolB1,OTU1514,SS,0.75,BOLD:ABX5321,Animalia,Arthropoda,Insecta,Diptera,NA,NA,NA,1,9/15/2017,Egner,B,9/18/2017,82,Pool
9152017EgnerPoolB1,OTU1520,GS,97.8,BOLD:AAH8501,Animalia,Arthropoda,Insecta,Lepidoptera,Gracillariidae,Phyllonorycter,Phyllonorycter cytisifoliae,2,9/15/2017,Egner,B,9/18/2017,82,Pool
9152017EgnerPoolB1,OTU1522,SS,0.57,BOLD:AAF9008,Animalia,Arthropoda,Insecta,Diptera,NA,NA,NA,1,9/15/2017,Egner,B,9/18/2017,82,Pool
9152017EgnerPoolB1,OTU1524,SS,0.4,BOLD:AAB4070,Animalia,Arthropoda,Insecta,Lepidoptera,NA,NA,NA,4,9/15/2017,Egner,B,9/18/2017,82,Pool
9152017EgnerPoolB1,OTU1545,GS,97.8,BOLD:ABA5202,Animalia,Arthropoda,Insecta,Diptera,Limoniidae,Pseudolimnophila,Pseudolimnophila luteipennis,3,9/15/2017,Egner,B,9/18/2017,82,Pool
9152017EgnerPoolB1,OTU1554,SS,0.92,BOLD:AAP2734,Animalia,Arthropoda,Insecta,Diptera,Limoniidae,Erioptera,Erioptera parva,275,9/15/2017,Egner,B,9/18/2017,82,Pool
9152017EgnerPoolB1,OTU1575,SS,0.94,BOLD:AAM6177,Animalia,Arthropoda,Insecta,Diptera,Clusiidae,Sobarocephala,Sobarocephala lachnosternum,2,9/15/2017,Egner,B,9/18/2017,82,Pool
9152017EgnerPoolB1,OTU1576,GS,97.8,BOLD:AAN5881,Animalia,Arthropoda,Insecta,Diptera,Limoniidae,NA,NA,552,9/15/2017,Egner,B,9/18/2017,82,Pool
9152017EgnerPoolB1,OTU1639,GS,98.9,BOLD:ACC7925,Animalia,Arthropoda,Arachnida,Trombidiformes,Scutacaridae,NA,NA,1,9/15/2017,Egner,B,9/18/2017,82,Pool
9152017EgnerPoolB1,OTU1664,SS,0.26,BOLD:AAF9008,Animalia,Arthropoda,Insecta,Diptera,NA,NA,NA,257,9/15/2017,Egner,B,9/18/2017,82,Pool
9152017EgnerPoolB1,OTU1714,SS,0.8,BOLD:ABX6186,Animalia,Arthropoda,Insecta,Diptera,Tipulidae,Nephrotoma,Nephrotoma ferruginea,257,9/15/2017,Egner,B,9/18/2017,82,Pool
9152017EgnerPoolB1,OTU1748,SS,0.6,BOLD:ACF8409,Animalia,Arthropoda,Insecta,Diptera,NA,NA,NA,3,9/15/2017,Egner,B,9/18/2017,82,Pool
9152017EgnerPoolB1,OTU1774,SS,0.08,BOLD:ABU9995,Animalia,Arthropoda,Insecta,Diptera,NA,NA,NA,24,9/15/2017,Egner,B,9/18/2017,82,Pool
9152017EgnerPoolB1,OTU1782,US,0.9249,BOLD:AAO3940,Animalia,Arthropoda,Insecta,Diptera,NA,NA,NA,2,9/15/2017,Egner,B,9/18/2017,82,Pool
9152017EgnerPoolB1,OTU1797,SS,0.63,BOLD:ABX6186,Animalia,Arthropoda,Insecta,Diptera,NA,NA,NA,7,9/15/2017,Egner,B,9/18/2017,82,Pool
9152017EgnerPoolB1,OTU1866,SS,0.38,BOLD:ABX3627,Animalia,Arthropoda,Insecta,Diptera,NA,NA,NA,1,9/15/2017,Egner,B,9/18/2017,82,Pool
9152017EgnerPoolB1,OTU1882,SS,0.18,BOLD:ACN0347,Animalia,Arthropoda,Insecta,Diptera,NA,NA,NA,1,9/15/2017,Egner,B,9/18/2017,82,Pool
9152017EgnerPoolB1,OTU1910,SS,0.87,BOLD:ABZ0908,Animalia,Arthropoda,Insecta,Diptera,Tipulidae,Nephrotoma,Nephrotoma ferruginea,116,9/15/2017,Egner,B,9/18/2017,82,Pool
9152017EgnerPoolB1,OTU1913,GS,100,BOLD:ABW8043,Animalia,Arthropoda,Insecta,Diptera,Syrphidae,Toxomerus,Toxomerus teliger,2,9/15/2017,Egner,B,9/18/2017,82,Pool
9152017EgnerPoolB2,OTU3,GS,100,BOLD:AAP2734,Animalia,Arthropoda,Insecta,Diptera,Limoniidae,Erioptera,Erioptera parva,1953,9/15/2017,Egner,B,9/18/2017,82,Pool
9152017EgnerPoolB2,OTU4,GS,100,BOLD:AAN5882,Animalia,Arthropoda,Insecta,Diptera,Limoniidae,Erioptera,Erioptera caliptera,2855,9/15/2017,Egner,B,9/18/2017,82,Pool
9152017EgnerPoolB2,OTU6,GS,99.4,BOLD:ACZ2169,Animalia,Arthropoda,Insecta,Hemiptera,Cicadellidae,Gyponana,NA,13122,9/15/2017,Egner,B,9/18/2017,82,Pool
9152017EgnerPoolB2,OTU9,US,0.7924,BOLD:AAG8502,Animalia,Arthropoda,Insecta,NA,NA,NA,NA,1206,9/15/2017,Egner,B,9/18/2017,82,Pool
9152017EgnerPoolB2,OTU15,GS,100,BOLD:ABZ0908,Animalia,Arthropoda,Insecta,Diptera,Tipulidae,Nephrotoma,Nephrotoma ferruginea,2832,9/15/2017,Egner,B,9/18/2017,82,Pool
9152017EgnerPoolB2,OTU23,GS,100,BOLD:AAF9008,Animalia,Arthropoda,Insecta,Diptera,Limoniidae,Helius,Helius flavipes,2432,9/15/2017,Egner,B,9/18/2017,82,Pool
9152017EgnerPoolB2,OTU47,GS,100,BOLD:AAN5881,Animalia,Arthropoda,Insecta,Diptera,Limoniidae,NA,NA,1200,9/15/2017,Egner,B,9/18/2017,82,Pool
9152017EgnerPoolB2,OTU54,GS,99.4,BOLD:ABA5202,Animalia,Arthropoda,Insecta,Diptera,Limoniidae,Pseudolimnophila,Pseudolimnophila luteipennis,202,9/15/2017,Egner,B,9/18/2017,82,Pool
9152017EgnerPoolB2,OTU136,GS,100,BOLD:AAJ2208,Animalia,Arthropoda,Insecta,Diptera,Limoniidae,Limonia,Limonia immatura,359,9/15/2017,Egner,B,9/18/2017,82,Pool
9152017EgnerPoolB2,OTU141,GS,100,BOLD:ABX6186,Animalia,Arthropoda,Insecta,Diptera,Tipulidae,Nephrotoma,Nephrotoma ferruginea,619,9/15/2017,Egner,B,9/18/2017,82,Pool
9152017EgnerPoolB2,OTU195,GS,100,BOLD:ABW4424,Animalia,Arthropoda,Insecta,Diptera,Limoniidae,Dicranomyia,NA,672,9/15/2017,Egner,B,9/18/2017,82,Pool
9152017EgnerPoolB2,OTU208,GS,100,BOLD:AAY8540,Animalia,Arthropoda,Insecta,Coleoptera,Carabidae,Polyderis,Polyderis laeva,760,9/15/2017,Egner,B,9/18/2017,82,Pool
9152017EgnerPoolB2,OTU249,SS,0.04,BOLD:AAU6540,Animalia,Arthropoda,Insecta,Diptera,Psychodidae,NA,NA,426,9/15/2017,Egner,B,9/18/2017,82,Pool
9152017EgnerPoolB2,OTU252,GS,100,BOLD:AAC6739,Animalia,Arthropoda,Insecta,Lepidoptera,Coleophoridae,Coleophora,Coleophora borea,7,9/15/2017,Egner,B,9/18/2017,82,Pool
9152017EgnerPoolB2,OTU257,GS,100,BOLD:AAA5803,Animalia,Arthropoda,Insecta,Hemiptera,Miridae,Lygus,Lygus lineolaris,34,9/15/2017,Egner,B,9/18/2017,82,Pool
9152017EgnerPoolB2,OTU271,GS,98.9,BOLD:ABX3627,Animalia,Arthropoda,Insecta,Diptera,Limoniidae,NA,NA,26,9/15/2017,Egner,B,9/18/2017,82,Pool
9152017EgnerPoolB2,OTU288,GSL,100,BOLD:AAB5640,Animalia,Arthropoda,Insecta,Coleoptera,Coccinellidae,Harmonia,Harmonia axyridis,274,9/15/2017,Egner,B,9/18/2017,82,Pool
9152017EgnerPoolB2,OTU333,GS,100,BOLD:AAD7490,Animalia,Arthropoda,Insecta,Hymenoptera,Formicidae,Brachymyrmex,Brachymyrmex depilis,20,9/15/2017,Egner,B,9/18/2017,82,Pool
9152017EgnerPoolB2,OTU375,GS,100,BOLD:AAG2878,Animalia,Arthropoda,Insecta,Hemiptera,Cicadellidae,Gyponana,Gyponana extenda,6,9/15/2017,Egner,B,9/18/2017,82,Pool
9152017EgnerPoolB2,OTU380,US,0,None,Animalia,Arthropoda,Insecta,Trichoptera,NA,NA,NA,17,9/15/2017,Egner,B,9/18/2017,82,Pool
9152017EgnerPoolB2,OTU396,SS,0.98,BOLD:AAP2734,Animalia,Arthropoda,Insecta,Diptera,Limoniidae,Erioptera,Erioptera parva,73,9/15/2017,Egner,B,9/18/2017,82,Pool
9152017EgnerPoolB2,OTU408,GS,100,BOLD:AAA2955,Animalia,Arthropoda,Insecta,Lepidoptera,Tortricidae,Argyrotaenia,Argyrotaenia ljungiana,4,9/15/2017,Egner,B,9/18/2017,82,Pool
9152017EgnerPoolB2,OTU446,GS,100,BOLD:AAD1537,Animalia,Arthropoda,Insecta,Lepidoptera,Tortricidae,Gretchena,Gretchena bolliana,2,9/15/2017,Egner,B,9/18/2017,82,Pool
9152017EgnerPoolB2,OTU462,GS,100,BOLD:AAB9126,Animalia,Arthropoda,Insecta,Hymenoptera,Formicidae,Lasius,Lasius neoniger,77,9/15/2017,Egner,B,9/18/2017,82,Pool
9152017EgnerPoolB2,OTU468,GS,100,BOLD:AAN5951,Animalia,Arthropoda,Insecta,Coleoptera,Carabidae,Mioptachys,Mioptachys flavicauda,90,9/15/2017,Egner,B,9/18/2017,82,Pool
9152017EgnerPoolB2,OTU549,GS,100,BOLD:AAM8604,Animalia,Arthropoda,Insecta,Lepidoptera,NA,NA,NA,2,9/15/2017,Egner,B,9/18/2017,82,Pool
9152017EgnerPoolB2,OTU580,GS,98.3,BOLD:ABZ0908,Animalia,Arthropoda,Insecta,Diptera,Tipulidae,Nephrotoma,Nephrotoma ferruginea,387,9/15/2017,Egner,B,9/18/2017,82,Pool
9152017EgnerPoolB2,OTU628,US,0.2061,BOLD:AAZ4432,Animalia,Arthropoda,Collembola,Entomobryomorpha,NA,NA,NA,3,9/15/2017,Egner,B,9/18/2017,82,Pool
9152017EgnerPoolB2,OTU635,GS,97.2,BOLD:AAN5882,Animalia,Arthropoda,Insecta,Diptera,Limoniidae,Erioptera,Erioptera caliptera,207,9/15/2017,Egner,B,9/18/2017,82,Pool
9152017EgnerPoolB2,OTU639,US,0.9885,BOLD:ACI7589,Animalia,Arthropoda,Insecta,Coleoptera,NA,NA,NA,2,9/15/2017,Egner,B,9/18/2017,82,Pool
9152017EgnerPoolB2,OTU680,GS,97.2,BOLD:AAF9008,Animalia,Arthropoda,Insecta,Diptera,Limoniidae,Helius,Helius flavipes,165,9/15/2017,Egner,B,9/18/2017,82,Pool
9152017EgnerPoolB2,OTU686,US,0.9919,BOLD:ACT2785,Animalia,Arthropoda,Insecta,Hymenoptera,NA,NA,NA,1,9/15/2017,Egner,B,9/18/2017,82,Pool
9152017EgnerPoolB2,OTU709,GS,97.8,BOLD:ABW4416,Animalia,Arthropoda,Insecta,Diptera,NA,NA,NA,3,9/15/2017,Egner,B,9/18/2017,82,Pool
9152017EgnerPoolB2,OTU715,SS,0.71,BOLD:ABZ0908,Animalia,Arthropoda,Insecta,Diptera,NA,NA,NA,265,9/15/2017,Egner,B,9/18/2017,82,Pool
9152017EgnerPoolB2,OTU755,GS,99.4,BOLD:AAU8194,Animalia,Arthropoda,Insecta,Coleoptera,Ciidae,Cis,Cis fuscipes,22,9/15/2017,Egner,B,9/18/2017,82,Pool
9152017EgnerPoolB2,OTU840,US,0.0169,BOLD:AAU7129,Animalia,Arthropoda,Insecta,Coleoptera,NA,NA,NA,4,9/15/2017,Egner,B,9/18/2017,82,Pool
9152017EgnerPoolB2,OTU844,GS,100,BOLD:AAH5546,Animalia,Arthropoda,Insecta,Lepidoptera,Gelechiidae,Frumenta,Frumenta nundinella,1,9/15/2017,Egner,B,9/18/2017,82,Pool
9152017EgnerPoolB2,OTU907,SS,0.01,BOLD:AAO3940,Animalia,Arthropoda,Insecta,Diptera,Limoniidae,Rhipidia,NA,3,9/15/2017,Egner,B,9/18/2017,82,Pool
9152017EgnerPoolB2,OTU935,SS,0.01,BOLD:AAO3940,Animalia,Arthropoda,Insecta,Diptera,Limoniidae,Rhipidia,NA,5,9/15/2017,Egner,B,9/18/2017,82,Pool
9152017EgnerPoolB2,OTU1032,GS,97.8,BOLD:ACA9217,Animalia,Arthropoda,Insecta,Hymenoptera,Formicidae,Lasius,NA,15,9/15/2017,Egner,B,9/18/2017,82,Pool
9152017EgnerPoolB2,OTU1072,SS,0.54,BOLD:ABV9238,Animalia,Arthropoda,Insecta,Diptera,NA,NA,NA,2,9/15/2017,Egner,B,9/18/2017,82,Pool
9152017EgnerPoolB2,OTU1090,GS,97.2,BOLD:ABX3627,Animalia,Arthropoda,Insecta,Diptera,Limoniidae,NA,NA,87,9/15/2017,Egner,B,9/18/2017,82,Pool
9152017EgnerPoolB2,OTU1107,US,0,BOLD:ACT8457,Animalia,Arthropoda,Insecta,Hymenoptera,NA,NA,NA,1,9/15/2017,Egner,B,9/18/2017,82,Pool
9152017EgnerPoolB2,OTU1116,SS,0.5,BOLD:ABZ0908,Animalia,Arthropoda,Insecta,Diptera,NA,NA,NA,22,9/15/2017,Egner,B,9/18/2017,82,Pool
9152017EgnerPoolB2,OTU1184,GS,100,BOLD:AAK4647,Animalia,Arthropoda,Insecta,Lepidoptera,Gelechiidae,Helcystogramma,Helcystogramma melantherella,1,9/15/2017,Egner,B,9/18/2017,82,Pool
9152017EgnerPoolB2,OTU1225,SS,0.54,BOLD:AAP8998,Animalia,Arthropoda,Insecta,NA,NA,NA,NA,155,9/15/2017,Egner,B,9/18/2017,82,Pool
9152017EgnerPoolB2,OTU1243,SS,0.79,BOLD:AAY5602,Animalia,Arthropoda,Insecta,NA,NA,NA,NA,60,9/15/2017,Egner,B,9/18/2017,82,Pool
9152017EgnerPoolB2,OTU1292,GS,97.8,BOLD:AAN5882,Animalia,Arthropoda,Insecta,Diptera,Limoniidae,Erioptera,Erioptera caliptera,30,9/15/2017,Egner,B,9/18/2017,82,Pool
9152017EgnerPoolB2,OTU1308,GS,100,BOLD:ACF1754,Animalia,Arthropoda,Insecta,Lepidoptera,Pyralidae,Salebriaria,Salebriaria engeli,1,9/15/2017,Egner,B,9/18/2017,82,Pool
9152017EgnerPoolB2,OTU1318,SS,0.75,BOLD:ABV9403,Animalia,Arthropoda,Insecta,NA,NA,NA,NA,1,9/15/2017,Egner,B,9/18/2017,82,Pool
9152017EgnerPoolB2,OTU1339,US,0.7924,BOLD:ACN0349,Animalia,Arthropoda,Insecta,NA,NA,NA,NA,5,9/15/2017,Egner,B,9/18/2017,82,Pool
9152017EgnerPoolB2,OTU1353,SS,0.11,BOLD:ABU9995,Animalia,Arthropoda,Insecta,Diptera,NA,NA,NA,7,9/15/2017,Egner,B,9/18/2017,82,Pool
9152017EgnerPoolB2,OTU1401,SS,0.78,BOLD:AAF9008,Animalia,Arthropoda,Insecta,Diptera,NA,NA,NA,3,9/15/2017,Egner,B,9/18/2017,82,Pool
9152017EgnerPoolB2,OTU1403,SS,0.36,BOLD:ACV0130,Animalia,Arthropoda,Insecta,Diptera,NA,NA,NA,2,9/15/2017,Egner,B,9/18/2017,82,Pool
9152017EgnerPoolB2,OTU1416,GS,100,BOLD:AAC2657,Animalia,Arthropoda,Insecta,Lepidoptera,Coleophoridae,Coleophora,Coleophora salinoidella,1,9/15/2017,Egner,B,9/18/2017,82,Pool
9152017EgnerPoolB2,OTU1433,SS,0.69,BOLD:AAB9126,Animalia,Arthropoda,Insecta,Hymenoptera,Formicidae,NA,NA,5,9/15/2017,Egner,B,9/18/2017,82,Pool
9152017EgnerPoolB2,OTU1444,US,0.2061,BOLD:ABA9828,Animalia,Arthropoda,Insecta,Lepidoptera,NA,NA,NA,1,9/15/2017,Egner,B,9/18/2017,82,Pool
9152017EgnerPoolB2,OTU1447,SS,0.95,BOLD:ABZ0908,Animalia,Arthropoda,Insecta,Diptera,Tipulidae,Nephrotoma,Nephrotoma ferruginea,6,9/15/2017,Egner,B,9/18/2017,82,Pool
9152017EgnerPoolB2,OTU1468,GS,98.9,BOLD:AAN5533,Animalia,Arthropoda,Insecta,Diptera,Dolichopodidae,NA,NA,4,9/15/2017,Egner,B,9/18/2017,82,Pool
9152017EgnerPoolB2,OTU1480,US,0.9249,BOLD:AAN5882,Animalia,Arthropoda,Insecta,Diptera,NA,NA,NA,17,9/15/2017,Egner,B,9/18/2017,82,Pool
9152017EgnerPoolB2,OTU1482,SS,0.87,BOLD:AAF9008,Animalia,Arthropoda,Insecta,Diptera,Limoniidae,Helius,Helius flavipes,36,9/15/2017,Egner,B,9/18/2017,82,Pool
9152017EgnerPoolB2,OTU1505,GS,98.9,BOLD:ABW2733,Animalia,Arthropoda,Insecta,Diptera,Cecidomyiidae,NA,NA,2,9/15/2017,Egner,B,9/18/2017,82,Pool
9152017EgnerPoolB2,OTU1513,GS,97.8,BOLD:ACL2801,Animalia,Arthropoda,Insecta,Diptera,Tipulidae,Nephrotoma,Nephrotoma macrocera,1,9/15/2017,Egner,B,9/18/2017,82,Pool
9152017EgnerPoolB2,OTU1524,SS,0.4,BOLD:AAB4070,Animalia,Arthropoda,Insecta,Lepidoptera,NA,NA,NA,3,9/15/2017,Egner,B,9/18/2017,82,Pool
9152017EgnerPoolB2,OTU1554,SS,0.92,BOLD:AAP2734,Animalia,Arthropoda,Insecta,Diptera,Limoniidae,Erioptera,Erioptera parva,107,9/15/2017,Egner,B,9/18/2017,82,Pool
9152017EgnerPoolB2,OTU1576,GS,97.8,BOLD:AAN5881,Animalia,Arthropoda,Insecta,Diptera,Limoniidae,NA,NA,239,9/15/2017,Egner,B,9/18/2017,82,Pool
9152017EgnerPoolB2,OTU1664,SS,0.26,BOLD:AAF9008,Animalia,Arthropoda,Insecta,Diptera,NA,NA,NA,69,9/15/2017,Egner,B,9/18/2017,82,Pool
9152017EgnerPoolB2,OTU1714,SS,0.8,BOLD:ABX6186,Animalia,Arthropoda,Insecta,Diptera,Tipulidae,Nephrotoma,Nephrotoma ferruginea,102,9/15/2017,Egner,B,9/18/2017,82,Pool
9152017EgnerPoolB2,OTU1746,GS,97.2,BOLD:ACE9691,Animalia,Arthropoda,Insecta,Hemiptera,Cicadellidae,Gyponana,Gyponana brevita,1,9/15/2017,Egner,B,9/18/2017,82,Pool
9152017EgnerPoolB2,OTU1748,SS,0.6,BOLD:ACF8409,Animalia,Arthropoda,Insecta,Diptera,NA,NA,NA,1,9/15/2017,Egner,B,9/18/2017,82,Pool
9152017EgnerPoolB2,OTU1774,SS,0.08,BOLD:ABU9995,Animalia,Arthropoda,Insecta,Diptera,NA,NA,NA,4,9/15/2017,Egner,B,9/18/2017,82,Pool
9152017EgnerPoolB2,OTU1782,US,0.9249,BOLD:AAO3940,Animalia,Arthropoda,Insecta,Diptera,NA,NA,NA,1,9/15/2017,Egner,B,9/18/2017,82,Pool
9152017EgnerPoolB2,OTU1797,SS,0.63,BOLD:ABX6186,Animalia,Arthropoda,Insecta,Diptera,NA,NA,NA,2,9/15/2017,Egner,B,9/18/2017,82,Pool
9152017EgnerPoolB2,OTU1896,US,0.9201,BOLD:AAA0693,Animalia,Arthropoda,Insecta,Lepidoptera,NA,NA,NA,1,9/15/2017,Egner,B,9/18/2017,82,Pool
9152017EgnerPoolB2,OTU1910,SS,0.87,BOLD:ABZ0908,Animalia,Arthropoda,Insecta,Diptera,Tipulidae,Nephrotoma,Nephrotoma ferruginea,26,9/15/2017,Egner,B,9/18/2017,82,Pool
9152017EgnerPoolB3,OTU3,GS,100,BOLD:AAP2734,Animalia,Arthropoda,Insecta,Diptera,Limoniidae,Erioptera,Erioptera parva,6112,9/15/2017,Egner,B,9/18/2017,82,Pool
9152017EgnerPoolB3,OTU4,GS,100,BOLD:AAN5882,Animalia,Arthropoda,Insecta,Diptera,Limoniidae,Erioptera,Erioptera caliptera,6705,9/15/2017,Egner,B,9/18/2017,82,Pool
9152017EgnerPoolB3,OTU6,GS,99.4,BOLD:ACZ2169,Animalia,Arthropoda,Insecta,Hemiptera,Cicadellidae,Gyponana,NA,34727,9/15/2017,Egner,B,9/18/2017,82,Pool
9152017EgnerPoolB3,OTU9,US,0.7924,BOLD:AAG8502,Animalia,Arthropoda,Insecta,NA,NA,NA,NA,3282,9/15/2017,Egner,B,9/18/2017,82,Pool
9152017EgnerPoolB3,OTU14,GS,99.4,BOLD:AAO3940,Animalia,Arthropoda,Insecta,Diptera,Limoniidae,Rhipidia,NA,733,9/15/2017,Egner,B,9/18/2017,82,Pool
9152017EgnerPoolB3,OTU15,GS,100,BOLD:ABZ0908,Animalia,Arthropoda,Insecta,Diptera,Tipulidae,Nephrotoma,Nephrotoma ferruginea,9301,9/15/2017,Egner,B,9/18/2017,82,Pool
9152017EgnerPoolB3,OTU23,GS,100,BOLD:AAF9008,Animalia,Arthropoda,Insecta,Diptera,Limoniidae,Helius,Helius flavipes,6893,9/15/2017,Egner,B,9/18/2017,82,Pool
9152017EgnerPoolB3,OTU47,GS,100,BOLD:AAN5881,Animalia,Arthropoda,Insecta,Diptera,Limoniidae,NA,NA,3150,9/15/2017,Egner,B,9/18/2017,82,Pool
9152017EgnerPoolB3,OTU52,GS,100,BOLD:AAG4399,Animalia,Arthropoda,Insecta,Hemiptera,Flatidae,Metcalfa,Metcalfa pruinosa,114,9/15/2017,Egner,B,9/18/2017,82,Pool
9152017EgnerPoolB3,OTU54,GS,99.4,BOLD:ABA5202,Animalia,Arthropoda,Insecta,Diptera,Limoniidae,Pseudolimnophila,Pseudolimnophila luteipennis,521,9/15/2017,Egner,B,9/18/2017,82,Pool
9152017EgnerPoolB3,OTU84,GS,97.8,BOLD:ABU5821,Animalia,Arthropoda,Insecta,Diptera,Tipulidae,Tipula,Tipula sayi,75,9/15/2017,Egner,B,9/18/2017,82,Pool
9152017EgnerPoolB3,OTU136,GS,100,BOLD:AAJ2208,Animalia,Arthropoda,Insecta,Diptera,Limoniidae,Limonia,Limonia immatura,1015,9/15/2017,Egner,B,9/18/2017,82,Pool
9152017EgnerPoolB3,OTU141,GS,100,BOLD:ABX6186,Animalia,Arthropoda,Insecta,Diptera,Tipulidae,Nephrotoma,Nephrotoma ferruginea,2135,9/15/2017,Egner,B,9/18/2017,82,Pool
9152017EgnerPoolB3,OTU195,GS,100,BOLD:ABW4424,Animalia,Arthropoda,Insecta,Diptera,Limoniidae,Dicranomyia,NA,1696,9/15/2017,Egner,B,9/18/2017,82,Pool
9152017EgnerPoolB3,OTU208,GS,100,BOLD:AAY8540,Animalia,Arthropoda,Insecta,Coleoptera,Carabidae,Polyderis,Polyderis laeva,2217,9/15/2017,Egner,B,9/18/2017,82,Pool
9152017EgnerPoolB3,OTU249,SS,0.04,BOLD:AAU6540,Animalia,Arthropoda,Insecta,Diptera,Psychodidae,NA,NA,1330,9/15/2017,Egner,B,9/18/2017,82,Pool
9152017EgnerPoolB3,OTU252,GS,100,BOLD:AAC6739,Animalia,Arthropoda,Insecta,Lepidoptera,Coleophoridae,Coleophora,Coleophora borea,25,9/15/2017,Egner,B,9/18/2017,82,Pool
9152017EgnerPoolB3,OTU257,GS,100,BOLD:AAA5803,Animalia,Arthropoda,Insecta,Hemiptera,Miridae,Lygus,Lygus lineolaris,62,9/15/2017,Egner,B,9/18/2017,82,Pool
9152017EgnerPoolB3,OTU271,GS,98.9,BOLD:ABX3627,Animalia,Arthropoda,Insecta,Diptera,Limoniidae,NA,NA,62,9/15/2017,Egner,B,9/18/2017,82,Pool
9152017EgnerPoolB3,OTU288,GSL,100,BOLD:AAB5640,Animalia,Arthropoda,Insecta,Coleoptera,Coccinellidae,Harmonia,Harmonia axyridis,757,9/15/2017,Egner,B,9/18/2017,82,Pool
9152017EgnerPoolB3,OTU333,GS,100,BOLD:AAD7490,Animalia,Arthropoda,Insecta,Hymenoptera,Formicidae,Brachymyrmex,Brachymyrmex depilis,123,9/15/2017,Egner,B,9/18/2017,82,Pool
9152017EgnerPoolB3,OTU364,GS,100,BOLD:AAF8338,Animalia,Arthropoda,Insecta,Diptera,Tipulidae,Tipula,Tipula furca,20,9/15/2017,Egner,B,9/18/2017,82,Pool
9152017EgnerPoolB3,OTU373,GS,98.9,BOLD:AAG8953,Animalia,Arthropoda,Insecta,Hemiptera,Cicadellidae,Gyponana,Gyponana amara,55,9/15/2017,Egner,B,9/18/2017,82,Pool
9152017EgnerPoolB3,OTU380,US,0,None,Animalia,Arthropoda,Insecta,Trichoptera,NA,NA,NA,52,9/15/2017,Egner,B,9/18/2017,82,Pool
9152017EgnerPoolB3,OTU396,SS,0.98,BOLD:AAP2734,Animalia,Arthropoda,Insecta,Diptera,Limoniidae,Erioptera,Erioptera parva,219,9/15/2017,Egner,B,9/18/2017,82,Pool
9152017EgnerPoolB3,OTU408,GS,100,BOLD:AAA2955,Animalia,Arthropoda,Insecta,Lepidoptera,Tortricidae,Argyrotaenia,Argyrotaenia ljungiana,11,9/15/2017,Egner,B,9/18/2017,82,Pool
9152017EgnerPoolB3,OTU411,GS,100,BOLD:AAC8166,Animalia,Arthropoda,Insecta,Lepidoptera,NA,NA,NA,4,9/15/2017,Egner,B,9/18/2017,82,Pool
9152017EgnerPoolB3,OTU446,GS,100,BOLD:AAD1537,Animalia,Arthropoda,Insecta,Lepidoptera,Tortricidae,Gretchena,Gretchena bolliana,2,9/15/2017,Egner,B,9/18/2017,82,Pool
9152017EgnerPoolB3,OTU462,GS,100,BOLD:AAB9126,Animalia,Arthropoda,Insecta,Hymenoptera,Formicidae,Lasius,Lasius neoniger,231,9/15/2017,Egner,B,9/18/2017,82,Pool
9152017EgnerPoolB3,OTU468,GS,100,BOLD:AAN5951,Animalia,Arthropoda,Insecta,Coleoptera,Carabidae,Mioptachys,Mioptachys flavicauda,212,9/15/2017,Egner,B,9/18/2017,82,Pool
9152017EgnerPoolB3,OTU549,GS,100,BOLD:AAM8604,Animalia,Arthropoda,Insecta,Lepidoptera,NA,NA,NA,1,9/15/2017,Egner,B,9/18/2017,82,Pool
9152017EgnerPoolB3,OTU576,GS,100,BOLD:AAA5192,Animalia,Arthropoda,Insecta,Lepidoptera,Tortricidae,Platynota,Platynota idaeusalis,1,9/15/2017,Egner,B,9/18/2017,82,Pool
9152017EgnerPoolB3,OTU580,GS,98.3,BOLD:ABZ0908,Animalia,Arthropoda,Insecta,Diptera,Tipulidae,Nephrotoma,Nephrotoma ferruginea,1188,9/15/2017,Egner,B,9/18/2017,82,Pool
9152017EgnerPoolB3,OTU628,US,0.2061,BOLD:AAZ4432,Animalia,Arthropoda,Collembola,Entomobryomorpha,NA,NA,NA,2,9/15/2017,Egner,B,9/18/2017,82,Pool
9152017EgnerPoolB3,OTU635,GS,97.2,BOLD:AAN5882,Animalia,Arthropoda,Insecta,Diptera,Limoniidae,Erioptera,Erioptera caliptera,456,9/15/2017,Egner,B,9/18/2017,82,Pool
9152017EgnerPoolB3,OTU680,GS,97.2,BOLD:AAF9008,Animalia,Arthropoda,Insecta,Diptera,Limoniidae,Helius,Helius flavipes,401,9/15/2017,Egner,B,9/18/2017,82,Pool
9152017EgnerPoolB3,OTU715,SS,0.71,BOLD:ABZ0908,Animalia,Arthropoda,Insecta,Diptera,NA,NA,NA,979,9/15/2017,Egner,B,9/18/2017,82,Pool
9152017EgnerPoolB3,OTU755,GS,99.4,BOLD:AAU8194,Animalia,Arthropoda,Insecta,Coleoptera,Ciidae,Cis,Cis fuscipes,65,9/15/2017,Egner,B,9/18/2017,82,Pool
9152017EgnerPoolB3,OTU767,GS,100,BOLD:AAC7129,Animalia,Arthropoda,Insecta,Lepidoptera,Tischeriidae,Coptotriche,Coptotriche citrinipennella,2,9/15/2017,Egner,B,9/18/2017,82,Pool
9152017EgnerPoolB3,OTU798,SS,0.6,BOLD:AAO3940,Animalia,Arthropoda,Insecta,Diptera,NA,NA,NA,6,9/15/2017,Egner,B,9/18/2017,82,Pool
9152017EgnerPoolB3,OTU868,GS,97.8,BOLD:AAA4242,Animalia,Arthropoda,Insecta,Diptera,Tachinidae,Lespesia,NA,5,9/15/2017,Egner,B,9/18/2017,82,Pool
9152017EgnerPoolB3,OTU907,SS,0.01,BOLD:AAO3940,Animalia,Arthropoda,Insecta,Diptera,Limoniidae,Rhipidia,NA,5,9/15/2017,Egner,B,9/18/2017,82,Pool
9152017EgnerPoolB3,OTU935,SS,0.01,BOLD:AAO3940,Animalia,Arthropoda,Insecta,Diptera,Limoniidae,Rhipidia,NA,14,9/15/2017,Egner,B,9/18/2017,82,Pool
9152017EgnerPoolB3,OTU1032,GS,97.8,BOLD:ACA9217,Animalia,Arthropoda,Insecta,Hymenoptera,Formicidae,Lasius,NA,27,9/15/2017,Egner,B,9/18/2017,82,Pool
9152017EgnerPoolB3,OTU1072,SS,0.54,BOLD:ABV9238,Animalia,Arthropoda,Insecta,Diptera,NA,NA,NA,8,9/15/2017,Egner,B,9/18/2017,82,Pool
9152017EgnerPoolB3,OTU1088,GS,98.3,BOLD:AAG2878,Animalia,Arthropoda,Insecta,Hemiptera,Cicadellidae,Gyponana,Gyponana extenda,7,9/15/2017,Egner,B,9/18/2017,82,Pool
9152017EgnerPoolB3,OTU1090,GS,97.2,BOLD:ABX3627,Animalia,Arthropoda,Insecta,Diptera,Limoniidae,NA,NA,319,9/15/2017,Egner,B,9/18/2017,82,Pool
9152017EgnerPoolB3,OTU1107,US,0,BOLD:ACT8457,Animalia,Arthropoda,Insecta,Hymenoptera,NA,NA,NA,4,9/15/2017,Egner,B,9/18/2017,82,Pool
9152017EgnerPoolB3,OTU1116,SS,0.5,BOLD:ABZ0908,Animalia,Arthropoda,Insecta,Diptera,NA,NA,NA,41,9/15/2017,Egner,B,9/18/2017,82,Pool
9152017EgnerPoolB3,OTU1148,US,0.1935,None,Animalia,Arthropoda,Insecta,Coleoptera,NA,NA,NA,1,9/15/2017,Egner,B,9/18/2017,82,Pool
9152017EgnerPoolB3,OTU1170,US,0,BOLD:ACT8457,Animalia,Arthropoda,Insecta,Hymenoptera,NA,NA,NA,1,9/15/2017,Egner,B,9/18/2017,82,Pool
9152017EgnerPoolB3,OTU1225,SS,0.54,BOLD:AAP8998,Animalia,Arthropoda,Insecta,NA,NA,NA,NA,382,9/15/2017,Egner,B,9/18/2017,82,Pool
9152017EgnerPoolB3,OTU1243,SS,0.79,BOLD:AAY5602,Animalia,Arthropoda,Insecta,NA,NA,NA,NA,212,9/15/2017,Egner,B,9/18/2017,82,Pool
9152017EgnerPoolB3,OTU1266,GS,98.9,BOLD:ABX7727,Animalia,Arthropoda,Arachnida,Araneae,Philodromidae,Philodromus,Philodromus vulgaris,1,9/15/2017,Egner,B,9/18/2017,82,Pool
9152017EgnerPoolB3,OTU1279,GS,99.4,BOLD:ABU5822,Animalia,Arthropoda,Insecta,Diptera,NA,NA,NA,4,9/15/2017,Egner,B,9/18/2017,82,Pool
9152017EgnerPoolB3,OTU1292,GS,97.8,BOLD:AAN5882,Animalia,Arthropoda,Insecta,Diptera,Limoniidae,Erioptera,Erioptera caliptera,107,9/15/2017,Egner,B,9/18/2017,82,Pool
9152017EgnerPoolB3,OTU1318,SS,0.75,BOLD:ABV9403,Animalia,Arthropoda,Insecta,NA,NA,NA,NA,9,9/15/2017,Egner,B,9/18/2017,82,Pool
9152017EgnerPoolB3,OTU1339,US,0.7924,BOLD:ACN0349,Animalia,Arthropoda,Insecta,NA,NA,NA,NA,32,9/15/2017,Egner,B,9/18/2017,82,Pool
9152017EgnerPoolB3,OTU1353,SS,0.11,BOLD:ABU9995,Animalia,Arthropoda,Insecta,Diptera,NA,NA,NA,13,9/15/2017,Egner,B,9/18/2017,82,Pool
9152017EgnerPoolB3,OTU1381,GS,100,BOLD:ACF3514,Animalia,Arthropoda,Insecta,Trichoptera,Leptoceridae,Oecetis,Oecetis inconspicua,1,9/15/2017,Egner,B,9/18/2017,82,Pool
9152017EgnerPoolB3,OTU1401,SS,0.78,BOLD:AAF9008,Animalia,Arthropoda,Insecta,Diptera,NA,NA,NA,12,9/15/2017,Egner,B,9/18/2017,82,Pool
9152017EgnerPoolB3,OTU1411,SS,0.41,BOLD:ACF8666,Animalia,Arthropoda,Insecta,Diptera,NA,NA,NA,17,9/15/2017,Egner,B,9/18/2017,82,Pool
9152017EgnerPoolB3,OTU1433,SS,0.69,BOLD:AAB9126,Animalia,Arthropoda,Insecta,Hymenoptera,Formicidae,NA,NA,10,9/15/2017,Egner,B,9/18/2017,82,Pool
9152017EgnerPoolB3,OTU1444,US,0.2061,BOLD:ABA9828,Animalia,Arthropoda,Insecta,Lepidoptera,NA,NA,NA,1,9/15/2017,Egner,B,9/18/2017,82,Pool
9152017EgnerPoolB3,OTU1447,SS,0.95,BOLD:ABZ0908,Animalia,Arthropoda,Insecta,Diptera,Tipulidae,Nephrotoma,Nephrotoma ferruginea,20,9/15/2017,Egner,B,9/18/2017,82,Pool
9152017EgnerPoolB3,OTU1464,SS,0.42,BOLD:ABA5086,Animalia,Arthropoda,Insecta,Hemiptera,Cicadellidae,Gyponana,NA,3,9/15/2017,Egner,B,9/18/2017,82,Pool
9152017EgnerPoolB3,OTU1468,GS,98.9,BOLD:AAN5533,Animalia,Arthropoda,Insecta,Diptera,Dolichopodidae,NA,NA,12,9/15/2017,Egner,B,9/18/2017,82,Pool
9152017EgnerPoolB3,OTU1480,US,0.9249,BOLD:AAN5882,Animalia,Arthropoda,Insecta,Diptera,NA,NA,NA,39,9/15/2017,Egner,B,9/18/2017,82,Pool
9152017EgnerPoolB3,OTU1482,SS,0.87,BOLD:AAF9008,Animalia,Arthropoda,Insecta,Diptera,Limoniidae,Helius,Helius flavipes,76,9/15/2017,Egner,B,9/18/2017,82,Pool
9152017EgnerPoolB3,OTU1494,US,0.8732,BOLD:AAF4632,Animalia,Arthropoda,Insecta,Diptera,NA,NA,NA,2,9/15/2017,Egner,B,9/18/2017,82,Pool
9152017EgnerPoolB3,OTU1499,US,1,None,Animalia,Arthropoda,Collembola,Entomobryomorpha,NA,NA,NA,1,9/15/2017,Egner,B,9/18/2017,82,Pool
9152017EgnerPoolB3,OTU1505,GS,98.9,BOLD:ABW2733,Animalia,Arthropoda,Insecta,Diptera,Cecidomyiidae,NA,NA,12,9/15/2017,Egner,B,9/18/2017,82,Pool
9152017EgnerPoolB3,OTU1513,GS,97.8,BOLD:ACL2801,Animalia,Arthropoda,Insecta,Diptera,Tipulidae,Nephrotoma,Nephrotoma macrocera,3,9/15/2017,Egner,B,9/18/2017,82,Pool
9152017EgnerPoolB3,OTU1522,SS,0.57,BOLD:AAF9008,Animalia,Arthropoda,Insecta,Diptera,NA,NA,NA,1,9/15/2017,Egner,B,9/18/2017,82,Pool
9152017EgnerPoolB3,OTU1524,SS,0.4,BOLD:AAB4070,Animalia,Arthropoda,Insecta,Lepidoptera,NA,NA,NA,3,9/15/2017,Egner,B,9/18/2017,82,Pool
9152017EgnerPoolB3,OTU1545,GS,97.8,BOLD:ABA5202,Animalia,Arthropoda,Insecta,Diptera,Limoniidae,Pseudolimnophila,Pseudolimnophila luteipennis,3,9/15/2017,Egner,B,9/18/2017,82,Pool
9152017EgnerPoolB3,OTU1554,SS,0.92,BOLD:AAP2734,Animalia,Arthropoda,Insecta,Diptera,Limoniidae,Erioptera,Erioptera parva,327,9/15/2017,Egner,B,9/18/2017,82,Pool
9152017EgnerPoolB3,OTU1575,SS,0.94,BOLD:AAM6177,Animalia,Arthropoda,Insecta,Diptera,Clusiidae,Sobarocephala,Sobarocephala lachnosternum,1,9/15/2017,Egner,B,9/18/2017,82,Pool
9152017EgnerPoolB3,OTU1576,GS,97.8,BOLD:AAN5881,Animalia,Arthropoda,Insecta,Diptera,Limoniidae,NA,NA,654,9/15/2017,Egner,B,9/18/2017,82,Pool
9152017EgnerPoolB3,OTU1639,GS,98.9,BOLD:ACC7925,Animalia,Arthropoda,Arachnida,Trombidiformes,Scutacaridae,NA,NA,2,9/15/2017,Egner,B,9/18/2017,82,Pool
9152017EgnerPoolB3,OTU1664,SS,0.26,BOLD:AAF9008,Animalia,Arthropoda,Insecta,Diptera,NA,NA,NA,153,9/15/2017,Egner,B,9/18/2017,82,Pool
9152017EgnerPoolB3,OTU1714,SS,0.8,BOLD:ABX6186,Animalia,Arthropoda,Insecta,Diptera,Tipulidae,Nephrotoma,Nephrotoma ferruginea,304,9/15/2017,Egner,B,9/18/2017,82,Pool
9152017EgnerPoolB3,OTU1746,GS,97.2,BOLD:ACE9691,Animalia,Arthropoda,Insecta,Hemiptera,Cicadellidae,Gyponana,Gyponana brevita,1,9/15/2017,Egner,B,9/18/2017,82,Pool
9152017EgnerPoolB3,OTU1774,SS,0.08,BOLD:ABU9995,Animalia,Arthropoda,Insecta,Diptera,NA,NA,NA,13,9/15/2017,Egner,B,9/18/2017,82,Pool
9152017EgnerPoolB3,OTU1782,US,0.9249,BOLD:AAO3940,Animalia,Arthropoda,Insecta,Diptera,NA,NA,NA,1,9/15/2017,Egner,B,9/18/2017,82,Pool
9152017EgnerPoolB3,OTU1797,SS,0.63,BOLD:ABX6186,Animalia,Arthropoda,Insecta,Diptera,NA,NA,NA,4,9/15/2017,Egner,B,9/18/2017,82,Pool
9152017EgnerPoolB3,OTU1882,SS,0.18,BOLD:ACN0347,Animalia,Arthropoda,Insecta,Diptera,NA,NA,NA,3,9/15/2017,Egner,B,9/18/2017,82,Pool
9152017EgnerPoolB3,OTU1910,SS,0.87,BOLD:ABZ0908,Animalia,Arthropoda,Insecta,Diptera,Tipulidae,Nephrotoma,Nephrotoma ferruginea,78,9/15/2017,Egner,B,9/18/2017,82,Pool
9152017EgnerPoolB3,OTU1913,GS,100,BOLD:ABW8043,Animalia,Arthropoda,Insecta,Diptera,Syrphidae,Toxomerus,Toxomerus teliger,7,9/15/2017,Egner,B,9/18/2017,82,Pool
9152017EgnerPoolB4,OTU3,GS,100,BOLD:AAP2734,Animalia,Arthropoda,Insecta,Diptera,Limoniidae,Erioptera,Erioptera parva,2082,9/15/2017,Egner,B,9/18/2017,82,Pool
9152017EgnerPoolB4,OTU4,GS,100,BOLD:AAN5882,Animalia,Arthropoda,Insecta,Diptera,Limoniidae,Erioptera,Erioptera caliptera,2513,9/15/2017,Egner,B,9/18/2017,82,Pool
9152017EgnerPoolB4,OTU6,GS,99.4,BOLD:ACZ2169,Animalia,Arthropoda,Insecta,Hemiptera,Cicadellidae,Gyponana,NA,12522,9/15/2017,Egner,B,9/18/2017,82,Pool
9152017EgnerPoolB4,OTU9,US,0.7924,BOLD:AAG8502,Animalia,Arthropoda,Insecta,NA,NA,NA,NA,1226,9/15/2017,Egner,B,9/18/2017,82,Pool
9152017EgnerPoolB4,OTU14,GS,99.4,BOLD:AAO3940,Animalia,Arthropoda,Insecta,Diptera,Limoniidae,Rhipidia,NA,256,9/15/2017,Egner,B,9/18/2017,82,Pool
9152017EgnerPoolB4,OTU15,GS,100,BOLD:ABZ0908,Animalia,Arthropoda,Insecta,Diptera,Tipulidae,Nephrotoma,Nephrotoma ferruginea,2806,9/15/2017,Egner,B,9/18/2017,82,Pool
9152017EgnerPoolB4,OTU23,GS,100,BOLD:AAF9008,Animalia,Arthropoda,Insecta,Diptera,Limoniidae,Helius,Helius flavipes,2609,9/15/2017,Egner,B,9/18/2017,82,Pool
9152017EgnerPoolB4,OTU47,GS,100,BOLD:AAN5881,Animalia,Arthropoda,Insecta,Diptera,Limoniidae,NA,NA,1158,9/15/2017,Egner,B,9/18/2017,82,Pool
9152017EgnerPoolB4,OTU54,GS,99.4,BOLD:ABA5202,Animalia,Arthropoda,Insecta,Diptera,Limoniidae,Pseudolimnophila,Pseudolimnophila luteipennis,206,9/15/2017,Egner,B,9/18/2017,82,Pool
9152017EgnerPoolB4,OTU136,GS,100,BOLD:AAJ2208,Animalia,Arthropoda,Insecta,Diptera,Limoniidae,Limonia,Limonia immatura,317,9/15/2017,Egner,B,9/18/2017,82,Pool
9152017EgnerPoolB4,OTU141,GS,100,BOLD:ABX6186,Animalia,Arthropoda,Insecta,Diptera,Tipulidae,Nephrotoma,Nephrotoma ferruginea,635,9/15/2017,Egner,B,9/18/2017,82,Pool
9152017EgnerPoolB4,OTU195,GS,100,BOLD:ABW4424,Animalia,Arthropoda,Insecta,Diptera,Limoniidae,Dicranomyia,NA,668,9/15/2017,Egner,B,9/18/2017,82,Pool
9152017EgnerPoolB4,OTU208,GS,100,BOLD:AAY8540,Animalia,Arthropoda,Insecta,Coleoptera,Carabidae,Polyderis,Polyderis laeva,786,9/15/2017,Egner,B,9/18/2017,82,Pool
9152017EgnerPoolB4,OTU249,SS,0.04,BOLD:AAU6540,Animalia,Arthropoda,Insecta,Diptera,Psychodidae,NA,NA,315,9/15/2017,Egner,B,9/18/2017,82,Pool
9152017EgnerPoolB4,OTU252,GS,100,BOLD:AAC6739,Animalia,Arthropoda,Insecta,Lepidoptera,Coleophoridae,Coleophora,Coleophora borea,8,9/15/2017,Egner,B,9/18/2017,82,Pool
9152017EgnerPoolB4,OTU257,GS,100,BOLD:AAA5803,Animalia,Arthropoda,Insecta,Hemiptera,Miridae,Lygus,Lygus lineolaris,23,9/15/2017,Egner,B,9/18/2017,82,Pool
9152017EgnerPoolB4,OTU271,GS,98.9,BOLD:ABX3627,Animalia,Arthropoda,Insecta,Diptera,Limoniidae,NA,NA,19,9/15/2017,Egner,B,9/18/2017,82,Pool
9152017EgnerPoolB4,OTU288,GSL,100,BOLD:AAB5640,Animalia,Arthropoda,Insecta,Coleoptera,Coccinellidae,Harmonia,Harmonia axyridis,310,9/15/2017,Egner,B,9/18/2017,82,Pool
9152017EgnerPoolB4,OTU333,GS,100,BOLD:AAD7490,Animalia,Arthropoda,Insecta,Hymenoptera,Formicidae,Brachymyrmex,Brachymyrmex depilis,41,9/15/2017,Egner,B,9/18/2017,82,Pool
9152017EgnerPoolB4,OTU364,GS,100,BOLD:AAF8338,Animalia,Arthropoda,Insecta,Diptera,Tipulidae,Tipula,Tipula furca,15,9/15/2017,Egner,B,9/18/2017,82,Pool
9152017EgnerPoolB4,OTU380,US,0,None,Animalia,Arthropoda,Insecta,Trichoptera,NA,NA,NA,26,9/15/2017,Egner,B,9/18/2017,82,Pool
9152017EgnerPoolB4,OTU396,SS,0.98,BOLD:AAP2734,Animalia,Arthropoda,Insecta,Diptera,Limoniidae,Erioptera,Erioptera parva,66,9/15/2017,Egner,B,9/18/2017,82,Pool
9152017EgnerPoolB4,OTU462,GS,100,BOLD:AAB9126,Animalia,Arthropoda,Insecta,Hymenoptera,Formicidae,Lasius,Lasius neoniger,51,9/15/2017,Egner,B,9/18/2017,82,Pool
9152017EgnerPoolB4,OTU468,GS,100,BOLD:AAN5951,Animalia,Arthropoda,Insecta,Coleoptera,Carabidae,Mioptachys,Mioptachys flavicauda,91,9/15/2017,Egner,B,9/18/2017,82,Pool
9152017EgnerPoolB4,OTU580,GS,98.3,BOLD:ABZ0908,Animalia,Arthropoda,Insecta,Diptera,Tipulidae,Nephrotoma,Nephrotoma ferruginea,388,9/15/2017,Egner,B,9/18/2017,82,Pool
9152017EgnerPoolB4,OTU608,US,0.6809,BOLD:ABW8929,Animalia,Arthropoda,Maxillopoda,NA,NA,NA,NA,5,9/15/2017,Egner,B,9/18/2017,82,Pool
9152017EgnerPoolB4,OTU628,US,0.2061,BOLD:AAZ4432,Animalia,Arthropoda,Collembola,Entomobryomorpha,NA,NA,NA,1,9/15/2017,Egner,B,9/18/2017,82,Pool
9152017EgnerPoolB4,OTU635,GS,97.2,BOLD:AAN5882,Animalia,Arthropoda,Insecta,Diptera,Limoniidae,Erioptera,Erioptera caliptera,189,9/15/2017,Egner,B,9/18/2017,82,Pool
9152017EgnerPoolB4,OTU645,GS,100,BOLD:AAG8824,Animalia,Arthropoda,Insecta,Hemiptera,Miridae,Hyaliodes,Hyaliodes harti,2,9/15/2017,Egner,B,9/18/2017,82,Pool
9152017EgnerPoolB4,OTU680,GS,97.2,BOLD:AAF9008,Animalia,Arthropoda,Insecta,Diptera,Limoniidae,Helius,Helius flavipes,180,9/15/2017,Egner,B,9/18/2017,82,Pool
9152017EgnerPoolB4,OTU700,GS,100,BOLD:AAN5337,Animalia,Arthropoda,Insecta,Diptera,Chironomidae,NA,NA,2,9/15/2017,Egner,B,9/18/2017,82,Pool
9152017EgnerPoolB4,OTU715,SS,0.71,BOLD:ABZ0908,Animalia,Arthropoda,Insecta,Diptera,NA,NA,NA,304,9/15/2017,Egner,B,9/18/2017,82,Pool
9152017EgnerPoolB4,OTU728,GS,100,BOLD:ABA6114,Animalia,Arthropoda,Insecta,Hymenoptera,Diapriidae,NA,NA,1,9/15/2017,Egner,B,9/18/2017,82,Pool
9152017EgnerPoolB4,OTU755,GS,99.4,BOLD:AAU8194,Animalia,Arthropoda,Insecta,Coleoptera,Ciidae,Cis,Cis fuscipes,33,9/15/2017,Egner,B,9/18/2017,82,Pool
9152017EgnerPoolB4,OTU794,GS,100,BOLD:AAD2564,Animalia,Arthropoda,Insecta,Lepidoptera,Gelechiidae,Chionodes,Chionodes fuscomaculella,1,9/15/2017,Egner,B,9/18/2017,82,Pool
9152017EgnerPoolB4,OTU881,GS,100,BOLD:AAM6177,Animalia,Arthropoda,Insecta,Diptera,Clusiidae,Sobarocephala,Sobarocephala lachnosternum,2,9/15/2017,Egner,B,9/18/2017,82,Pool
9152017EgnerPoolB4,OTU1032,GS,97.8,BOLD:ACA9217,Animalia,Arthropoda,Insecta,Hymenoptera,Formicidae,Lasius,NA,10,9/15/2017,Egner,B,9/18/2017,82,Pool
9152017EgnerPoolB4,OTU1072,SS,0.54,BOLD:ABV9238,Animalia,Arthropoda,Insecta,Diptera,NA,NA,NA,3,9/15/2017,Egner,B,9/18/2017,82,Pool
9152017EgnerPoolB4,OTU1090,GS,97.2,BOLD:ABX3627,Animalia,Arthropoda,Insecta,Diptera,Limoniidae,NA,NA,94,9/15/2017,Egner,B,9/18/2017,82,Pool
9152017EgnerPoolB4,OTU1110,SS,1,BOLD:AAG2878,Animalia,Arthropoda,Insecta,Hemiptera,Cicadellidae,Gyponana,Gyponana extenda,1,9/15/2017,Egner,B,9/18/2017,82,Pool
9152017EgnerPoolB4,OTU1116,SS,0.5,BOLD:ABZ0908,Animalia,Arthropoda,Insecta,Diptera,NA,NA,NA,9,9/15/2017,Egner,B,9/18/2017,82,Pool
9152017EgnerPoolB4,OTU1175,GS,100,BOLD:AAC8389,Animalia,Arthropoda,Insecta,Lepidoptera,Erebidae,Parahypenodes,Parahypenodes quadralis,1,9/15/2017,Egner,B,9/18/2017,82,Pool
9152017EgnerPoolB4,OTU1225,SS,0.54,BOLD:AAP8998,Animalia,Arthropoda,Insecta,NA,NA,NA,NA,145,9/15/2017,Egner,B,9/18/2017,82,Pool
9152017EgnerPoolB4,OTU1243,SS,0.79,BOLD:AAY5602,Animalia,Arthropoda,Insecta,NA,NA,NA,NA,74,9/15/2017,Egner,B,9/18/2017,82,Pool
9152017EgnerPoolB4,OTU1292,GS,97.8,BOLD:AAN5882,Animalia,Arthropoda,Insecta,Diptera,Limoniidae,Erioptera,Erioptera caliptera,41,9/15/2017,Egner,B,9/18/2017,82,Pool
9152017EgnerPoolB4,OTU1318,SS,0.75,BOLD:ABV9403,Animalia,Arthropoda,Insecta,NA,NA,NA,NA,1,9/15/2017,Egner,B,9/18/2017,82,Pool
9152017EgnerPoolB4,OTU1339,US,0.7924,BOLD:ACN0349,Animalia,Arthropoda,Insecta,NA,NA,NA,NA,8,9/15/2017,Egner,B,9/18/2017,82,Pool
9152017EgnerPoolB4,OTU1353,SS,0.11,BOLD:ABU9995,Animalia,Arthropoda,Insecta,Diptera,NA,NA,NA,6,9/15/2017,Egner,B,9/18/2017,82,Pool
9152017EgnerPoolB4,OTU1401,SS,0.78,BOLD:AAF9008,Animalia,Arthropoda,Insecta,Diptera,NA,NA,NA,6,9/15/2017,Egner,B,9/18/2017,82,Pool
9152017EgnerPoolB4,OTU1411,SS,0.41,BOLD:ACF8666,Animalia,Arthropoda,Insecta,Diptera,NA,NA,NA,7,9/15/2017,Egner,B,9/18/2017,82,Pool
9152017EgnerPoolB4,OTU1433,SS,0.69,BOLD:AAB9126,Animalia,Arthropoda,Insecta,Hymenoptera,Formicidae,NA,NA,1,9/15/2017,Egner,B,9/18/2017,82,Pool
9152017EgnerPoolB4,OTU1468,GS,98.9,BOLD:AAN5533,Animalia,Arthropoda,Insecta,Diptera,Dolichopodidae,NA,NA,3,9/15/2017,Egner,B,9/18/2017,82,Pool
9152017EgnerPoolB4,OTU1480,US,0.9249,BOLD:AAN5882,Animalia,Arthropoda,Insecta,Diptera,NA,NA,NA,16,9/15/2017,Egner,B,9/18/2017,82,Pool
9152017EgnerPoolB4,OTU1482,SS,0.87,BOLD:AAF9008,Animalia,Arthropoda,Insecta,Diptera,Limoniidae,Helius,Helius flavipes,23,9/15/2017,Egner,B,9/18/2017,82,Pool
9152017EgnerPoolB4,OTU1505,GS,98.9,BOLD:ABW2733,Animalia,Arthropoda,Insecta,Diptera,Cecidomyiidae,NA,NA,2,9/15/2017,Egner,B,9/18/2017,82,Pool
9152017EgnerPoolB4,OTU1524,SS,0.4,BOLD:AAB4070,Animalia,Arthropoda,Insecta,Lepidoptera,NA,NA,NA,3,9/15/2017,Egner,B,9/18/2017,82,Pool
9152017EgnerPoolB4,OTU1554,SS,0.92,BOLD:AAP2734,Animalia,Arthropoda,Insecta,Diptera,Limoniidae,Erioptera,Erioptera parva,108,9/15/2017,Egner,B,9/18/2017,82,Pool
9152017EgnerPoolB4,OTU1576,GS,97.8,BOLD:AAN5881,Animalia,Arthropoda,Insecta,Diptera,Limoniidae,NA,NA,226,9/15/2017,Egner,B,9/18/2017,82,Pool
9152017EgnerPoolB4,OTU1664,SS,0.26,BOLD:AAF9008,Animalia,Arthropoda,Insecta,Diptera,NA,NA,NA,58,9/15/2017,Egner,B,9/18/2017,82,Pool
9152017EgnerPoolB4,OTU1714,SS,0.8,BOLD:ABX6186,Animalia,Arthropoda,Insecta,Diptera,Tipulidae,Nephrotoma,Nephrotoma ferruginea,97,9/15/2017,Egner,B,9/18/2017,82,Pool
9152017EgnerPoolB4,OTU1774,SS,0.08,BOLD:ABU9995,Animalia,Arthropoda,Insecta,Diptera,NA,NA,NA,6,9/15/2017,Egner,B,9/18/2017,82,Pool
9152017EgnerPoolB4,OTU1797,SS,0.63,BOLD:ABX6186,Animalia,Arthropoda,Insecta,Diptera,NA,NA,NA,5,9/15/2017,Egner,B,9/18/2017,82,Pool
9152017EgnerPoolB4,OTU1866,SS,0.38,BOLD:ABX3627,Animalia,Arthropoda,Insecta,Diptera,NA,NA,NA,1,9/15/2017,Egner,B,9/18/2017,82,Pool
9152017EgnerPoolB4,OTU1910,SS,0.87,BOLD:ABZ0908,Animalia,Arthropoda,Insecta,Diptera,Tipulidae,Nephrotoma,Nephrotoma ferruginea,41,9/15/2017,Egner,B,9/18/2017,82,Pool
9152017EgnerPoolC1,OTU2,GS,100,BOLD:AAH3225,Animalia,Arthropoda,Insecta,Psocodea,Psocidae,Metylophorus,Metylophorus novaescotiae,661,9/15/2017,Egner,C,9/18/2017,74,Pool
9152017EgnerPoolC1,OTU4,GS,100,BOLD:AAN5882,Animalia,Arthropoda,Insecta,Diptera,Limoniidae,Erioptera,Erioptera caliptera,1642,9/15/2017,Egner,C,9/18/2017,74,Pool
9152017EgnerPoolC1,OTU6,GS,99.4,BOLD:ACZ2169,Animalia,Arthropoda,Insecta,Hemiptera,Cicadellidae,Gyponana,NA,14626,9/15/2017,Egner,C,9/18/2017,74,Pool
9152017EgnerPoolC1,OTU9,US,0.7924,BOLD:AAG8502,Animalia,Arthropoda,Insecta,NA,NA,NA,NA,1375,9/15/2017,Egner,C,9/18/2017,74,Pool
9152017EgnerPoolC1,OTU52,GS,100,BOLD:AAG4399,Animalia,Arthropoda,Insecta,Hemiptera,Flatidae,Metcalfa,Metcalfa pruinosa,519,9/15/2017,Egner,C,9/18/2017,74,Pool
9152017EgnerPoolC1,OTU62,GS,100,BOLD:ACX8671,Animalia,Arthropoda,Insecta,Coleoptera,Elateridae,Melanotus,Melanotus miscellus,861,9/15/2017,Egner,C,9/18/2017,74,Pool
9152017EgnerPoolC1,OTU73,GS,100,BOLD:AAD6926,Animalia,Arthropoda,Arachnida,Araneae,Anyphaenidae,Anyphaena,Anyphaena pectorosa,1357,9/15/2017,Egner,C,9/18/2017,74,Pool
9152017EgnerPoolC1,OTU141,GS,100,BOLD:ABX6186,Animalia,Arthropoda,Insecta,Diptera,Tipulidae,Nephrotoma,Nephrotoma ferruginea,551,9/15/2017,Egner,C,9/18/2017,74,Pool
9152017EgnerPoolC1,OTU147,GS,100,BOLD:AAA4056,Animalia,Arthropoda,Insecta,Lepidoptera,Geometridae,Hypagyrtis,Hypagyrtis piniata,353,9/15/2017,Egner,C,9/18/2017,74,Pool
9152017EgnerPoolC1,OTU157,US,0,BOLD:ACJ3184,Animalia,Arthropoda,Insecta,Hymenoptera,NA,NA,NA,915,9/15/2017,Egner,C,9/18/2017,74,Pool
9152017EgnerPoolC1,OTU226,GS,100,BOLD:ACE2638,Animalia,Arthropoda,Insecta,Hymenoptera,NA,NA,NA,720,9/15/2017,Egner,C,9/18/2017,74,Pool
9152017EgnerPoolC1,OTU263,GS,98.9,BOLD:AAC4322,Animalia,Arthropoda,Insecta,Lepidoptera,Tortricidae,Platynota,Platynota flavedana,990,9/15/2017,Egner,C,9/18/2017,74,Pool
9152017EgnerPoolC1,OTU1005,SS,0.54,BOLD:ABV3180,Animalia,Arthropoda,Insecta,Hemiptera,NA,NA,NA,1,9/15/2017,Egner,C,9/18/2017,74,Pool
9152017EgnerPoolC1,OTU1172,SS,0.83,BOLD:AAD6926,Animalia,Arthropoda,Arachnida,Araneae,Anyphaenidae,Anyphaena,Anyphaena pectorosa,167,9/15/2017,Egner,C,9/18/2017,74,Pool
9152017EgnerPoolC1,OTU1714,SS,0.8,BOLD:ABX6186,Animalia,Arthropoda,Insecta,Diptera,Tipulidae,Nephrotoma,Nephrotoma ferruginea,49,9/15/2017,Egner,C,9/18/2017,74,Pool
9152017EgnerPoolC1,OTU1797,SS,0.63,BOLD:ABX6186,Animalia,Arthropoda,Insecta,Diptera,NA,NA,NA,2,9/15/2017,Egner,C,9/18/2017,74,Pool
9152017EgnerPoolC2,OTU1,US,0.0026,BOLD:AAD6798,Animalia,Arthropoda,Insecta,Diptera,NA,NA,NA,839,9/15/2017,Egner,C,9/18/2017,74,Pool
9152017EgnerPoolC2,OTU6,GS,99.4,BOLD:ACZ2169,Animalia,Arthropoda,Insecta,Hemiptera,Cicadellidae,Gyponana,NA,22353,9/15/2017,Egner,C,9/18/2017,74,Pool
9152017EgnerPoolC2,OTU9,US,0.7924,BOLD:AAG8502,Animalia,Arthropoda,Insecta,NA,NA,NA,NA,1901,9/15/2017,Egner,C,9/18/2017,74,Pool
9152017EgnerPoolC2,OTU12,GS,100,BOLD:AAE5173,Animalia,Arthropoda,Insecta,Diptera,Psychodidae,PschodididGC,NA,764,9/15/2017,Egner,C,9/18/2017,74,Pool
9152017EgnerPoolC2,OTU13,GS,100,BOLD:ABV1771,Animalia,Arthropoda,Insecta,Diptera,Limoniidae,NA,NA,923,9/15/2017,Egner,C,9/18/2017,74,Pool
9152017EgnerPoolC2,OTU52,GS,100,BOLD:AAG4399,Animalia,Arthropoda,Insecta,Hemiptera,Flatidae,Metcalfa,Metcalfa pruinosa,348,9/15/2017,Egner,C,9/18/2017,74,Pool
9152017EgnerPoolC2,OTU70,GS,100,BOLD:ABY9168,Animalia,Arthropoda,Insecta,Lepidoptera,Tortricidae,Clepsis,Clepsis peritana,771,9/15/2017,Egner,C,9/18/2017,74,Pool
9152017EgnerPoolC2,OTU73,GS,100,BOLD:AAD6926,Animalia,Arthropoda,Arachnida,Araneae,Anyphaenidae,Anyphaena,Anyphaena pectorosa,709,9/15/2017,Egner,C,9/18/2017,74,Pool
9152017EgnerPoolC2,OTU78,US,1,BOLD:AAY8864,Animalia,Arthropoda,Insecta,Diptera,NA,NA,NA,1517,9/15/2017,Egner,C,9/18/2017,74,Pool
9152017EgnerPoolC2,OTU157,US,0,BOLD:ACJ3184,Animalia,Arthropoda,Insecta,Hymenoptera,NA,NA,NA,577,9/15/2017,Egner,C,9/18/2017,74,Pool
9152017EgnerPoolC2,OTU161,GS,100,BOLD:AAA8840,Animalia,Arthropoda,Insecta,Lepidoptera,Tortricidae,Pandemis,Pandemis lamprosana,1821,9/15/2017,Egner,C,9/18/2017,74,Pool
9152017EgnerPoolC2,OTU226,GS,100,BOLD:ACE2638,Animalia,Arthropoda,Insecta,Hymenoptera,NA,NA,NA,778,9/15/2017,Egner,C,9/18/2017,74,Pool
9152017EgnerPoolC2,OTU349,GS,99.4,BOLD:AAD4453,Animalia,Arthropoda,Insecta,Lepidoptera,Geometridae,Iridopsis,Iridopsis defectaria,1409,9/15/2017,Egner,C,9/18/2017,74,Pool
9152017EgnerPoolC2,OTU364,GS,100,BOLD:AAF8338,Animalia,Arthropoda,Insecta,Diptera,Tipulidae,Tipula,Tipula furca,44,9/15/2017,Egner,C,9/18/2017,74,Pool
9152017EgnerPoolC2,OTU368,US,0,BOLD:ACF7057,Animalia,Arthropoda,Insecta,Hymenoptera,NA,NA,NA,150,9/15/2017,Egner,C,9/18/2017,74,Pool
9152017EgnerPoolC2,OTU374,US,0,BOLD:ACT8457,Animalia,Arthropoda,Insecta,Hymenoptera,NA,NA,NA,7,9/15/2017,Egner,C,9/18/2017,74,Pool
9152017EgnerPoolC2,OTU375,GS,100,BOLD:AAG2878,Animalia,Arthropoda,Insecta,Hemiptera,Cicadellidae,Gyponana,Gyponana extenda,134,9/15/2017,Egner,C,9/18/2017,74,Pool
9152017EgnerPoolC2,OTU736,GS,100,BOLD:AAD7279,Animalia,Arthropoda,Insecta,Lepidoptera,Geometridae,Mellilla,Mellilla xanthometata,1,9/15/2017,Egner,C,9/18/2017,74,Pool
9152017EgnerPoolC2,OTU1088,GS,98.3,BOLD:AAG2878,Animalia,Arthropoda,Insecta,Hemiptera,Cicadellidae,Gyponana,Gyponana extenda,17,9/15/2017,Egner,C,9/18/2017,74,Pool
9152017EgnerPoolC2,OTU1134,GS,99.4,BOLD:AAB3667,Animalia,Arthropoda,Insecta,Lepidoptera,Crambidae,Conchylodes,Conchylodes ovulalis,2,9/15/2017,Egner,C,9/18/2017,74,Pool
9152017EgnerPoolC2,OTU1172,SS,0.83,BOLD:AAD6926,Animalia,Arthropoda,Arachnida,Araneae,Anyphaenidae,Anyphaena,Anyphaena pectorosa,29,9/15/2017,Egner,C,9/18/2017,74,Pool
9152017EgnerPoolC2,OTU1502,GS,100,BOLD:AAA7880,Animalia,Arthropoda,Insecta,Lepidoptera,Crambidae,Nomophila,Nomophila noctuella,4,9/15/2017,Egner,C,9/18/2017,74,Pool
9152017EgnerPoolC2,OTU1746,GS,97.2,BOLD:ACE9691,Animalia,Arthropoda,Insecta,Hemiptera,Cicadellidae,Gyponana,Gyponana brevita,1,9/15/2017,Egner,C,9/18/2017,74,Pool
9152017EgnerPoolC3,OTU3,GS,100,BOLD:AAP2734,Animalia,Arthropoda,Insecta,Diptera,Limoniidae,Erioptera,Erioptera parva,1602,9/15/2017,Egner,C,9/18/2017,74,Pool
9152017EgnerPoolC3,OTU4,GS,100,BOLD:AAN5882,Animalia,Arthropoda,Insecta,Diptera,Limoniidae,Erioptera,Erioptera caliptera,215,9/15/2017,Egner,C,9/18/2017,74,Pool
9152017EgnerPoolC3,OTU6,GS,99.4,BOLD:ACZ2169,Animalia,Arthropoda,Insecta,Hemiptera,Cicadellidae,Gyponana,NA,23019,9/15/2017,Egner,C,9/18/2017,74,Pool
9152017EgnerPoolC3,OTU9,US,0.7924,BOLD:AAG8502,Animalia,Arthropoda,Insecta,NA,NA,NA,NA,4943,9/15/2017,Egner,C,9/18/2017,74,Pool
9152017EgnerPoolC3,OTU13,GS,100,BOLD:ABV1771,Animalia,Arthropoda,Insecta,Diptera,Limoniidae,NA,NA,1147,9/15/2017,Egner,C,9/18/2017,74,Pool
9152017EgnerPoolC3,OTU14,GS,99.4,BOLD:AAO3940,Animalia,Arthropoda,Insecta,Diptera,Limoniidae,Rhipidia,NA,1195,9/15/2017,Egner,C,9/18/2017,74,Pool
9152017EgnerPoolC3,OTU23,GS,100,BOLD:AAF9008,Animalia,Arthropoda,Insecta,Diptera,Limoniidae,Helius,Helius flavipes,1413,9/15/2017,Egner,C,9/18/2017,74,Pool
9152017EgnerPoolC3,OTU73,GS,100,BOLD:AAD6926,Animalia,Arthropoda,Arachnida,Araneae,Anyphaenidae,Anyphaena,Anyphaena pectorosa,473,9/15/2017,Egner,C,9/18/2017,74,Pool
9152017EgnerPoolC3,OTU157,US,0,BOLD:ACJ3184,Animalia,Arthropoda,Insecta,Hymenoptera,NA,NA,NA,548,9/15/2017,Egner,C,9/18/2017,74,Pool
9152017EgnerPoolC3,OTU226,GS,100,BOLD:ACE2638,Animalia,Arthropoda,Insecta,Hymenoptera,NA,NA,NA,1113,9/15/2017,Egner,C,9/18/2017,74,Pool
9152017EgnerPoolC3,OTU375,GS,100,BOLD:AAG2878,Animalia,Arthropoda,Insecta,Hemiptera,Cicadellidae,Gyponana,Gyponana extenda,368,9/15/2017,Egner,C,9/18/2017,74,Pool
9152017EgnerPoolC3,OTU635,GS,97.2,BOLD:AAN5882,Animalia,Arthropoda,Insecta,Diptera,Limoniidae,Erioptera,Erioptera caliptera,14,9/15/2017,Egner,C,9/18/2017,74,Pool
9152017EgnerPoolC3,OTU798,SS,0.6,BOLD:AAO3940,Animalia,Arthropoda,Insecta,Diptera,NA,NA,NA,14,9/15/2017,Egner,C,9/18/2017,74,Pool
9152017EgnerPoolC3,OTU935,SS,0.01,BOLD:AAO3940,Animalia,Arthropoda,Insecta,Diptera,Limoniidae,Rhipidia,NA,15,9/15/2017,Egner,C,9/18/2017,74,Pool
9152017EgnerPoolC3,OTU1088,GS,98.3,BOLD:AAG2878,Animalia,Arthropoda,Insecta,Hemiptera,Cicadellidae,Gyponana,Gyponana extenda,189,9/15/2017,Egner,C,9/18/2017,74,Pool
9152017EgnerPoolC3,OTU1105,GS,100,BOLD:AAA9047,Animalia,Arthropoda,Insecta,Hymenoptera,Formicidae,Lasius,Lasius alienus,79,9/15/2017,Egner,C,9/18/2017,74,Pool
9152017EgnerPoolC3,OTU1172,SS,0.83,BOLD:AAD6926,Animalia,Arthropoda,Arachnida,Araneae,Anyphaenidae,Anyphaena,Anyphaena pectorosa,30,9/15/2017,Egner,C,9/18/2017,74,Pool
9152017EgnerPoolC3,OTU1401,SS,0.78,BOLD:AAF9008,Animalia,Arthropoda,Insecta,Diptera,NA,NA,NA,5,9/15/2017,Egner,C,9/18/2017,74,Pool
9152017EgnerPoolC4,OTU4,GS,100,BOLD:AAN5882,Animalia,Arthropoda,Insecta,Diptera,Limoniidae,Erioptera,Erioptera caliptera,3866,9/15/2017,Egner,C,9/18/2017,74,Pool
9152017EgnerPoolC4,OTU6,GS,99.4,BOLD:ACZ2169,Animalia,Arthropoda,Insecta,Hemiptera,Cicadellidae,Gyponana,NA,22725,9/15/2017,Egner,C,9/18/2017,74,Pool
9152017EgnerPoolC4,OTU7,GS,100,BOLD:AAF4632,Animalia,Arthropoda,Insecta,Diptera,Limoniidae,Epiphragma,Epiphragma solatrix,888,9/15/2017,Egner,C,9/18/2017,74,Pool
9152017EgnerPoolC4,OTU9,US,0.7924,BOLD:AAG8502,Animalia,Arthropoda,Insecta,NA,NA,NA,NA,3856,9/15/2017,Egner,C,9/18/2017,74,Pool
9152017EgnerPoolC4,OTU34,GS,100,BOLD:AAM6211,Animalia,Arthropoda,Insecta,Diptera,Chironomidae,Glyptotendipes,NA,460,9/15/2017,Egner,C,9/18/2017,74,Pool
9152017EgnerPoolC4,OTU52,GS,100,BOLD:AAG4399,Animalia,Arthropoda,Insecta,Hemiptera,Flatidae,Metcalfa,Metcalfa pruinosa,418,9/15/2017,Egner,C,9/18/2017,74,Pool
9152017EgnerPoolC4,OTU73,GS,100,BOLD:AAD6926,Animalia,Arthropoda,Arachnida,Araneae,Anyphaenidae,Anyphaena,Anyphaena pectorosa,1482,9/15/2017,Egner,C,9/18/2017,74,Pool
9152017EgnerPoolC4,OTU157,US,0,BOLD:ACJ3184,Animalia,Arthropoda,Insecta,Hymenoptera,NA,NA,NA,9,9/15/2017,Egner,C,9/18/2017,74,Pool
9152017EgnerPoolC4,OTU161,GS,100,BOLD:AAA8840,Animalia,Arthropoda,Insecta,Lepidoptera,Tortricidae,Pandemis,Pandemis lamprosana,463,9/15/2017,Egner,C,9/18/2017,74,Pool
9152017EgnerPoolC4,OTU373,GS,98.9,BOLD:AAG8953,Animalia,Arthropoda,Insecta,Hemiptera,Cicadellidae,Gyponana,Gyponana amara,24,9/15/2017,Egner,C,9/18/2017,74,Pool
9152017EgnerPoolC4,OTU375,GS,100,BOLD:AAG2878,Animalia,Arthropoda,Insecta,Hemiptera,Cicadellidae,Gyponana,Gyponana extenda,7,9/15/2017,Egner,C,9/18/2017,74,Pool
9152017EgnerPoolC4,OTU379,GS,99.4,BOLD:AAG2878,Animalia,Arthropoda,Insecta,Hemiptera,Cicadellidae,Gyponana,Gyponana extenda,7,9/15/2017,Egner,C,9/18/2017,74,Pool
9152017EgnerPoolC4,OTU496,GS,100,BOLD:ACI5697,Animalia,Arthropoda,Insecta,Diptera,Tachinidae,Hyphantrophaga,Hyphantrophaga blanda,817,9/15/2017,Egner,C,9/18/2017,74,Pool
9152017EgnerPoolC4,OTU1088,GS,98.3,BOLD:AAG2878,Animalia,Arthropoda,Insecta,Hemiptera,Cicadellidae,Gyponana,Gyponana extenda,323,9/15/2017,Egner,C,9/18/2017,74,Pool
9152017EgnerPoolC4,OTU1172,SS,0.83,BOLD:AAD6926,Animalia,Arthropoda,Arachnida,Araneae,Anyphaenidae,Anyphaena,Anyphaena pectorosa,65,9/15/2017,Egner,C,9/18/2017,74,Pool
9152017EgnerPoolC4,OTU1268,GS,97.8,BOLD:AAM6211,Animalia,Arthropoda,Insecta,Diptera,Chironomidae,Glyptotendipes,NA,12,9/15/2017,Egner,C,9/18/2017,74,Pool
9152017EgnerPoolC4,OTU1834,SS,0.74,BOLD:AAF4632,Animalia,Arthropoda,Insecta,Diptera,NA,NA,NA,9,9/15/2017,Egner,C,9/18/2017,74,Pool
9152017EgnerPoolD1,OTU3,GS,100,BOLD:AAP2734,Animalia,Arthropoda,Insecta,Diptera,Limoniidae,Erioptera,Erioptera parva,4357,9/15/2017,Egner,D,9/18/2017,25,Pool
9152017EgnerPoolD1,OTU9,US,0.7924,BOLD:AAG8502,Animalia,Arthropoda,Insecta,NA,NA,NA,NA,12417,9/15/2017,Egner,D,9/18/2017,25,Pool
9152017EgnerPoolD1,OTU14,GS,99.4,BOLD:AAO3940,Animalia,Arthropoda,Insecta,Diptera,Limoniidae,Rhipidia,NA,1191,9/15/2017,Egner,D,9/18/2017,25,Pool
9152017EgnerPoolD1,OTU15,GS,100,BOLD:ABZ0908,Animalia,Arthropoda,Insecta,Diptera,Tipulidae,Nephrotoma,Nephrotoma ferruginea,1207,9/15/2017,Egner,D,9/18/2017,25,Pool
9152017EgnerPoolD1,OTU27,SS,0.18,BOLD:AAC6806,Animalia,Arthropoda,Insecta,Diptera,NA,NA,NA,778,9/15/2017,Egner,D,9/18/2017,25,Pool
9152017EgnerPoolD1,OTU39,US,0,BOLD:AAD1754,Animalia,Arthropoda,Insecta,Coleoptera,NA,NA,NA,1183,9/15/2017,Egner,D,9/18/2017,25,Pool
9152017EgnerPoolD1,OTU52,GS,100,BOLD:AAG4399,Animalia,Arthropoda,Insecta,Hemiptera,Flatidae,Metcalfa,Metcalfa pruinosa,95,9/15/2017,Egner,D,9/18/2017,25,Pool
9152017EgnerPoolD1,OTU78,US,1,BOLD:AAY8864,Animalia,Arthropoda,Insecta,Diptera,NA,NA,NA,544,9/15/2017,Egner,D,9/18/2017,25,Pool
9152017EgnerPoolD1,OTU93,GS,99.4,BOLD:AAM4329,Animalia,Arthropoda,Insecta,Hemiptera,Cimicidae,Cimex,Cimex adjunctus,130,9/15/2017,Egner,D,9/18/2017,25,Pool
9152017EgnerPoolD1,OTU141,GS,100,BOLD:ABX6186,Animalia,Arthropoda,Insecta,Diptera,Tipulidae,Nephrotoma,Nephrotoma ferruginea,1376,9/15/2017,Egner,D,9/18/2017,25,Pool
9152017EgnerPoolD1,OTU173,GS,99.4,BOLD:ABA7621,Animalia,Arthropoda,Insecta,Diptera,Tipulidae,Dolichopeza,Dolichopeza walleyi,868,9/15/2017,Egner,D,9/18/2017,25,Pool
9152017EgnerPoolD1,OTU195,GS,100,BOLD:ABW4424,Animalia,Arthropoda,Insecta,Diptera,Limoniidae,Dicranomyia,NA,76,9/15/2017,Egner,D,9/18/2017,25,Pool
9152017EgnerPoolD1,OTU244,GS,100,BOLD:AAB1096,Animalia,Arthropoda,Insecta,Lepidoptera,Blastobasidae,Blastobasis,Blastobasis glandulella,12,9/15/2017,Egner,D,9/18/2017,25,Pool
9152017EgnerPoolD1,OTU318,GS,100,BOLD:AAG7716,Animalia,Arthropoda,Insecta,Hymenoptera,Braconidae,Macrocentrus,NA,4,9/15/2017,Egner,D,9/18/2017,25,Pool
9152017EgnerPoolD1,OTU364,GS,100,BOLD:AAF8338,Animalia,Arthropoda,Insecta,Diptera,Tipulidae,Tipula,Tipula furca,16,9/15/2017,Egner,D,9/18/2017,25,Pool
9152017EgnerPoolD1,OTU368,US,0,BOLD:ACF7057,Animalia,Arthropoda,Insecta,Hymenoptera,NA,NA,NA,6,9/15/2017,Egner,D,9/18/2017,25,Pool
9152017EgnerPoolD1,OTU396,SS,0.98,BOLD:AAP2734,Animalia,Arthropoda,Insecta,Diptera,Limoniidae,Erioptera,Erioptera parva,108,9/15/2017,Egner,D,9/18/2017,25,Pool
9152017EgnerPoolD1,OTU407,GS,99.4,BOLD:AAK8831,Animalia,Arthropoda,Insecta,Diptera,Limoniidae,Metalimnobia,Metalimnobia cinctipes,27,9/15/2017,Egner,D,9/18/2017,25,Pool
9152017EgnerPoolD1,OTU416,GS,99.4,BOLD:AAP4625,Animalia,Arthropoda,Insecta,Psocodea,Lepidopsocidae,Echmepteryx,Echmepteryx hageni,13,9/15/2017,Egner,D,9/18/2017,25,Pool
9152017EgnerPoolD1,OTU464,GS,99.4,BOLD:AAA8103,Animalia,Arthropoda,Insecta,Lepidoptera,Depressariidae,Antaeotricha,Antaeotricha leucillana,30,9/15/2017,Egner,D,9/18/2017,25,Pool
9152017EgnerPoolD1,OTU560,GS,99.4,BOLD:AAB4627,Animalia,Arthropoda,Insecta,Ephemeroptera,Caenidae,Caenis,Caenis latipennis,157,9/15/2017,Egner,D,9/18/2017,25,Pool
9152017EgnerPoolD1,OTU580,GS,98.3,BOLD:ABZ0908,Animalia,Arthropoda,Insecta,Diptera,Tipulidae,Nephrotoma,Nephrotoma ferruginea,7,9/15/2017,Egner,D,9/18/2017,25,Pool
9152017EgnerPoolD1,OTU686,US,0.9919,BOLD:ACT2785,Animalia,Arthropoda,Insecta,Hymenoptera,NA,NA,NA,2,9/15/2017,Egner,D,9/18/2017,25,Pool
9152017EgnerPoolD1,OTU689,SS,0.68,BOLD:ACR6277,Animalia,Arthropoda,Insecta,Hemiptera,NA,NA,NA,1,9/15/2017,Egner,D,9/18/2017,25,Pool
9152017EgnerPoolD1,OTU708,GS,99.4,BOLD:AAB2155,Animalia,Arthropoda,Insecta,Lepidoptera,Geometridae,Iridopsis,Iridopsis pergracilis,7,9/15/2017,Egner,D,9/18/2017,25,Pool
9152017EgnerPoolD1,OTU715,SS,0.71,BOLD:ABZ0908,Animalia,Arthropoda,Insecta,Diptera,NA,NA,NA,323,9/15/2017,Egner,D,9/18/2017,25,Pool
9152017EgnerPoolD1,OTU741,GS,100,BOLD:AAA4123,Animalia,Arthropoda,Arachnida,Araneae,Araneidae,Neoscona,Neoscona arabesca,2,9/15/2017,Egner,D,9/18/2017,25,Pool
9152017EgnerPoolD1,OTU766,US,0.1429,BOLD:ACA2652,Animalia,Arthropoda,Insecta,Trichoptera,NA,NA,NA,24,9/15/2017,Egner,D,9/18/2017,25,Pool
9152017EgnerPoolD1,OTU781,US,1,None,Animalia,Arthropoda,Insecta,Diptera,NA,NA,NA,24,9/15/2017,Egner,D,9/18/2017,25,Pool
9152017EgnerPoolD1,OTU798,SS,0.6,BOLD:AAO3940,Animalia,Arthropoda,Insecta,Diptera,NA,NA,NA,125,9/15/2017,Egner,D,9/18/2017,25,Pool
9152017EgnerPoolD1,OTU817,GS,99.4,BOLD:AAZ0909,Animalia,Arthropoda,Insecta,Coleoptera,Carabidae,Philodes,Philodes rectangulus,81,9/15/2017,Egner,D,9/18/2017,25,Pool
9152017EgnerPoolD1,OTU890,GS,100,BOLD:ACE3004,Animalia,Arthropoda,Insecta,Lepidoptera,Erebidae,Hyperstrotia,Hyperstrotia nana,2,9/15/2017,Egner,D,9/18/2017,25,Pool
9152017EgnerPoolD1,OTU907,SS,0.01,BOLD:AAO3940,Animalia,Arthropoda,Insecta,Diptera,Limoniidae,Rhipidia,NA,4,9/15/2017,Egner,D,9/18/2017,25,Pool
9152017EgnerPoolD1,OTU935,SS,0.01,BOLD:AAO3940,Animalia,Arthropoda,Insecta,Diptera,Limoniidae,Rhipidia,NA,203,9/15/2017,Egner,D,9/18/2017,25,Pool
9152017EgnerPoolD1,OTU1055,GS,100,BOLD:AAG2646,Animalia,Arthropoda,Insecta,Diptera,Chironomidae,Procladius,NA,7,9/15/2017,Egner,D,9/18/2017,25,Pool
9152017EgnerPoolD1,OTU1077,US,0.2887,None,Animalia,Arthropoda,Insecta,Diptera,NA,NA,NA,7,9/15/2017,Egner,D,9/18/2017,25,Pool
9152017EgnerPoolD1,OTU1116,SS,0.5,BOLD:ABZ0908,Animalia,Arthropoda,Insecta,Diptera,NA,NA,NA,19,9/15/2017,Egner,D,9/18/2017,25,Pool
9152017EgnerPoolD1,OTU1318,SS,0.75,BOLD:ABV9403,Animalia,Arthropoda,Insecta,NA,NA,NA,NA,40,9/15/2017,Egner,D,9/18/2017,25,Pool
9152017EgnerPoolD1,OTU1321,US,0.0269,BOLD:ACG0519,Animalia,Arthropoda,Insecta,Coleoptera,NA,NA,NA,3,9/15/2017,Egner,D,9/18/2017,25,Pool
9152017EgnerPoolD1,OTU1353,SS,0.11,BOLD:ABU9995,Animalia,Arthropoda,Insecta,Diptera,NA,NA,NA,30,9/15/2017,Egner,D,9/18/2017,25,Pool
9152017EgnerPoolD1,OTU1408,GS,100,BOLD:AAP7842,Animalia,Arthropoda,Insecta,Coleoptera,Staphylinidae,Coproporus,Coproporus ventriculus,12,9/15/2017,Egner,D,9/18/2017,25,Pool
9152017EgnerPoolD1,OTU1411,SS,0.41,BOLD:ACF8666,Animalia,Arthropoda,Insecta,Diptera,NA,NA,NA,42,9/15/2017,Egner,D,9/18/2017,25,Pool
9152017EgnerPoolD1,OTU1447,SS,0.95,BOLD:ABZ0908,Animalia,Arthropoda,Insecta,Diptera,Tipulidae,Nephrotoma,Nephrotoma ferruginea,23,9/15/2017,Egner,D,9/18/2017,25,Pool
9152017EgnerPoolD1,OTU1461,US,3e-04,BOLD:ACU2723,Animalia,Arthropoda,Insecta,Ephemeroptera,NA,NA,NA,13,9/15/2017,Egner,D,9/18/2017,25,Pool
9152017EgnerPoolD1,OTU1503,GS,99.4,BOLD:ABW1320,Animalia,Arthropoda,Insecta,Diptera,Cecidomyiidae,NA,NA,9,9/15/2017,Egner,D,9/18/2017,25,Pool
9152017EgnerPoolD1,OTU1526,US,0,BOLD:AAB8591,Animalia,Arthropoda,Insecta,Lepidoptera,NA,NA,NA,10,9/15/2017,Egner,D,9/18/2017,25,Pool
9152017EgnerPoolD1,OTU1550,US,0,None,Animalia,Arthropoda,Insecta,Diptera,NA,NA,NA,2,9/15/2017,Egner,D,9/18/2017,25,Pool
9152017EgnerPoolD1,OTU1554,SS,0.92,BOLD:AAP2734,Animalia,Arthropoda,Insecta,Diptera,Limoniidae,Erioptera,Erioptera parva,10,9/15/2017,Egner,D,9/18/2017,25,Pool
9152017EgnerPoolD1,OTU1714,SS,0.8,BOLD:ABX6186,Animalia,Arthropoda,Insecta,Diptera,Tipulidae,Nephrotoma,Nephrotoma ferruginea,23,9/15/2017,Egner,D,9/18/2017,25,Pool
9152017EgnerPoolD1,OTU1752,US,0.9925,BOLD:ACS0839,Animalia,Arthropoda,Insecta,Coleoptera,NA,NA,NA,4,9/15/2017,Egner,D,9/18/2017,25,Pool
9152017EgnerPoolD1,OTU1774,SS,0.08,BOLD:ABU9995,Animalia,Arthropoda,Insecta,Diptera,NA,NA,NA,20,9/15/2017,Egner,D,9/18/2017,25,Pool
9152017EgnerPoolD1,OTU1782,US,0.9249,BOLD:AAO3940,Animalia,Arthropoda,Insecta,Diptera,NA,NA,NA,4,9/15/2017,Egner,D,9/18/2017,25,Pool
9152017EgnerPoolD1,OTU1797,SS,0.63,BOLD:ABX6186,Animalia,Arthropoda,Insecta,Diptera,NA,NA,NA,72,9/15/2017,Egner,D,9/18/2017,25,Pool
9152017EgnerPoolD1,OTU1866,SS,0.38,BOLD:ABX3627,Animalia,Arthropoda,Insecta,Diptera,NA,NA,NA,1,9/15/2017,Egner,D,9/18/2017,25,Pool
9152017EgnerPoolD1,OTU1871,SS,0.85,BOLD:AAG3848,Animalia,Arthropoda,Insecta,Diptera,Culicidae,Culex,Culex erraticus,1,9/15/2017,Egner,D,9/18/2017,25,Pool
9152017EgnerPoolD1,OTU1882,SS,0.18,BOLD:ACN0347,Animalia,Arthropoda,Insecta,Diptera,NA,NA,NA,89,9/15/2017,Egner,D,9/18/2017,25,Pool
9152017EgnerPoolD2,OTU3,GS,100,BOLD:AAP2734,Animalia,Arthropoda,Insecta,Diptera,Limoniidae,Erioptera,Erioptera parva,2883,9/15/2017,Egner,D,9/18/2017,25,Pool
9152017EgnerPoolD2,OTU9,US,0.7924,BOLD:AAG8502,Animalia,Arthropoda,Insecta,NA,NA,NA,NA,10692,9/15/2017,Egner,D,9/18/2017,25,Pool
9152017EgnerPoolD2,OTU14,GS,99.4,BOLD:AAO3940,Animalia,Arthropoda,Insecta,Diptera,Limoniidae,Rhipidia,NA,820,9/15/2017,Egner,D,9/18/2017,25,Pool
9152017EgnerPoolD2,OTU15,GS,100,BOLD:ABZ0908,Animalia,Arthropoda,Insecta,Diptera,Tipulidae,Nephrotoma,Nephrotoma ferruginea,785,9/15/2017,Egner,D,9/18/2017,25,Pool
9152017EgnerPoolD2,OTU27,SS,0.18,BOLD:AAC6806,Animalia,Arthropoda,Insecta,Diptera,NA,NA,NA,550,9/15/2017,Egner,D,9/18/2017,25,Pool
9152017EgnerPoolD2,OTU39,US,0,BOLD:AAD1754,Animalia,Arthropoda,Insecta,Coleoptera,NA,NA,NA,1061,9/15/2017,Egner,D,9/18/2017,25,Pool
9152017EgnerPoolD2,OTU78,US,1,BOLD:AAY8864,Animalia,Arthropoda,Insecta,Diptera,NA,NA,NA,348,9/15/2017,Egner,D,9/18/2017,25,Pool
9152017EgnerPoolD2,OTU93,GS,99.4,BOLD:AAM4329,Animalia,Arthropoda,Insecta,Hemiptera,Cimicidae,Cimex,Cimex adjunctus,37,9/15/2017,Egner,D,9/18/2017,25,Pool
9152017EgnerPoolD2,OTU141,GS,100,BOLD:ABX6186,Animalia,Arthropoda,Insecta,Diptera,Tipulidae,Nephrotoma,Nephrotoma ferruginea,1055,9/15/2017,Egner,D,9/18/2017,25,Pool
9152017EgnerPoolD2,OTU173,GS,99.4,BOLD:ABA7621,Animalia,Arthropoda,Insecta,Diptera,Tipulidae,Dolichopeza,Dolichopeza walleyi,499,9/15/2017,Egner,D,9/18/2017,25,Pool
9152017EgnerPoolD2,OTU195,GS,100,BOLD:ABW4424,Animalia,Arthropoda,Insecta,Diptera,Limoniidae,Dicranomyia,NA,51,9/15/2017,Egner,D,9/18/2017,25,Pool
9152017EgnerPoolD2,OTU271,GS,98.9,BOLD:ABX3627,Animalia,Arthropoda,Insecta,Diptera,Limoniidae,NA,NA,10,9/15/2017,Egner,D,9/18/2017,25,Pool
9152017EgnerPoolD2,OTU396,SS,0.98,BOLD:AAP2734,Animalia,Arthropoda,Insecta,Diptera,Limoniidae,Erioptera,Erioptera parva,67,9/15/2017,Egner,D,9/18/2017,25,Pool
9152017EgnerPoolD2,OTU407,GS,99.4,BOLD:AAK8831,Animalia,Arthropoda,Insecta,Diptera,Limoniidae,Metalimnobia,Metalimnobia cinctipes,12,9/15/2017,Egner,D,9/18/2017,25,Pool
9152017EgnerPoolD2,OTU462,GS,100,BOLD:AAB9126,Animalia,Arthropoda,Insecta,Hymenoptera,Formicidae,Lasius,Lasius neoniger,8,9/15/2017,Egner,D,9/18/2017,25,Pool
9152017EgnerPoolD2,OTU560,GS,99.4,BOLD:AAB4627,Animalia,Arthropoda,Insecta,Ephemeroptera,Caenidae,Caenis,Caenis latipennis,93,9/15/2017,Egner,D,9/18/2017,25,Pool
9152017EgnerPoolD2,OTU580,GS,98.3,BOLD:ABZ0908,Animalia,Arthropoda,Insecta,Diptera,Tipulidae,Nephrotoma,Nephrotoma ferruginea,8,9/15/2017,Egner,D,9/18/2017,25,Pool
9152017EgnerPoolD2,OTU715,SS,0.71,BOLD:ABZ0908,Animalia,Arthropoda,Insecta,Diptera,NA,NA,NA,177,9/15/2017,Egner,D,9/18/2017,25,Pool
9152017EgnerPoolD2,OTU766,US,0.1429,BOLD:ACA2652,Animalia,Arthropoda,Insecta,Trichoptera,NA,NA,NA,6,9/15/2017,Egner,D,9/18/2017,25,Pool
9152017EgnerPoolD2,OTU781,US,1,None,Animalia,Arthropoda,Insecta,Diptera,NA,NA,NA,9,9/15/2017,Egner,D,9/18/2017,25,Pool
9152017EgnerPoolD2,OTU798,SS,0.6,BOLD:AAO3940,Animalia,Arthropoda,Insecta,Diptera,NA,NA,NA,95,9/15/2017,Egner,D,9/18/2017,25,Pool
9152017EgnerPoolD2,OTU817,GS,99.4,BOLD:AAZ0909,Animalia,Arthropoda,Insecta,Coleoptera,Carabidae,Philodes,Philodes rectangulus,42,9/15/2017,Egner,D,9/18/2017,25,Pool
9152017EgnerPoolD2,OTU890,GS,100,BOLD:ACE3004,Animalia,Arthropoda,Insecta,Lepidoptera,Erebidae,Hyperstrotia,Hyperstrotia nana,1,9/15/2017,Egner,D,9/18/2017,25,Pool
9152017EgnerPoolD2,OTU935,SS,0.01,BOLD:AAO3940,Animalia,Arthropoda,Insecta,Diptera,Limoniidae,Rhipidia,NA,182,9/15/2017,Egner,D,9/18/2017,25,Pool
9152017EgnerPoolD2,OTU1022,GS,100,BOLD:AAB7869,Animalia,Arthropoda,Insecta,Lepidoptera,Tortricidae,Phtheochroa,Phtheochroa riscana,1,9/15/2017,Egner,D,9/18/2017,25,Pool
9152017EgnerPoolD2,OTU1077,US,0.2887,None,Animalia,Arthropoda,Insecta,Diptera,NA,NA,NA,7,9/15/2017,Egner,D,9/18/2017,25,Pool
9152017EgnerPoolD2,OTU1088,GS,98.3,BOLD:AAG2878,Animalia,Arthropoda,Insecta,Hemiptera,Cicadellidae,Gyponana,Gyponana extenda,7,9/15/2017,Egner,D,9/18/2017,25,Pool
9152017EgnerPoolD2,OTU1318,SS,0.75,BOLD:ABV9403,Animalia,Arthropoda,Insecta,NA,NA,NA,NA,38,9/15/2017,Egner,D,9/18/2017,25,Pool
9152017EgnerPoolD2,OTU1353,SS,0.11,BOLD:ABU9995,Animalia,Arthropoda,Insecta,Diptera,NA,NA,NA,21,9/15/2017,Egner,D,9/18/2017,25,Pool
9152017EgnerPoolD2,OTU1408,GS,100,BOLD:AAP7842,Animalia,Arthropoda,Insecta,Coleoptera,Staphylinidae,Coproporus,Coproporus ventriculus,18,9/15/2017,Egner,D,9/18/2017,25,Pool
9152017EgnerPoolD2,OTU1411,SS,0.41,BOLD:ACF8666,Animalia,Arthropoda,Insecta,Diptera,NA,NA,NA,24,9/15/2017,Egner,D,9/18/2017,25,Pool
9152017EgnerPoolD2,OTU1427,US,1,BOLD:ACN9645,Animalia,Arthropoda,Arachnida,Araneae,NA,NA,NA,18,9/15/2017,Egner,D,9/18/2017,25,Pool
9152017EgnerPoolD2,OTU1430,GS,99.4,BOLD:AAF9890,Animalia,Arthropoda,Insecta,Orthoptera,Gryllidae,Oecanthus,Oecanthus niveus,2,9/15/2017,Egner,D,9/18/2017,25,Pool
9152017EgnerPoolD2,OTU1447,SS,0.95,BOLD:ABZ0908,Animalia,Arthropoda,Insecta,Diptera,Tipulidae,Nephrotoma,Nephrotoma ferruginea,6,9/15/2017,Egner,D,9/18/2017,25,Pool
9152017EgnerPoolD2,OTU1461,US,3e-04,BOLD:ACU2723,Animalia,Arthropoda,Insecta,Ephemeroptera,NA,NA,NA,14,9/15/2017,Egner,D,9/18/2017,25,Pool
9152017EgnerPoolD2,OTU1503,GS,99.4,BOLD:ABW1320,Animalia,Arthropoda,Insecta,Diptera,Cecidomyiidae,NA,NA,16,9/15/2017,Egner,D,9/18/2017,25,Pool
9152017EgnerPoolD2,OTU1524,SS,0.4,BOLD:AAB4070,Animalia,Arthropoda,Insecta,Lepidoptera,NA,NA,NA,5,9/15/2017,Egner,D,9/18/2017,25,Pool
9152017EgnerPoolD2,OTU1526,US,0,BOLD:AAB8591,Animalia,Arthropoda,Insecta,Lepidoptera,NA,NA,NA,10,9/15/2017,Egner,D,9/18/2017,25,Pool
9152017EgnerPoolD2,OTU1550,US,0,None,Animalia,Arthropoda,Insecta,Diptera,NA,NA,NA,8,9/15/2017,Egner,D,9/18/2017,25,Pool
9152017EgnerPoolD2,OTU1554,SS,0.92,BOLD:AAP2734,Animalia,Arthropoda,Insecta,Diptera,Limoniidae,Erioptera,Erioptera parva,3,9/15/2017,Egner,D,9/18/2017,25,Pool
9152017EgnerPoolD2,OTU1714,SS,0.8,BOLD:ABX6186,Animalia,Arthropoda,Insecta,Diptera,Tipulidae,Nephrotoma,Nephrotoma ferruginea,16,9/15/2017,Egner,D,9/18/2017,25,Pool
9152017EgnerPoolD2,OTU1759,US,0.9546,BOLD:AAK6126,Animalia,Arthropoda,Insecta,Diptera,NA,NA,NA,1,9/15/2017,Egner,D,9/18/2017,25,Pool
9152017EgnerPoolD2,OTU1774,SS,0.08,BOLD:ABU9995,Animalia,Arthropoda,Insecta,Diptera,NA,NA,NA,13,9/15/2017,Egner,D,9/18/2017,25,Pool
9152017EgnerPoolD2,OTU1782,US,0.9249,BOLD:AAO3940,Animalia,Arthropoda,Insecta,Diptera,NA,NA,NA,1,9/15/2017,Egner,D,9/18/2017,25,Pool
9152017EgnerPoolD2,OTU1797,SS,0.63,BOLD:ABX6186,Animalia,Arthropoda,Insecta,Diptera,NA,NA,NA,55,9/15/2017,Egner,D,9/18/2017,25,Pool
9152017EgnerPoolD2,OTU1849,SS,0.25,BOLD:AAB3655,Animalia,Arthropoda,Insecta,Lepidoptera,NA,NA,NA,4,9/15/2017,Egner,D,9/18/2017,25,Pool
9152017EgnerPoolD2,OTU1882,SS,0.18,BOLD:ACN0347,Animalia,Arthropoda,Insecta,Diptera,NA,NA,NA,49,9/15/2017,Egner,D,9/18/2017,25,Pool
9152017EgnerPoolD3,OTU3,GS,100,BOLD:AAP2734,Animalia,Arthropoda,Insecta,Diptera,Limoniidae,Erioptera,Erioptera parva,5371,9/15/2017,Egner,D,9/18/2017,25,Pool
9152017EgnerPoolD3,OTU6,GS,99.4,BOLD:ACZ2169,Animalia,Arthropoda,Insecta,Hemiptera,Cicadellidae,Gyponana,NA,291,9/15/2017,Egner,D,9/18/2017,25,Pool
9152017EgnerPoolD3,OTU9,US,0.7924,BOLD:AAG8502,Animalia,Arthropoda,Insecta,NA,NA,NA,NA,15601,9/15/2017,Egner,D,9/18/2017,25,Pool
9152017EgnerPoolD3,OTU14,GS,99.4,BOLD:AAO3940,Animalia,Arthropoda,Insecta,Diptera,Limoniidae,Rhipidia,NA,1352,9/15/2017,Egner,D,9/18/2017,25,Pool
9152017EgnerPoolD3,OTU15,GS,100,BOLD:ABZ0908,Animalia,Arthropoda,Insecta,Diptera,Tipulidae,Nephrotoma,Nephrotoma ferruginea,1831,9/15/2017,Egner,D,9/18/2017,25,Pool
9152017EgnerPoolD3,OTU27,SS,0.18,BOLD:AAC6806,Animalia,Arthropoda,Insecta,Diptera,NA,NA,NA,1082,9/15/2017,Egner,D,9/18/2017,25,Pool
9152017EgnerPoolD3,OTU39,US,0,BOLD:AAD1754,Animalia,Arthropoda,Insecta,Coleoptera,NA,NA,NA,1444,9/15/2017,Egner,D,9/18/2017,25,Pool
9152017EgnerPoolD3,OTU52,GS,100,BOLD:AAG4399,Animalia,Arthropoda,Insecta,Hemiptera,Flatidae,Metcalfa,Metcalfa pruinosa,148,9/15/2017,Egner,D,9/18/2017,25,Pool
9152017EgnerPoolD3,OTU78,US,1,BOLD:AAY8864,Animalia,Arthropoda,Insecta,Diptera,NA,NA,NA,903,9/15/2017,Egner,D,9/18/2017,25,Pool
9152017EgnerPoolD3,OTU93,GS,99.4,BOLD:AAM4329,Animalia,Arthropoda,Insecta,Hemiptera,Cimicidae,Cimex,Cimex adjunctus,166,9/15/2017,Egner,D,9/18/2017,25,Pool
9152017EgnerPoolD3,OTU141,GS,100,BOLD:ABX6186,Animalia,Arthropoda,Insecta,Diptera,Tipulidae,Nephrotoma,Nephrotoma ferruginea,2174,9/15/2017,Egner,D,9/18/2017,25,Pool
9152017EgnerPoolD3,OTU146,GS,99.4,BOLD:ABV9238,Animalia,Arthropoda,Insecta,Diptera,Limoniidae,Gonomyia,NA,41,9/15/2017,Egner,D,9/18/2017,25,Pool
9152017EgnerPoolD3,OTU173,GS,99.4,BOLD:ABA7621,Animalia,Arthropoda,Insecta,Diptera,Tipulidae,Dolichopeza,Dolichopeza walleyi,1341,9/15/2017,Egner,D,9/18/2017,25,Pool
9152017EgnerPoolD3,OTU195,GS,100,BOLD:ABW4424,Animalia,Arthropoda,Insecta,Diptera,Limoniidae,Dicranomyia,NA,104,9/15/2017,Egner,D,9/18/2017,25,Pool
9152017EgnerPoolD3,OTU269,GS,97.2,BOLD:AAP9050,Animalia,Arthropoda,Insecta,Diptera,Ceratopogonidae,NA,NA,7,9/15/2017,Egner,D,9/18/2017,25,Pool
9152017EgnerPoolD3,OTU364,GS,100,BOLD:AAF8338,Animalia,Arthropoda,Insecta,Diptera,Tipulidae,Tipula,Tipula furca,33,9/15/2017,Egner,D,9/18/2017,25,Pool
9152017EgnerPoolD3,OTU368,US,0,BOLD:ACF7057,Animalia,Arthropoda,Insecta,Hymenoptera,NA,NA,NA,17,9/15/2017,Egner,D,9/18/2017,25,Pool
9152017EgnerPoolD3,OTU396,SS,0.98,BOLD:AAP2734,Animalia,Arthropoda,Insecta,Diptera,Limoniidae,Erioptera,Erioptera parva,176,9/15/2017,Egner,D,9/18/2017,25,Pool
9152017EgnerPoolD3,OTU407,GS,99.4,BOLD:AAK8831,Animalia,Arthropoda,Insecta,Diptera,Limoniidae,Metalimnobia,Metalimnobia cinctipes,26,9/15/2017,Egner,D,9/18/2017,25,Pool
9152017EgnerPoolD3,OTU462,GS,100,BOLD:AAB9126,Animalia,Arthropoda,Insecta,Hymenoptera,Formicidae,Lasius,Lasius neoniger,4,9/15/2017,Egner,D,9/18/2017,25,Pool
9152017EgnerPoolD3,OTU472,GS,100,BOLD:AAG3154,Animalia,Arthropoda,Insecta,Diptera,Psychodidae,Psychoda,NA,5,9/15/2017,Egner,D,9/18/2017,25,Pool
9152017EgnerPoolD3,OTU494,GS,99.4,BOLD:AAH3231,Animalia,Arthropoda,Insecta,Psocodea,Psocidae,NA,NA,1,9/15/2017,Egner,D,9/18/2017,25,Pool
9152017EgnerPoolD3,OTU560,GS,99.4,BOLD:AAB4627,Animalia,Arthropoda,Insecta,Ephemeroptera,Caenidae,Caenis,Caenis latipennis,191,9/15/2017,Egner,D,9/18/2017,25,Pool
9152017EgnerPoolD3,OTU580,GS,98.3,BOLD:ABZ0908,Animalia,Arthropoda,Insecta,Diptera,Tipulidae,Nephrotoma,Nephrotoma ferruginea,36,9/15/2017,Egner,D,9/18/2017,25,Pool
9152017EgnerPoolD3,OTU602,GS,100,BOLD:AAG4911,Animalia,Arthropoda,Insecta,Diptera,NA,NA,NA,2,9/15/2017,Egner,D,9/18/2017,25,Pool
9152017EgnerPoolD3,OTU715,SS,0.71,BOLD:ABZ0908,Animalia,Arthropoda,Insecta,Diptera,NA,NA,NA,405,9/15/2017,Egner,D,9/18/2017,25,Pool
9152017EgnerPoolD3,OTU741,GS,100,BOLD:AAA4123,Animalia,Arthropoda,Arachnida,Araneae,Araneidae,Neoscona,Neoscona arabesca,3,9/15/2017,Egner,D,9/18/2017,25,Pool
9152017EgnerPoolD3,OTU766,US,0.1429,BOLD:ACA2652,Animalia,Arthropoda,Insecta,Trichoptera,NA,NA,NA,16,9/15/2017,Egner,D,9/18/2017,25,Pool
9152017EgnerPoolD3,OTU781,US,1,None,Animalia,Arthropoda,Insecta,Diptera,NA,NA,NA,27,9/15/2017,Egner,D,9/18/2017,25,Pool
9152017EgnerPoolD3,OTU798,SS,0.6,BOLD:AAO3940,Animalia,Arthropoda,Insecta,Diptera,NA,NA,NA,167,9/15/2017,Egner,D,9/18/2017,25,Pool
9152017EgnerPoolD3,OTU804,GS,100,BOLD:AAA9813,Animalia,Arthropoda,Insecta,Lepidoptera,Erebidae,Tetanolita,Tetanolita mynesalis,2,9/15/2017,Egner,D,9/18/2017,25,Pool
9152017EgnerPoolD3,OTU817,GS,99.4,BOLD:AAZ0909,Animalia,Arthropoda,Insecta,Coleoptera,Carabidae,Philodes,Philodes rectangulus,81,9/15/2017,Egner,D,9/18/2017,25,Pool
9152017EgnerPoolD3,OTU857,GS,100,BOLD:AAC9885,Animalia,Arthropoda,Insecta,Lepidoptera,Tortricidae,Acleris,Acleris negundana,1,9/15/2017,Egner,D,9/18/2017,25,Pool
9152017EgnerPoolD3,OTU895,GS,100,BOLD:AAA4222,Animalia,Arthropoda,Insecta,Lepidoptera,Erebidae,Hypena,Hypena scabra,2,9/15/2017,Egner,D,9/18/2017,25,Pool
9152017EgnerPoolD3,OTU904,GS,100,BOLD:AAA2278,Animalia,Arthropoda,Insecta,Lepidoptera,Geometridae,Anavitrinella,Anavitrinella pampinaria,7,9/15/2017,Egner,D,9/18/2017,25,Pool
9152017EgnerPoolD3,OTU935,SS,0.01,BOLD:AAO3940,Animalia,Arthropoda,Insecta,Diptera,Limoniidae,Rhipidia,NA,257,9/15/2017,Egner,D,9/18/2017,25,Pool
9152017EgnerPoolD3,OTU1055,GS,100,BOLD:AAG2646,Animalia,Arthropoda,Insecta,Diptera,Chironomidae,Procladius,NA,11,9/15/2017,Egner,D,9/18/2017,25,Pool
9152017EgnerPoolD3,OTU1116,SS,0.5,BOLD:ABZ0908,Animalia,Arthropoda,Insecta,Diptera,NA,NA,NA,29,9/15/2017,Egner,D,9/18/2017,25,Pool
9152017EgnerPoolD3,OTU1140,GS,98.9,BOLD:AAA1840,Animalia,Arthropoda,Insecta,Hymenoptera,Formicidae,Myrmica,Myrmica AF-smi,1,9/15/2017,Egner,D,9/18/2017,25,Pool
9152017EgnerPoolD3,OTU1148,US,0.1935,None,Animalia,Arthropoda,Insecta,Coleoptera,NA,NA,NA,1,9/15/2017,Egner,D,9/18/2017,25,Pool
9152017EgnerPoolD3,OTU1243,SS,0.79,BOLD:AAY5602,Animalia,Arthropoda,Insecta,NA,NA,NA,NA,4,9/15/2017,Egner,D,9/18/2017,25,Pool
9152017EgnerPoolD3,OTU1309,US,0.9881,BOLD:ACV3582,Animalia,Arthropoda,Insecta,Hemiptera,NA,NA,NA,1,9/15/2017,Egner,D,9/18/2017,25,Pool
9152017EgnerPoolD3,OTU1318,SS,0.75,BOLD:ABV9403,Animalia,Arthropoda,Insecta,NA,NA,NA,NA,75,9/15/2017,Egner,D,9/18/2017,25,Pool
9152017EgnerPoolD3,OTU1321,US,0.0269,BOLD:ACG0519,Animalia,Arthropoda,Insecta,Coleoptera,NA,NA,NA,11,9/15/2017,Egner,D,9/18/2017,25,Pool
9152017EgnerPoolD3,OTU1353,SS,0.11,BOLD:ABU9995,Animalia,Arthropoda,Insecta,Diptera,NA,NA,NA,33,9/15/2017,Egner,D,9/18/2017,25,Pool
9152017EgnerPoolD3,OTU1408,GS,100,BOLD:AAP7842,Animalia,Arthropoda,Insecta,Coleoptera,Staphylinidae,Coproporus,Coproporus ventriculus,25,9/15/2017,Egner,D,9/18/2017,25,Pool
9152017EgnerPoolD3,OTU1411,SS,0.41,BOLD:ACF8666,Animalia,Arthropoda,Insecta,Diptera,NA,NA,NA,63,9/15/2017,Egner,D,9/18/2017,25,Pool
9152017EgnerPoolD3,OTU1430,GS,99.4,BOLD:AAF9890,Animalia,Arthropoda,Insecta,Orthoptera,Gryllidae,Oecanthus,Oecanthus niveus,3,9/15/2017,Egner,D,9/18/2017,25,Pool
9152017EgnerPoolD3,OTU1447,SS,0.95,BOLD:ABZ0908,Animalia,Arthropoda,Insecta,Diptera,Tipulidae,Nephrotoma,Nephrotoma ferruginea,17,9/15/2017,Egner,D,9/18/2017,25,Pool
9152017EgnerPoolD3,OTU1461,US,3e-04,BOLD:ACU2723,Animalia,Arthropoda,Insecta,Ephemeroptera,NA,NA,NA,12,9/15/2017,Egner,D,9/18/2017,25,Pool
9152017EgnerPoolD3,OTU1503,GS,99.4,BOLD:ABW1320,Animalia,Arthropoda,Insecta,Diptera,Cecidomyiidae,NA,NA,5,9/15/2017,Egner,D,9/18/2017,25,Pool
9152017EgnerPoolD3,OTU1526,US,0,BOLD:AAB8591,Animalia,Arthropoda,Insecta,Lepidoptera,NA,NA,NA,10,9/15/2017,Egner,D,9/18/2017,25,Pool
9152017EgnerPoolD3,OTU1550,US,0,None,Animalia,Arthropoda,Insecta,Diptera,NA,NA,NA,11,9/15/2017,Egner,D,9/18/2017,25,Pool
9152017EgnerPoolD3,OTU1554,SS,0.92,BOLD:AAP2734,Animalia,Arthropoda,Insecta,Diptera,Limoniidae,Erioptera,Erioptera parva,9,9/15/2017,Egner,D,9/18/2017,25,Pool
9152017EgnerPoolD3,OTU1714,SS,0.8,BOLD:ABX6186,Animalia,Arthropoda,Insecta,Diptera,Tipulidae,Nephrotoma,Nephrotoma ferruginea,44,9/15/2017,Egner,D,9/18/2017,25,Pool
9152017EgnerPoolD3,OTU1752,US,0.9925,BOLD:ACS0839,Animalia,Arthropoda,Insecta,Coleoptera,NA,NA,NA,11,9/15/2017,Egner,D,9/18/2017,25,Pool
9152017EgnerPoolD3,OTU1759,US,0.9546,BOLD:AAK6126,Animalia,Arthropoda,Insecta,Diptera,NA,NA,NA,8,9/15/2017,Egner,D,9/18/2017,25,Pool
9152017EgnerPoolD3,OTU1774,SS,0.08,BOLD:ABU9995,Animalia,Arthropoda,Insecta,Diptera,NA,NA,NA,34,9/15/2017,Egner,D,9/18/2017,25,Pool
9152017EgnerPoolD3,OTU1782,US,0.9249,BOLD:AAO3940,Animalia,Arthropoda,Insecta,Diptera,NA,NA,NA,2,9/15/2017,Egner,D,9/18/2017,25,Pool
9152017EgnerPoolD3,OTU1797,SS,0.63,BOLD:ABX6186,Animalia,Arthropoda,Insecta,Diptera,NA,NA,NA,98,9/15/2017,Egner,D,9/18/2017,25,Pool
9152017EgnerPoolD3,OTU1813,US,1,BOLD:ABA1406,Animalia,Arthropoda,Insecta,Coleoptera,NA,NA,NA,17,9/15/2017,Egner,D,9/18/2017,25,Pool
9152017EgnerPoolD3,OTU1818,GS,97.9,BOLD:AAF4632,Animalia,Arthropoda,Insecta,Diptera,Limoniidae,Epiphragma,Epiphragma solatrix,1,9/15/2017,Egner,D,9/18/2017,25,Pool
9152017EgnerPoolD3,OTU1871,SS,0.85,BOLD:AAG3848,Animalia,Arthropoda,Insecta,Diptera,Culicidae,Culex,Culex erraticus,1,9/15/2017,Egner,D,9/18/2017,25,Pool
9152017EgnerPoolD3,OTU1882,SS,0.18,BOLD:ACN0347,Animalia,Arthropoda,Insecta,Diptera,NA,NA,NA,83,9/15/2017,Egner,D,9/18/2017,25,Pool
9152017EgnerPoolD4,OTU3,GS,100,BOLD:AAP2734,Animalia,Arthropoda,Insecta,Diptera,Limoniidae,Erioptera,Erioptera parva,3263,9/15/2017,Egner,D,9/18/2017,25,Pool
9152017EgnerPoolD4,OTU9,US,0.7924,BOLD:AAG8502,Animalia,Arthropoda,Insecta,NA,NA,NA,NA,17018,9/15/2017,Egner,D,9/18/2017,25,Pool
9152017EgnerPoolD4,OTU14,GS,99.4,BOLD:AAO3940,Animalia,Arthropoda,Insecta,Diptera,Limoniidae,Rhipidia,NA,1305,9/15/2017,Egner,D,9/18/2017,25,Pool
9152017EgnerPoolD4,OTU15,GS,100,BOLD:ABZ0908,Animalia,Arthropoda,Insecta,Diptera,Tipulidae,Nephrotoma,Nephrotoma ferruginea,1001,9/15/2017,Egner,D,9/18/2017,25,Pool
9152017EgnerPoolD4,OTU27,SS,0.18,BOLD:AAC6806,Animalia,Arthropoda,Insecta,Diptera,NA,NA,NA,694,9/15/2017,Egner,D,9/18/2017,25,Pool
9152017EgnerPoolD4,OTU39,US,0,BOLD:AAD1754,Animalia,Arthropoda,Insecta,Coleoptera,NA,NA,NA,1277,9/15/2017,Egner,D,9/18/2017,25,Pool
9152017EgnerPoolD4,OTU78,US,1,BOLD:AAY8864,Animalia,Arthropoda,Insecta,Diptera,NA,NA,NA,247,9/15/2017,Egner,D,9/18/2017,25,Pool
9152017EgnerPoolD4,OTU93,GS,99.4,BOLD:AAM4329,Animalia,Arthropoda,Insecta,Hemiptera,Cimicidae,Cimex,Cimex adjunctus,45,9/15/2017,Egner,D,9/18/2017,25,Pool
9152017EgnerPoolD4,OTU141,GS,100,BOLD:ABX6186,Animalia,Arthropoda,Insecta,Diptera,Tipulidae,Nephrotoma,Nephrotoma ferruginea,1388,9/15/2017,Egner,D,9/18/2017,25,Pool
9152017EgnerPoolD4,OTU173,GS,99.4,BOLD:ABA7621,Animalia,Arthropoda,Insecta,Diptera,Tipulidae,Dolichopeza,Dolichopeza walleyi,981,9/15/2017,Egner,D,9/18/2017,25,Pool
9152017EgnerPoolD4,OTU195,GS,100,BOLD:ABW4424,Animalia,Arthropoda,Insecta,Diptera,Limoniidae,Dicranomyia,NA,65,9/15/2017,Egner,D,9/18/2017,25,Pool
9152017EgnerPoolD4,OTU396,SS,0.98,BOLD:AAP2734,Animalia,Arthropoda,Insecta,Diptera,Limoniidae,Erioptera,Erioptera parva,62,9/15/2017,Egner,D,9/18/2017,25,Pool
9152017EgnerPoolD4,OTU407,GS,99.4,BOLD:AAK8831,Animalia,Arthropoda,Insecta,Diptera,Limoniidae,Metalimnobia,Metalimnobia cinctipes,11,9/15/2017,Egner,D,9/18/2017,25,Pool
9152017EgnerPoolD4,OTU462,GS,100,BOLD:AAB9126,Animalia,Arthropoda,Insecta,Hymenoptera,Formicidae,Lasius,Lasius neoniger,6,9/15/2017,Egner,D,9/18/2017,25,Pool
9152017EgnerPoolD4,OTU486,GS,100,BOLD:ACL3824,Animalia,Arthropoda,Insecta,Diptera,Chironomidae,NA,NA,11,9/15/2017,Egner,D,9/18/2017,25,Pool
9152017EgnerPoolD4,OTU500,GS,99.4,BOLD:AAG8583,Animalia,Arthropoda,Insecta,Lepidoptera,Blastobasidae,Pigritia,Pigritia fidella,4,9/15/2017,Egner,D,9/18/2017,25,Pool
9152017EgnerPoolD4,OTU560,GS,99.4,BOLD:AAB4627,Animalia,Arthropoda,Insecta,Ephemeroptera,Caenidae,Caenis,Caenis latipennis,45,9/15/2017,Egner,D,9/18/2017,25,Pool
9152017EgnerPoolD4,OTU563,GS,100,BOLD:AAH7221,Animalia,Arthropoda,Insecta,Neuroptera,Mantispidae,Dicromantispa,Dicromantispa sayi,2,9/15/2017,Egner,D,9/18/2017,25,Pool
9152017EgnerPoolD4,OTU580,GS,98.3,BOLD:ABZ0908,Animalia,Arthropoda,Insecta,Diptera,Tipulidae,Nephrotoma,Nephrotoma ferruginea,12,9/15/2017,Egner,D,9/18/2017,25,Pool
9152017EgnerPoolD4,OTU708,GS,99.4,BOLD:AAB2155,Animalia,Arthropoda,Insecta,Lepidoptera,Geometridae,Iridopsis,Iridopsis pergracilis,4,9/15/2017,Egner,D,9/18/2017,25,Pool
9152017EgnerPoolD4,OTU715,SS,0.71,BOLD:ABZ0908,Animalia,Arthropoda,Insecta,Diptera,NA,NA,NA,231,9/15/2017,Egner,D,9/18/2017,25,Pool
9152017EgnerPoolD4,OTU766,US,0.1429,BOLD:ACA2652,Animalia,Arthropoda,Insecta,Trichoptera,NA,NA,NA,15,9/15/2017,Egner,D,9/18/2017,25,Pool
9152017EgnerPoolD4,OTU781,US,1,None,Animalia,Arthropoda,Insecta,Diptera,NA,NA,NA,34,9/15/2017,Egner,D,9/18/2017,25,Pool
9152017EgnerPoolD4,OTU798,SS,0.6,BOLD:AAO3940,Animalia,Arthropoda,Insecta,Diptera,NA,NA,NA,212,9/15/2017,Egner,D,9/18/2017,25,Pool
9152017EgnerPoolD4,OTU816,GS,100,BOLD:AAA3328,Animalia,Arthropoda,Insecta,Lepidoptera,Erebidae,Idia,NA,3,9/15/2017,Egner,D,9/18/2017,25,Pool
9152017EgnerPoolD4,OTU817,GS,99.4,BOLD:AAZ0909,Animalia,Arthropoda,Insecta,Coleoptera,Carabidae,Philodes,Philodes rectangulus,50,9/15/2017,Egner,D,9/18/2017,25,Pool
9152017EgnerPoolD4,OTU935,SS,0.01,BOLD:AAO3940,Animalia,Arthropoda,Insecta,Diptera,Limoniidae,Rhipidia,NA,395,9/15/2017,Egner,D,9/18/2017,25,Pool
9152017EgnerPoolD4,OTU1077,US,0.2887,None,Animalia,Arthropoda,Insecta,Diptera,NA,NA,NA,3,9/15/2017,Egner,D,9/18/2017,25,Pool
9152017EgnerPoolD4,OTU1116,SS,0.5,BOLD:ABZ0908,Animalia,Arthropoda,Insecta,Diptera,NA,NA,NA,15,9/15/2017,Egner,D,9/18/2017,25,Pool
9152017EgnerPoolD4,OTU1172,SS,0.83,BOLD:AAD6926,Animalia,Arthropoda,Arachnida,Araneae,Anyphaenidae,Anyphaena,Anyphaena pectorosa,1,9/15/2017,Egner,D,9/18/2017,25,Pool
9152017EgnerPoolD4,OTU1318,SS,0.75,BOLD:ABV9403,Animalia,Arthropoda,Insecta,NA,NA,NA,NA,43,9/15/2017,Egner,D,9/18/2017,25,Pool
9152017EgnerPoolD4,OTU1321,US,0.0269,BOLD:ACG0519,Animalia,Arthropoda,Insecta,Coleoptera,NA,NA,NA,30,9/15/2017,Egner,D,9/18/2017,25,Pool
9152017EgnerPoolD4,OTU1353,SS,0.11,BOLD:ABU9995,Animalia,Arthropoda,Insecta,Diptera,NA,NA,NA,26,9/15/2017,Egner,D,9/18/2017,25,Pool
9152017EgnerPoolD4,OTU1408,GS,100,BOLD:AAP7842,Animalia,Arthropoda,Insecta,Coleoptera,Staphylinidae,Coproporus,Coproporus ventriculus,9,9/15/2017,Egner,D,9/18/2017,25,Pool
9152017EgnerPoolD4,OTU1411,SS,0.41,BOLD:ACF8666,Animalia,Arthropoda,Insecta,Diptera,NA,NA,NA,64,9/15/2017,Egner,D,9/18/2017,25,Pool
9152017EgnerPoolD4,OTU1430,GS,99.4,BOLD:AAF9890,Animalia,Arthropoda,Insecta,Orthoptera,Gryllidae,Oecanthus,Oecanthus niveus,3,9/15/2017,Egner,D,9/18/2017,25,Pool
9152017EgnerPoolD4,OTU1447,SS,0.95,BOLD:ABZ0908,Animalia,Arthropoda,Insecta,Diptera,Tipulidae,Nephrotoma,Nephrotoma ferruginea,10,9/15/2017,Egner,D,9/18/2017,25,Pool
9152017EgnerPoolD4,OTU1461,US,3e-04,BOLD:ACU2723,Animalia,Arthropoda,Insecta,Ephemeroptera,NA,NA,NA,4,9/15/2017,Egner,D,9/18/2017,25,Pool
9152017EgnerPoolD4,OTU1494,US,0.8732,BOLD:AAF4632,Animalia,Arthropoda,Insecta,Diptera,NA,NA,NA,1,9/15/2017,Egner,D,9/18/2017,25,Pool
9152017EgnerPoolD4,OTU1503,GS,99.4,BOLD:ABW1320,Animalia,Arthropoda,Insecta,Diptera,Cecidomyiidae,NA,NA,16,9/15/2017,Egner,D,9/18/2017,25,Pool
9152017EgnerPoolD4,OTU1526,US,0,BOLD:AAB8591,Animalia,Arthropoda,Insecta,Lepidoptera,NA,NA,NA,4,9/15/2017,Egner,D,9/18/2017,25,Pool
9152017EgnerPoolD4,OTU1550,US,0,None,Animalia,Arthropoda,Insecta,Diptera,NA,NA,NA,2,9/15/2017,Egner,D,9/18/2017,25,Pool
9152017EgnerPoolD4,OTU1554,SS,0.92,BOLD:AAP2734,Animalia,Arthropoda,Insecta,Diptera,Limoniidae,Erioptera,Erioptera parva,6,9/15/2017,Egner,D,9/18/2017,25,Pool
9152017EgnerPoolD4,OTU1714,SS,0.8,BOLD:ABX6186,Animalia,Arthropoda,Insecta,Diptera,Tipulidae,Nephrotoma,Nephrotoma ferruginea,3,9/15/2017,Egner,D,9/18/2017,25,Pool
9152017EgnerPoolD4,OTU1759,US,0.9546,BOLD:AAK6126,Animalia,Arthropoda,Insecta,Diptera,NA,NA,NA,2,9/15/2017,Egner,D,9/18/2017,25,Pool
9152017EgnerPoolD4,OTU1774,SS,0.08,BOLD:ABU9995,Animalia,Arthropoda,Insecta,Diptera,NA,NA,NA,15,9/15/2017,Egner,D,9/18/2017,25,Pool
9152017EgnerPoolD4,OTU1782,US,0.9249,BOLD:AAO3940,Animalia,Arthropoda,Insecta,Diptera,NA,NA,NA,1,9/15/2017,Egner,D,9/18/2017,25,Pool
9152017EgnerPoolD4,OTU1797,SS,0.63,BOLD:ABX6186,Animalia,Arthropoda,Insecta,Diptera,NA,NA,NA,87,9/15/2017,Egner,D,9/18/2017,25,Pool
9152017EgnerPoolD4,OTU1882,SS,0.18,BOLD:ACN0347,Animalia,Arthropoda,Insecta,Diptera,NA,NA,NA,80,9/15/2017,Egner,D,9/18/2017,25,Pool
9152017EgnerPoolD4,OTU1911,SS,0.65,BOLD:AAN5879,Animalia,Arthropoda,Insecta,Diptera,NA,NA,NA,1,9/15/2017,Egner,D,9/18/2017,25,Pool
9152017HBA1,OTU17,GS,100,BOLD:AAB3702,Animalia,Arthropoda,Insecta,Trichoptera,Hydropsychidae,Potamyia,Potamyia flava,12210,9/15/2017,HickoryBottoms,A,9/14/2017,67,Single
9152017HBA1,OTU54,GS,99.4,BOLD:ABA5202,Animalia,Arthropoda,Insecta,Diptera,Limoniidae,Pseudolimnophila,Pseudolimnophila luteipennis,14971,9/15/2017,HickoryBottoms,A,9/14/2017,67,Single
9152017HBA1,OTU55,GS,100,BOLD:AAF9006,Animalia,Arthropoda,Insecta,Diptera,NA,NA,NA,58,9/15/2017,HickoryBottoms,A,9/14/2017,67,Single
9152017HBA1,OTU202,US,0.9967,BOLD:ACF8271,Animalia,Arthropoda,Insecta,Hymenoptera,NA,NA,NA,87,9/15/2017,HickoryBottoms,A,9/14/2017,67,Single
9152017HBA1,OTU364,GS,100,BOLD:AAF8338,Animalia,Arthropoda,Insecta,Diptera,Tipulidae,Tipula,Tipula furca,122,9/15/2017,HickoryBottoms,A,9/14/2017,67,Single
9152017HBA1,OTU394,GS,100,BOLD:AAC3054,Animalia,Arthropoda,Insecta,Coleoptera,Carabidae,Harpalus,Harpalus pensylvanicus,33,9/15/2017,HickoryBottoms,A,9/14/2017,67,Single
9152017HBA1,OTU791,US,0.0269,BOLD:AAA5355,Animalia,Arthropoda,Insecta,Trichoptera,NA,NA,NA,212,9/15/2017,HickoryBottoms,A,9/14/2017,67,Single
9152017HBA1,OTU834,US,0.0169,BOLD:AAG8812,Animalia,Arthropoda,Insecta,Hemiptera,NA,NA,NA,8,9/15/2017,HickoryBottoms,A,9/14/2017,67,Single
9152017HBA1,OTU992,US,0.9881,BOLD:ACJ0672,Animalia,Arthropoda,Insecta,Diptera,NA,NA,NA,86,9/15/2017,HickoryBottoms,A,9/14/2017,67,Single
9152017HBA1,OTU1011,GS,100,BOLD:AAN8244,Animalia,Arthropoda,Insecta,Hemiptera,Corixidae,Corisella,Corisella edulis,2,9/15/2017,HickoryBottoms,A,9/14/2017,67,Single
9152017HBA1,OTU1035,GS,99.4,BOLD:AAI3772,Animalia,Arthropoda,Insecta,Diptera,NA,NA,NA,2,9/15/2017,HickoryBottoms,A,9/14/2017,67,Single
9152017HBA1,OTU1161,US,0,None,Animalia,Arthropoda,Arachnida,Sarcoptiformes,NA,NA,NA,58,9/15/2017,HickoryBottoms,A,9/14/2017,67,Single
9152017HBA1,OTU1174,GS,99.4,BOLD:AAH0393,Animalia,Arthropoda,Insecta,Coleoptera,NA,NA,NA,17,9/15/2017,HickoryBottoms,A,9/14/2017,67,Single
9152017HBA1,OTU1201,GS,100,BOLD:AAG2883,Animalia,Arthropoda,Insecta,Hemiptera,Cicadellidae,Draeculacephala,Draeculacephala robinsoni,9,9/15/2017,HickoryBottoms,A,9/14/2017,67,Single
9152017HBA1,OTU1440,US,0.2259,BOLD:ACO4819,Animalia,Arthropoda,Arachnida,Araneae,NA,NA,NA,31,9/15/2017,HickoryBottoms,A,9/14/2017,67,Single
9152017HBA1,OTU1457,US,0,BOLD:ACU7002,Animalia,Arthropoda,Insecta,Diptera,NA,NA,NA,19,9/15/2017,HickoryBottoms,A,9/14/2017,67,Single
9152017HBA1,OTU1545,GS,97.8,BOLD:ABA5202,Animalia,Arthropoda,Insecta,Diptera,Limoniidae,Pseudolimnophila,Pseudolimnophila luteipennis,228,9/15/2017,HickoryBottoms,A,9/14/2017,67,Single
9152017HBA1,OTU1564,US,0,None,Animalia,Arthropoda,Arachnida,Sarcoptiformes,NA,NA,NA,1,9/15/2017,HickoryBottoms,A,9/14/2017,67,Single
9152017HBA1,OTU1569,SS,0.91,BOLD:AAB3702,Animalia,Arthropoda,Insecta,Trichoptera,Hydropsychidae,Potamyia,Potamyia flava,117,9/15/2017,HickoryBottoms,A,9/14/2017,67,Single
9152017HBA1,OTU1709,US,0,None,Animalia,Arthropoda,Collembola,Symphypleona,NA,NA,NA,14,9/15/2017,HickoryBottoms,A,9/14/2017,67,Single
9152017HBA1,OTU1800,US,0.3913,None,Animalia,Arthropoda,Insecta,Diptera,NA,NA,NA,1,9/15/2017,HickoryBottoms,A,9/14/2017,67,Single
9152017HBA10,OTU15,GS,100,BOLD:ABZ0908,Animalia,Arthropoda,Insecta,Diptera,Tipulidae,Nephrotoma,Nephrotoma ferruginea,2685,9/15/2017,HickoryBottoms,A,9/14/2017,67,Single
9152017HBA10,OTU56,GS,100,BOLD:AAN5879,Animalia,Arthropoda,Insecta,Diptera,Limoniidae,NA,NA,18933,9/15/2017,HickoryBottoms,A,9/14/2017,67,Single
9152017HBA10,OTU247,GS,100,BOLD:AAG0787,Animalia,Arthropoda,Insecta,Hemiptera,Corixidae,Trichocorixa,NA,20,9/15/2017,HickoryBottoms,A,9/14/2017,67,Single
9152017HBA10,OTU394,GS,100,BOLD:AAC3054,Animalia,Arthropoda,Insecta,Coleoptera,Carabidae,Harpalus,Harpalus pensylvanicus,87,9/15/2017,HickoryBottoms,A,9/14/2017,67,Single
9152017HBA10,OTU715,SS,0.71,BOLD:ABZ0908,Animalia,Arthropoda,Insecta,Diptera,NA,NA,NA,304,9/15/2017,HickoryBottoms,A,9/14/2017,67,Single
9152017HBA10,OTU717,GSL,100,BOLD:ABZ7359,Animalia,Arthropoda,Insecta,Lepidoptera,Erebidae,Halysidota,NA,2,9/15/2017,HickoryBottoms,A,9/14/2017,67,Single
9152017HBA10,OTU834,US,0.0169,BOLD:AAG8812,Animalia,Arthropoda,Insecta,Hemiptera,NA,NA,NA,2,9/15/2017,HickoryBottoms,A,9/14/2017,67,Single
9152017HBA10,OTU1107,US,0,BOLD:ACT8457,Animalia,Arthropoda,Insecta,Hymenoptera,NA,NA,NA,9,9/15/2017,HickoryBottoms,A,9/14/2017,67,Single
9152017HBA10,OTU1174,GS,99.4,BOLD:AAH0393,Animalia,Arthropoda,Insecta,Coleoptera,NA,NA,NA,3,9/15/2017,HickoryBottoms,A,9/14/2017,67,Single
9152017HBA10,OTU1613,US,0.9249,BOLD:ACQ4881,Animalia,Arthropoda,Insecta,Coleoptera,NA,NA,NA,3,9/15/2017,HickoryBottoms,A,9/14/2017,67,Single
9152017HBA10,OTU1632,GS,99.4,BOLD:AAH5149,Animalia,Arthropoda,Insecta,Lepidoptera,Gelechiidae,Aristotelia,NA,30,9/15/2017,HickoryBottoms,A,9/14/2017,67,Single
9152017HBA10,OTU1848,GS,100,BOLD:AAH2808,Animalia,Arthropoda,Insecta,Coleoptera,Carabidae,Agonum,Agonum punctiforme,8,9/15/2017,HickoryBottoms,A,9/14/2017,67,Single
9152017HBA10,OTU1911,SS,0.65,BOLD:AAN5879,Animalia,Arthropoda,Insecta,Diptera,NA,NA,NA,110,9/15/2017,HickoryBottoms,A,9/14/2017,67,Single
9152017HBA2,OTU17,GS,100,BOLD:AAB3702,Animalia,Arthropoda,Insecta,Trichoptera,Hydropsychidae,Potamyia,Potamyia flava,524,9/15/2017,HickoryBottoms,A,9/14/2017,67,Single
9152017HBA2,OTU46,GS,100,BOLD:AAP2735,Animalia,Arthropoda,Insecta,Diptera,Limoniidae,NA,NA,21162,9/15/2017,HickoryBottoms,A,9/14/2017,67,Single
9152017HBA2,OTU55,GS,100,BOLD:AAF9006,Animalia,Arthropoda,Insecta,Diptera,NA,NA,NA,10617,9/15/2017,HickoryBottoms,A,9/14/2017,67,Single
9152017HBA2,OTU125,GS,100,BOLD:ACX4440,Animalia,Arthropoda,Insecta,Coleoptera,NA,NA,NA,26,9/15/2017,HickoryBottoms,A,9/14/2017,67,Single
9152017HBA2,OTU138,GS,100,BOLD:AAF9014,Animalia,Arthropoda,Insecta,Diptera,Limoniidae,Symplecta,Symplecta cana,2284,9/15/2017,HickoryBottoms,A,9/14/2017,67,Single
9152017HBA2,OTU202,US,0.9967,BOLD:ACF8271,Animalia,Arthropoda,Insecta,Hymenoptera,NA,NA,NA,186,9/15/2017,HickoryBottoms,A,9/14/2017,67,Single
9152017HBA2,OTU247,GS,100,BOLD:AAG0787,Animalia,Arthropoda,Insecta,Hemiptera,Corixidae,Trichocorixa,NA,19,9/15/2017,HickoryBottoms,A,9/14/2017,67,Single
9152017HBA2,OTU257,GS,100,BOLD:AAA5803,Animalia,Arthropoda,Insecta,Hemiptera,Miridae,Lygus,Lygus lineolaris,19,9/15/2017,HickoryBottoms,A,9/14/2017,67,Single
9152017HBA2,OTU394,GS,100,BOLD:AAC3054,Animalia,Arthropoda,Insecta,Coleoptera,Carabidae,Harpalus,Harpalus pensylvanicus,140,9/15/2017,HickoryBottoms,A,9/14/2017,67,Single
9152017HBA2,OTU479,US,1,BOLD:AAH7127,Animalia,Arthropoda,Insecta,Hymenoptera,NA,NA,NA,497,9/15/2017,HickoryBottoms,A,9/14/2017,67,Single
9152017HBA2,OTU810,US,0.9925,BOLD:AAH2082,Animalia,Arthropoda,Insecta,Diptera,NA,NA,NA,3,9/15/2017,HickoryBottoms,A,9/14/2017,67,Single
9152017HBA2,OTU938,GS,98.3,BOLD:AAP8181,Animalia,Arthropoda,Insecta,Orthoptera,NA,NA,NA,27,9/15/2017,HickoryBottoms,A,9/14/2017,67,Single
9152017HBA2,OTU970,US,0.0169,BOLD:ACW2161,Animalia,Arthropoda,Insecta,Diptera,NA,NA,NA,1,9/15/2017,HickoryBottoms,A,9/14/2017,67,Single
9152017HBA2,OTU1011,GS,100,BOLD:AAN8244,Animalia,Arthropoda,Insecta,Hemiptera,Corixidae,Corisella,Corisella edulis,106,9/15/2017,HickoryBottoms,A,9/14/2017,67,Single
9152017HBA2,OTU1107,US,0,BOLD:ACT8457,Animalia,Arthropoda,Insecta,Hymenoptera,NA,NA,NA,19,9/15/2017,HickoryBottoms,A,9/14/2017,67,Single
9152017HBA2,OTU1122,US,1,None,Animalia,Arthropoda,Arachnida,Mesostigmata,NA,NA,NA,2,9/15/2017,HickoryBottoms,A,9/14/2017,67,Single
9152017HBA2,OTU1174,GS,99.4,BOLD:AAH0393,Animalia,Arthropoda,Insecta,Coleoptera,NA,NA,NA,139,9/15/2017,HickoryBottoms,A,9/14/2017,67,Single
9152017HBA2,OTU1315,GS,100,BOLD:AAH2752,Animalia,Arthropoda,Insecta,Coleoptera,Carabidae,Notiobia,Notiobia terminata,46,9/15/2017,HickoryBottoms,A,9/14/2017,67,Single
9152017HBA2,OTU1392,SS,0.02,BOLD:AAF9006,Animalia,Arthropoda,Insecta,Diptera,NA,NA,NA,345,9/15/2017,HickoryBottoms,A,9/14/2017,67,Single
9152017HBA2,OTU1456,US,0.9936,BOLD:ABW8929,Animalia,Arthropoda,Maxillopoda,Cyclopoida,NA,NA,NA,5,9/15/2017,HickoryBottoms,A,9/14/2017,67,Single
9152017HBA2,OTU1457,US,0,BOLD:ACU7002,Animalia,Arthropoda,Insecta,Diptera,NA,NA,NA,4,9/15/2017,HickoryBottoms,A,9/14/2017,67,Single
9152017HBA2,OTU1613,US,0.9249,BOLD:ACQ4881,Animalia,Arthropoda,Insecta,Coleoptera,NA,NA,NA,5,9/15/2017,HickoryBottoms,A,9/14/2017,67,Single
9152017HBA2,OTU1848,GS,100,BOLD:AAH2808,Animalia,Arthropoda,Insecta,Coleoptera,Carabidae,Agonum,Agonum punctiforme,7,9/15/2017,HickoryBottoms,A,9/14/2017,67,Single
9152017HBA3,OTU13,GS,100,BOLD:ABV1771,Animalia,Arthropoda,Insecta,Diptera,Limoniidae,NA,NA,1457,9/15/2017,HickoryBottoms,A,9/14/2017,67,Single
9152017HBA3,OTU17,GS,100,BOLD:AAB3702,Animalia,Arthropoda,Insecta,Trichoptera,Hydropsychidae,Potamyia,Potamyia flava,20103,9/15/2017,HickoryBottoms,A,9/14/2017,67,Single
9152017HBA3,OTU99,US,1,BOLD:ACF7919,Animalia,Arthropoda,Collembola,Poduromorpha,NA,NA,NA,97,9/15/2017,HickoryBottoms,A,9/14/2017,67,Single
9152017HBA3,OTU127,US,0.049,BOLD:AAH6929,Animalia,Arthropoda,Arachnida,Araneae,NA,NA,NA,7772,9/15/2017,HickoryBottoms,A,9/14/2017,67,Single
9152017HBA3,OTU145,US,1,BOLD:AAY7737,Animalia,Arthropoda,Arachnida,Araneae,NA,NA,NA,5419,9/15/2017,HickoryBottoms,A,9/14/2017,67,Single
9152017HBA3,OTU165,US,0.9936,BOLD:ACF8271,Animalia,Arthropoda,Insecta,Diptera,NA,NA,NA,2658,9/15/2017,HickoryBottoms,A,9/14/2017,67,Single
9152017HBA3,OTU201,GS,100,BOLD:AAG0906,Animalia,Arthropoda,Insecta,Neuroptera,Hemerobiidae,Micromus,Micromus posticus,20,9/15/2017,HickoryBottoms,A,9/14/2017,67,Single
9152017HBA3,OTU202,US,0.9967,BOLD:ACF8271,Animalia,Arthropoda,Insecta,Hymenoptera,NA,NA,NA,1780,9/15/2017,HickoryBottoms,A,9/14/2017,67,Single
9152017HBA3,OTU212,US,1,BOLD:ACE7661,Animalia,Arthropoda,Arachnida,Araneae,NA,NA,NA,629,9/15/2017,HickoryBottoms,A,9/14/2017,67,Single
9152017HBA3,OTU288,GSL,100,BOLD:AAB5640,Animalia,Arthropoda,Insecta,Coleoptera,Coccinellidae,Harmonia,Harmonia axyridis,120,9/15/2017,HickoryBottoms,A,9/14/2017,67,Single
9152017HBA3,OTU394,GS,100,BOLD:AAC3054,Animalia,Arthropoda,Insecta,Coleoptera,Carabidae,Harpalus,Harpalus pensylvanicus,93,9/15/2017,HickoryBottoms,A,9/14/2017,67,Single
9152017HBA3,OTU512,US,0,BOLD:AAD5415,Animalia,Arthropoda,Insecta,Diptera,NA,NA,NA,175,9/15/2017,HickoryBottoms,A,9/14/2017,67,Single
9152017HBA3,OTU520,US,0.3081,BOLD:ACA6588,Animalia,Arthropoda,Arachnida,Araneae,NA,NA,NA,267,9/15/2017,HickoryBottoms,A,9/14/2017,67,Single
9152017HBA3,OTU562,GS,100,BOLD:AAF8473,Animalia,Arthropoda,Insecta,Coleoptera,Chrysomelidae,Diabrotica,Diabrotica undecimpunctata,5,9/15/2017,HickoryBottoms,A,9/14/2017,67,Single
9152017HBA3,OTU641,GS,100,BOLD:AAB4894,Animalia,Arthropoda,Insecta,Hemiptera,Aphididae,Sitobion,Sitobion avenae,11,9/15/2017,HickoryBottoms,A,9/14/2017,67,Single
9152017HBA3,OTU643,GS,100,BOLD:AAL8051,Animalia,Arthropoda,Insecta,Coleoptera,Carabidae,Acupalpus,Acupalpus testaceus,336,9/15/2017,HickoryBottoms,A,9/14/2017,67,Single
9152017HBA3,OTU694,US,0.1136,BOLD:AAY5131,Animalia,Arthropoda,Arachnida,Araneae,NA,NA,NA,328,9/15/2017,HickoryBottoms,A,9/14/2017,67,Single
9152017HBA3,OTU810,US,0.9925,BOLD:AAH2082,Animalia,Arthropoda,Insecta,Diptera,NA,NA,NA,34,9/15/2017,HickoryBottoms,A,9/14/2017,67,Single
9152017HBA3,OTU843,US,0,BOLD:AAC0171,Animalia,Arthropoda,Insecta,Diptera,NA,NA,NA,166,9/15/2017,HickoryBottoms,A,9/14/2017,67,Single
9152017HBA3,OTU863,US,1,BOLD:ACF7687,Animalia,Arthropoda,Arachnida,Araneae,NA,NA,NA,98,9/15/2017,HickoryBottoms,A,9/14/2017,67,Single
9152017HBA3,OTU937,US,0.2259,BOLD:AAY8473,Animalia,Arthropoda,Arachnida,Araneae,NA,NA,NA,116,9/15/2017,HickoryBottoms,A,9/14/2017,67,Single
9152017HBA3,OTU1035,GS,99.4,BOLD:AAI3772,Animalia,Arthropoda,Insecta,Diptera,NA,NA,NA,96,9/15/2017,HickoryBottoms,A,9/14/2017,67,Single
9152017HBA3,OTU1174,GS,99.4,BOLD:AAH0393,Animalia,Arthropoda,Insecta,Coleoptera,NA,NA,NA,2,9/15/2017,HickoryBottoms,A,9/14/2017,67,Single
9152017HBA3,OTU1201,GS,100,BOLD:AAG2883,Animalia,Arthropoda,Insecta,Hemiptera,Cicadellidae,Draeculacephala,Draeculacephala robinsoni,59,9/15/2017,HickoryBottoms,A,9/14/2017,67,Single
9152017HBA3,OTU1924,US,0.9916,BOLD:ACO2118,Animalia,Arthropoda,Arachnida,Araneae,NA,NA,NA,174,9/15/2017,HickoryBottoms,A,9/14/2017,67,Single
9152017HBA4,OTU9,US,0.7924,BOLD:AAG8502,Animalia,Arthropoda,Insecta,NA,NA,NA,NA,24495,9/15/2017,HickoryBottoms,A,9/14/2017,67,Single
9152017HBA4,OTU15,GS,100,BOLD:ABZ0908,Animalia,Arthropoda,Insecta,Diptera,Tipulidae,Nephrotoma,Nephrotoma ferruginea,37446,9/15/2017,HickoryBottoms,A,9/14/2017,67,Single
9152017HBA4,OTU141,GS,100,BOLD:ABX6186,Animalia,Arthropoda,Insecta,Diptera,Tipulidae,Nephrotoma,Nephrotoma ferruginea,15,9/15/2017,HickoryBottoms,A,9/14/2017,67,Single
9152017HBA4,OTU202,US,0.9967,BOLD:ACF8271,Animalia,Arthropoda,Insecta,Hymenoptera,NA,NA,NA,46,9/15/2017,HickoryBottoms,A,9/14/2017,67,Single
9152017HBA4,OTU333,GS,100,BOLD:AAD7490,Animalia,Arthropoda,Insecta,Hymenoptera,Formicidae,Brachymyrmex,Brachymyrmex depilis,619,9/15/2017,HickoryBottoms,A,9/14/2017,67,Single
9152017HBA4,OTU398,GS,98.9,BOLD:ACE4129,Animalia,Arthropoda,Insecta,Lepidoptera,Tortricidae,Cydia,Cydia latiferreana,11,9/15/2017,HickoryBottoms,A,9/14/2017,67,Single
9152017HBA4,OTU472,GS,100,BOLD:AAG3154,Animalia,Arthropoda,Insecta,Diptera,Psychodidae,Psychoda,NA,4,9/15/2017,HickoryBottoms,A,9/14/2017,67,Single
9152017HBA4,OTU480,GS,100,BOLD:AAP2997,Animalia,Arthropoda,Insecta,Diptera,Chironomidae,NA,NA,6,9/15/2017,HickoryBottoms,A,9/14/2017,67,Single
9152017HBA4,OTU482,GS,97.8,BOLD:AAA4751,Animalia,Arthropoda,Insecta,Diptera,Culicidae,Culex,Culex quinquefasciatus,43,9/15/2017,HickoryBottoms,A,9/14/2017,67,Single
9152017HBA4,OTU520,US,0.3081,BOLD:ACA6588,Animalia,Arthropoda,Arachnida,Araneae,NA,NA,NA,4,9/15/2017,HickoryBottoms,A,9/14/2017,67,Single
9152017HBA4,OTU532,GS,100,BOLD:AAF9306,Animalia,Arthropoda,Insecta,Diptera,Psychodidae,Psychoda,Psychoda alternata,464,9/15/2017,HickoryBottoms,A,9/14/2017,67,Single
9152017HBA4,OTU562,GS,100,BOLD:AAF8473,Animalia,Arthropoda,Insecta,Coleoptera,Chrysomelidae,Diabrotica,Diabrotica undecimpunctata,4,9/15/2017,HickoryBottoms,A,9/14/2017,67,Single
9152017HBA4,OTU676,GS,100,BOLD:AAG0084,Animalia,Arthropoda,Arachnida,Araneae,Oxyopidae,Oxyopes,NA,1,9/15/2017,HickoryBottoms,A,9/14/2017,67,Single
9152017HBA4,OTU715,SS,0.71,BOLD:ABZ0908,Animalia,Arthropoda,Insecta,Diptera,NA,NA,NA,3813,9/15/2017,HickoryBottoms,A,9/14/2017,67,Single
9152017HBA4,OTU724,GS,97.8,BOLD:ACL2801,Animalia,Arthropoda,Insecta,Diptera,NA,NA,NA,22,9/15/2017,HickoryBottoms,A,9/14/2017,67,Single
9152017HBA4,OTU752,GS,99.4,BOLD:ACE6858,Animalia,Arthropoda,Insecta,Diptera,Chironomidae,Polypedilum,NA,6,9/15/2017,HickoryBottoms,A,9/14/2017,67,Single
9152017HBA4,OTU756,GS,100,BOLD:ABY9006,Animalia,Arthropoda,Insecta,Hemiptera,Aphididae,Pemphigus,NA,24,9/15/2017,HickoryBottoms,A,9/14/2017,67,Single
9152017HBA4,OTU798,SS,0.6,BOLD:AAO3940,Animalia,Arthropoda,Insecta,Diptera,NA,NA,NA,187,9/15/2017,HickoryBottoms,A,9/14/2017,67,Single
9152017HBA4,OTU1035,GS,99.4,BOLD:AAI3772,Animalia,Arthropoda,Insecta,Diptera,NA,NA,NA,2,9/15/2017,HickoryBottoms,A,9/14/2017,67,Single
9152017HBA4,OTU1040,SS,0.14,BOLD:AAU6662,Animalia,Arthropoda,Insecta,Diptera,NA,NA,NA,17,9/15/2017,HickoryBottoms,A,9/14/2017,67,Single
9152017HBA4,OTU1065,GS,100,BOLD:AAL7359,Animalia,Arthropoda,Insecta,Diptera,Chironomidae,Tanytarsus,NA,3,9/15/2017,HickoryBottoms,A,9/14/2017,67,Single
9152017HBA4,OTU1080,GS,100,BOLD:AAB9450,Animalia,Arthropoda,Insecta,Lepidoptera,NA,NA,NA,1,9/15/2017,HickoryBottoms,A,9/14/2017,67,Single
9152017HBA4,OTU1116,SS,0.5,BOLD:ABZ0908,Animalia,Arthropoda,Insecta,Diptera,NA,NA,NA,17,9/15/2017,HickoryBottoms,A,9/14/2017,67,Single
9152017HBA4,OTU1318,SS,0.75,BOLD:ABV9403,Animalia,Arthropoda,Insecta,NA,NA,NA,NA,2,9/15/2017,HickoryBottoms,A,9/14/2017,67,Single
9152017HBA4,OTU1353,SS,0.11,BOLD:ABU9995,Animalia,Arthropoda,Insecta,Diptera,NA,NA,NA,373,9/15/2017,HickoryBottoms,A,9/14/2017,67,Single
9152017HBA4,OTU1397,GS,100,BOLD:AAI0406,Animalia,Arthropoda,Insecta,Hemiptera,Aphididae,Rhopalosiphum,Rhopalosiphum rufiabdominale,1,9/15/2017,HickoryBottoms,A,9/14/2017,67,Single
9152017HBA4,OTU1411,SS,0.41,BOLD:ACF8666,Animalia,Arthropoda,Insecta,Diptera,NA,NA,NA,500,9/15/2017,HickoryBottoms,A,9/14/2017,67,Single
9152017HBA4,OTU1447,SS,0.95,BOLD:ABZ0908,Animalia,Arthropoda,Insecta,Diptera,Tipulidae,Nephrotoma,Nephrotoma ferruginea,790,9/15/2017,HickoryBottoms,A,9/14/2017,67,Single
9152017HBA4,OTU1513,GS,97.8,BOLD:ACL2801,Animalia,Arthropoda,Insecta,Diptera,Tipulidae,Nephrotoma,Nephrotoma macrocera,1,9/15/2017,HickoryBottoms,A,9/14/2017,67,Single
9152017HBA4,OTU1534,GS,100,BOLD:AAH9588,Animalia,Arthropoda,Insecta,Hemiptera,Aphididae,Shivaphis,Shivaphis celti,1,9/15/2017,HickoryBottoms,A,9/14/2017,67,Single
9152017HBA4,OTU1664,SS,0.26,BOLD:AAF9008,Animalia,Arthropoda,Insecta,Diptera,NA,NA,NA,2,9/15/2017,HickoryBottoms,A,9/14/2017,67,Single
9152017HBA4,OTU1733,US,0.9715,BOLD:AAU6662,Animalia,Arthropoda,Insecta,Diptera,NA,NA,NA,4,9/15/2017,HickoryBottoms,A,9/14/2017,67,Single
9152017HBA4,OTU1774,SS,0.08,BOLD:ABU9995,Animalia,Arthropoda,Insecta,Diptera,NA,NA,NA,284,9/15/2017,HickoryBottoms,A,9/14/2017,67,Single
9152017HBA4,OTU1797,SS,0.63,BOLD:ABX6186,Animalia,Arthropoda,Insecta,Diptera,NA,NA,NA,1,9/15/2017,HickoryBottoms,A,9/14/2017,67,Single
9152017HBA4,OTU1910,SS,0.87,BOLD:ABZ0908,Animalia,Arthropoda,Insecta,Diptera,Tipulidae,Nephrotoma,Nephrotoma ferruginea,5,9/15/2017,HickoryBottoms,A,9/14/2017,67,Single
9152017HBA5,OTU1,US,0.0026,BOLD:AAD6798,Animalia,Arthropoda,Insecta,Diptera,NA,NA,NA,9401,9/15/2017,HickoryBottoms,A,9/14/2017,67,Single
9152017HBA5,OTU22,GS,100,BOLD:ABA8054,Animalia,Arthropoda,Insecta,Hymenoptera,Braconidae,NA,NA,6423,9/15/2017,HickoryBottoms,A,9/14/2017,67,Single
9152017HBA5,OTU62,GS,100,BOLD:ACX8671,Animalia,Arthropoda,Insecta,Coleoptera,Elateridae,Melanotus,Melanotus miscellus,9013,9/15/2017,HickoryBottoms,A,9/14/2017,67,Single
9152017HBA5,OTU279,US,0.9881,BOLD:AAL9881,Animalia,Arthropoda,Arachnida,Araneae,NA,NA,NA,53,9/15/2017,HickoryBottoms,A,9/14/2017,67,Single
9152017HBA5,OTU499,SS,0.7,BOLD:ABA8054,Animalia,Arthropoda,Insecta,Hymenoptera,NA,NA,NA,323,9/15/2017,HickoryBottoms,A,9/14/2017,67,Single
9152017HBA5,OTU761,US,0,None,Animalia,Arthropoda,Arachnida,Mesostigmata,NA,NA,NA,11,9/15/2017,HickoryBottoms,A,9/14/2017,67,Single
9152017HBA5,OTU828,US,1,None,Animalia,Arthropoda,Insecta,Orthoptera,NA,NA,NA,135,9/15/2017,HickoryBottoms,A,9/14/2017,67,Single
9152017HBA5,OTU911,SS,0.56,BOLD:ABA8054,Animalia,Arthropoda,Insecta,Hymenoptera,NA,NA,NA,171,9/15/2017,HickoryBottoms,A,9/14/2017,67,Single
9152017HBA5,OTU1831,US,0,BOLD:ACT8457,Animalia,Arthropoda,Insecta,Hymenoptera,NA,NA,NA,15,9/15/2017,HickoryBottoms,A,9/14/2017,67,Single
9152017HBA6,OTU2,GS,100,BOLD:AAH3225,Animalia,Arthropoda,Insecta,Psocodea,Psocidae,Metylophorus,Metylophorus novaescotiae,22661,9/15/2017,HickoryBottoms,A,9/14/2017,67,Single
9152017HBA6,OTU3,GS,100,BOLD:AAP2734,Animalia,Arthropoda,Insecta,Diptera,Limoniidae,Erioptera,Erioptera parva,446,9/15/2017,HickoryBottoms,A,9/14/2017,67,Single
9152017HBA6,OTU9,US,0.7924,BOLD:AAG8502,Animalia,Arthropoda,Insecta,NA,NA,NA,NA,210,9/15/2017,HickoryBottoms,A,9/14/2017,67,Single
9152017HBA6,OTU22,GS,100,BOLD:ABA8054,Animalia,Arthropoda,Insecta,Hymenoptera,Braconidae,NA,NA,23793,9/15/2017,HickoryBottoms,A,9/14/2017,67,Single
9152017HBA6,OTU73,GS,100,BOLD:AAD6926,Animalia,Arthropoda,Arachnida,Araneae,Anyphaenidae,Anyphaena,Anyphaena pectorosa,1532,9/15/2017,HickoryBottoms,A,9/14/2017,67,Single
9152017HBA6,OTU147,GS,100,BOLD:AAA4056,Animalia,Arthropoda,Insecta,Lepidoptera,Geometridae,Hypagyrtis,Hypagyrtis piniata,1334,9/15/2017,HickoryBottoms,A,9/14/2017,67,Single
9152017HBA6,OTU150,GS,100,BOLD:AAA7272,Animalia,Arthropoda,Arachnida,Araneae,Dictynidae,Emblyna,Emblyna sublata,4289,9/15/2017,HickoryBottoms,A,9/14/2017,67,Single
9152017HBA6,OTU162,GS,100,BOLD:ACI5326,Animalia,Arthropoda,Insecta,Hemiptera,Miridae,Hyaliodes,Hyaliodes vitripennis,265,9/15/2017,HickoryBottoms,A,9/14/2017,67,Single
9152017HBA6,OTU180,GS,100,BOLD:AAM8933,Animalia,Arthropoda,Insecta,Psocodea,Amphipsocidae,Polypsocus,Polypsocus corruptus,48,9/15/2017,HickoryBottoms,A,9/14/2017,67,Single
9152017HBA6,OTU197,GS,100,BOLD:AAN6380,Animalia,Arthropoda,Arachnida,Araneae,Araneidae,Neoscona,NA,38,9/15/2017,HickoryBottoms,A,9/14/2017,67,Single
9152017HBA6,OTU201,GS,100,BOLD:AAG0906,Animalia,Arthropoda,Insecta,Neuroptera,Hemerobiidae,Micromus,Micromus posticus,25,9/15/2017,HickoryBottoms,A,9/14/2017,67,Single
9152017HBA6,OTU237,GS,100,BOLD:AAA4885,Animalia,Arthropoda,Insecta,Lepidoptera,Geometridae,Macaria,Macaria aemulataria,3556,9/15/2017,HickoryBottoms,A,9/14/2017,67,Single
9152017HBA6,OTU253,GS,100,BOLD:AAN6384,Animalia,Arthropoda,Arachnida,Araneae,Pisauridae,Dolomedes,Dolomedes scriptus,44,9/15/2017,HickoryBottoms,A,9/14/2017,67,Single
9152017HBA6,OTU256,GS,98.3,BOLD:AAF9035,Animalia,Arthropoda,Insecta,Diptera,Tipulidae,Nephrotoma,Nephrotoma alterna,2711,9/15/2017,HickoryBottoms,A,9/14/2017,67,Single
9152017HBA6,OTU313,GS,100,BOLD:AAG4907,Animalia,Arthropoda,Insecta,Diptera,Mycetophilidae,Zygomyia,NA,2166,9/15/2017,HickoryBottoms,A,9/14/2017,67,Single
9152017HBA6,OTU331,GS,100,BOLD:AAB7933,Animalia,Arthropoda,Arachnida,Araneae,Araneidae,Eustala,Eustala anastera,1376,9/15/2017,HickoryBottoms,A,9/14/2017,67,Single
9152017HBA6,OTU396,SS,0.98,BOLD:AAP2734,Animalia,Arthropoda,Insecta,Diptera,Limoniidae,Erioptera,Erioptera parva,32,9/15/2017,HickoryBottoms,A,9/14/2017,67,Single
9152017HBA6,OTU404,GS,100,BOLD:ABA5881,Animalia,Arthropoda,Insecta,Hemiptera,Miridae,Phytocoris,Phytocoris eximius,41,9/15/2017,HickoryBottoms,A,9/14/2017,67,Single
9152017HBA6,OTU480,GS,100,BOLD:AAP2997,Animalia,Arthropoda,Insecta,Diptera,Chironomidae,NA,NA,5,9/15/2017,HickoryBottoms,A,9/14/2017,67,Single
9152017HBA6,OTU494,GS,99.4,BOLD:AAH3231,Animalia,Arthropoda,Insecta,Psocodea,Psocidae,NA,NA,148,9/15/2017,HickoryBottoms,A,9/14/2017,67,Single
9152017HBA6,OTU497,GS,100,BOLD:ACE1898,Animalia,Arthropoda,Insecta,Hemiptera,Aphididae,NA,NA,474,9/15/2017,HickoryBottoms,A,9/14/2017,67,Single
9152017HBA6,OTU529,GS,100,BOLD:AAG3825,Animalia,Arthropoda,Arachnida,Araneae,Anyphaenidae,Wulfila,NA,448,9/15/2017,HickoryBottoms,A,9/14/2017,67,Single
9152017HBA6,OTU549,GS,100,BOLD:AAM8604,Animalia,Arthropoda,Insecta,Lepidoptera,NA,NA,NA,1,9/15/2017,HickoryBottoms,A,9/14/2017,67,Single
9152017HBA6,OTU567,GS,98.9,BOLD:ACX6016,Animalia,Arthropoda,Arachnida,Araneae,Uloboridae,Hyptiotes,Hyptiotes cavatus,38,9/15/2017,HickoryBottoms,A,9/14/2017,67,Single
9152017HBA6,OTU624,GS,100,BOLD:AAP4712,Animalia,Arthropoda,Insecta,Diptera,Psychodidae,NA,NA,11,9/15/2017,HickoryBottoms,A,9/14/2017,67,Single
9152017HBA6,OTU665,GS,100,BOLD:AAW4535,Animalia,Arthropoda,Arachnida,Araneae,Araneidae,Araneus,Araneus marmoreus,11,9/15/2017,HickoryBottoms,A,9/14/2017,67,Single
9152017HBA6,OTU707,GS,100,BOLD:ACA3244,Animalia,Arthropoda,Insecta,Diptera,Chironomidae,Polypedilum,Polypedilum convictum,195,9/15/2017,HickoryBottoms,A,9/14/2017,67,Single
9152017HBA6,OTU737,GS,100,BOLD:AAG3822,Animalia,Arthropoda,Arachnida,Araneae,Anyphaenidae,Anyphaena,NA,166,9/15/2017,HickoryBottoms,A,9/14/2017,67,Single
9152017HBA6,OTU756,GS,100,BOLD:ABY9006,Animalia,Arthropoda,Insecta,Hemiptera,Aphididae,Pemphigus,NA,1,9/15/2017,HickoryBottoms,A,9/14/2017,67,Single
9152017HBA6,OTU767,GS,100,BOLD:AAC7129,Animalia,Arthropoda,Insecta,Lepidoptera,Tischeriidae,Coptotriche,Coptotriche citrinipennella,1,9/15/2017,HickoryBottoms,A,9/14/2017,67,Single
9152017HBA6,OTU1005,SS,0.54,BOLD:ABV3180,Animalia,Arthropoda,Insecta,Hemiptera,NA,NA,NA,125,9/15/2017,HickoryBottoms,A,9/14/2017,67,Single
9152017HBA6,OTU1035,GS,99.4,BOLD:AAI3772,Animalia,Arthropoda,Insecta,Diptera,NA,NA,NA,41,9/15/2017,HickoryBottoms,A,9/14/2017,67,Single
9152017HBA6,OTU1172,SS,0.83,BOLD:AAD6926,Animalia,Arthropoda,Arachnida,Araneae,Anyphaenidae,Anyphaena,Anyphaena pectorosa,148,9/15/2017,HickoryBottoms,A,9/14/2017,67,Single
9152017HBA6,OTU1206,GS,100,BOLD:ACX8800,Animalia,Arthropoda,Insecta,Coleoptera,Ptinidae,Petalium,Petalium incisum,97,9/15/2017,HickoryBottoms,A,9/14/2017,67,Single
9152017HBA6,OTU1416,GS,100,BOLD:AAC2657,Animalia,Arthropoda,Insecta,Lepidoptera,Coleophoridae,Coleophora,Coleophora salinoidella,22,9/15/2017,HickoryBottoms,A,9/14/2017,67,Single
9152017HBA6,OTU1418,GS,99.4,BOLD:AAN8446,Animalia,Arthropoda,Insecta,Psocodea,Peripsocidae,Peripsocus,Peripsocus madidus,1,9/15/2017,HickoryBottoms,A,9/14/2017,67,Single
9152017HBA6,OTU1554,SS,0.92,BOLD:AAP2734,Animalia,Arthropoda,Insecta,Diptera,Limoniidae,Erioptera,Erioptera parva,3,9/15/2017,HickoryBottoms,A,9/14/2017,67,Single
9152017HBA6,OTU1593,GS,99.4,BOLD:AAH4493,Animalia,Arthropoda,Insecta,Lepidoptera,Gracillariidae,Cameraria,Cameraria saccharella,1,9/15/2017,HickoryBottoms,A,9/14/2017,67,Single
9152017HBA7,OTU2,GS,100,BOLD:AAH3225,Animalia,Arthropoda,Insecta,Psocodea,Psocidae,Metylophorus,Metylophorus novaescotiae,9641,9/15/2017,HickoryBottoms,A,9/14/2017,67,Single
9152017HBA7,OTU4,GS,100,BOLD:AAN5882,Animalia,Arthropoda,Insecta,Diptera,Limoniidae,Erioptera,Erioptera caliptera,40890,9/15/2017,HickoryBottoms,A,9/14/2017,67,Single
9152017HBA7,OTU5,GS,99.4,BOLD:AAN5451,Animalia,Arthropoda,Arachnida,Araneae,Araneidae,Eustala,NA,2965,9/15/2017,HickoryBottoms,A,9/14/2017,67,Single
9152017HBA7,OTU7,GS,100,BOLD:AAF4632,Animalia,Arthropoda,Insecta,Diptera,Limoniidae,Epiphragma,Epiphragma solatrix,2623,9/15/2017,HickoryBottoms,A,9/14/2017,67,Single
9152017HBA7,OTU13,GS,100,BOLD:ABV1771,Animalia,Arthropoda,Insecta,Diptera,Limoniidae,NA,NA,2318,9/15/2017,HickoryBottoms,A,9/14/2017,67,Single
9152017HBA7,OTU14,GS,99.4,BOLD:AAO3940,Animalia,Arthropoda,Insecta,Diptera,Limoniidae,Rhipidia,NA,13117,9/15/2017,HickoryBottoms,A,9/14/2017,67,Single
9152017HBA7,OTU15,GS,100,BOLD:ABZ0908,Animalia,Arthropoda,Insecta,Diptera,Tipulidae,Nephrotoma,Nephrotoma ferruginea,1650,9/15/2017,HickoryBottoms,A,9/14/2017,67,Single
9152017HBA7,OTU65,GS,100,BOLD:AAA1517,Animalia,Arthropoda,Insecta,Lepidoptera,Tortricidae,Choristoneura,Choristoneura rosaceana,1409,9/15/2017,HickoryBottoms,A,9/14/2017,67,Single
9152017HBA7,OTU71,GSL,100,BOLD:AAA7661,Animalia,Arthropoda,Insecta,Diptera,Culicidae,NA,NA,54,9/15/2017,HickoryBottoms,A,9/14/2017,67,Single
9152017HBA7,OTU73,GS,100,BOLD:AAD6926,Animalia,Arthropoda,Arachnida,Araneae,Anyphaenidae,Anyphaena,Anyphaena pectorosa,329,9/15/2017,HickoryBottoms,A,9/14/2017,67,Single
9152017HBA7,OTU76,US,1,BOLD:ACY1454,Animalia,Arthropoda,Insecta,Hemiptera,NA,NA,NA,43,9/15/2017,HickoryBottoms,A,9/14/2017,67,Single
9152017HBA7,OTU84,GS,97.8,BOLD:ABU5821,Animalia,Arthropoda,Insecta,Diptera,Tipulidae,Tipula,Tipula sayi,266,9/15/2017,HickoryBottoms,A,9/14/2017,67,Single
9152017HBA7,OTU99,US,1,BOLD:ACF7919,Animalia,Arthropoda,Collembola,Poduromorpha,NA,NA,NA,619,9/15/2017,HickoryBottoms,A,9/14/2017,67,Single
9152017HBA7,OTU141,GS,100,BOLD:ABX6186,Animalia,Arthropoda,Insecta,Diptera,Tipulidae,Nephrotoma,Nephrotoma ferruginea,312,9/15/2017,HickoryBottoms,A,9/14/2017,67,Single
9152017HBA7,OTU146,GS,99.4,BOLD:ABV9238,Animalia,Arthropoda,Insecta,Diptera,Limoniidae,Gonomyia,NA,74,9/15/2017,HickoryBottoms,A,9/14/2017,67,Single
9152017HBA7,OTU158,GS,100,BOLD:AAH3230,Animalia,Arthropoda,Insecta,Psocodea,Psocidae,NA,NA,2547,9/15/2017,HickoryBottoms,A,9/14/2017,67,Single
9152017HBA7,OTU322,GS,100,BOLD:AAC2499,Animalia,Arthropoda,Insecta,Diptera,Drosophilidae,Drosophila,Drosophila suzukii,1440,9/15/2017,HickoryBottoms,A,9/14/2017,67,Single
9152017HBA7,OTU398,GS,98.9,BOLD:ACE4129,Animalia,Arthropoda,Insecta,Lepidoptera,Tortricidae,Cydia,Cydia latiferreana,1191,9/15/2017,HickoryBottoms,A,9/14/2017,67,Single
9152017HBA7,OTU466,SS,0.16,BOLD:AAI3871,Animalia,Arthropoda,Insecta,Lepidoptera,NA,NA,NA,746,9/15/2017,HickoryBottoms,A,9/14/2017,67,Single
9152017HBA7,OTU480,GS,100,BOLD:AAP2997,Animalia,Arthropoda,Insecta,Diptera,Chironomidae,NA,NA,150,9/15/2017,HickoryBottoms,A,9/14/2017,67,Single
9152017HBA7,OTU601,US,0.2833,BOLD:ACL1506,Animalia,Arthropoda,Insecta,Hemiptera,NA,NA,NA,350,9/15/2017,HickoryBottoms,A,9/14/2017,67,Single
9152017HBA7,OTU635,GS,97.2,BOLD:AAN5882,Animalia,Arthropoda,Insecta,Diptera,Limoniidae,Erioptera,Erioptera caliptera,57,9/15/2017,HickoryBottoms,A,9/14/2017,67,Single
9152017HBA7,OTU715,SS,0.71,BOLD:ABZ0908,Animalia,Arthropoda,Insecta,Diptera,NA,NA,NA,112,9/15/2017,HickoryBottoms,A,9/14/2017,67,Single
9152017HBA7,OTU782,US,0.2833,BOLD:ACW7520,Animalia,Arthropoda,Insecta,Diptera,NA,NA,NA,4,9/15/2017,HickoryBottoms,A,9/14/2017,67,Single
9152017HBA7,OTU815,GS,100,BOLD:AAG1448,Animalia,Arthropoda,Insecta,Hymenoptera,Braconidae,Meteorus,NA,153,9/15/2017,HickoryBottoms,A,9/14/2017,67,Single
9152017HBA7,OTU907,SS,0.01,BOLD:AAO3940,Animalia,Arthropoda,Insecta,Diptera,Limoniidae,Rhipidia,NA,120,9/15/2017,HickoryBottoms,A,9/14/2017,67,Single
9152017HBA7,OTU935,SS,0.01,BOLD:AAO3940,Animalia,Arthropoda,Insecta,Diptera,Limoniidae,Rhipidia,NA,13,9/15/2017,HickoryBottoms,A,9/14/2017,67,Single
9152017HBA7,OTU957,GS,100,BOLD:AAG5463,Animalia,Arthropoda,Insecta,Diptera,Chironomidae,Tanytarsus,NA,126,9/15/2017,HickoryBottoms,A,9/14/2017,67,Single
9152017HBA7,OTU1172,SS,0.83,BOLD:AAD6926,Animalia,Arthropoda,Arachnida,Araneae,Anyphaenidae,Anyphaena,Anyphaena pectorosa,138,9/15/2017,HickoryBottoms,A,9/14/2017,67,Single
9152017HBA7,OTU1210,GS,97.2,BOLD:AAF4632,Animalia,Arthropoda,Insecta,Diptera,Limoniidae,Epiphragma,Epiphragma solatrix,131,9/15/2017,HickoryBottoms,A,9/14/2017,67,Single
9152017HBA7,OTU1244,SS,0.81,BOLD:AAN5882,Animalia,Arthropoda,Insecta,Diptera,Limoniidae,Erioptera,Erioptera caliptera,11,9/15/2017,HickoryBottoms,A,9/14/2017,67,Single
9152017HBA7,OTU1265,SS,0.83,BOLD:AAF4632,Animalia,Arthropoda,Insecta,Diptera,Limoniidae,Epiphragma,Epiphragma solatrix,21,9/15/2017,HickoryBottoms,A,9/14/2017,67,Single
9152017HBA7,OTU1268,GS,97.8,BOLD:AAM6211,Animalia,Arthropoda,Insecta,Diptera,Chironomidae,Glyptotendipes,NA,13,9/15/2017,HickoryBottoms,A,9/14/2017,67,Single
9152017HBA7,OTU1292,GS,97.8,BOLD:AAN5882,Animalia,Arthropoda,Insecta,Diptera,Limoniidae,Erioptera,Erioptera caliptera,20,9/15/2017,HickoryBottoms,A,9/14/2017,67,Single
9152017HBA7,OTU1317,SS,0.01,BOLD:AAN5451,Animalia,Arthropoda,Arachnida,Araneae,Araneidae,Eustala,NA,72,9/15/2017,HickoryBottoms,A,9/14/2017,67,Single
9152017HBA7,OTU1403,SS,0.36,BOLD:ACV0130,Animalia,Arthropoda,Insecta,Diptera,NA,NA,NA,10,9/15/2017,HickoryBottoms,A,9/14/2017,67,Single
9152017HBA7,OTU1409,GS,98.3,BOLD:AAE7788,Animalia,Arthropoda,Insecta,Diptera,Culicidae,Culex,Culex salinarius,2874,9/15/2017,HickoryBottoms,A,9/14/2017,67,Single
9152017HBA7,OTU1480,US,0.9249,BOLD:AAN5882,Animalia,Arthropoda,Insecta,Diptera,NA,NA,NA,3,9/15/2017,HickoryBottoms,A,9/14/2017,67,Single
9152017HBA7,OTU1554,SS,0.92,BOLD:AAP2734,Animalia,Arthropoda,Insecta,Diptera,Limoniidae,Erioptera,Erioptera parva,3,9/15/2017,HickoryBottoms,A,9/14/2017,67,Single
9152017HBA7,OTU1636,SS,0.74,BOLD:AAF4632,Animalia,Arthropoda,Insecta,NA,NA,NA,NA,4,9/15/2017,HickoryBottoms,A,9/14/2017,67,Single
9152017HBA7,OTU1683,SS,0.84,BOLD:AAF4632,Animalia,Arthropoda,Insecta,Diptera,Limoniidae,Epiphragma,Epiphragma solatrix,43,9/15/2017,HickoryBottoms,A,9/14/2017,67,Single
9152017HBA7,OTU1740,SS,0.75,BOLD:ABV1771,Animalia,Arthropoda,Insecta,Diptera,NA,NA,NA,2,9/15/2017,HickoryBottoms,A,9/14/2017,67,Single
9152017HBA7,OTU1797,SS,0.63,BOLD:ABX6186,Animalia,Arthropoda,Insecta,Diptera,NA,NA,NA,1,9/15/2017,HickoryBottoms,A,9/14/2017,67,Single
9152017HBA7,OTU1818,GS,97.9,BOLD:AAF4632,Animalia,Arthropoda,Insecta,Diptera,Limoniidae,Epiphragma,Epiphragma solatrix,1,9/15/2017,HickoryBottoms,A,9/14/2017,67,Single
9152017HBA7,OTU1834,SS,0.74,BOLD:AAF4632,Animalia,Arthropoda,Insecta,Diptera,NA,NA,NA,3,9/15/2017,HickoryBottoms,A,9/14/2017,67,Single
9152017HBA8,OTU1,US,0.0026,BOLD:AAD6798,Animalia,Arthropoda,Insecta,Diptera,NA,NA,NA,349,9/15/2017,HickoryBottoms,A,9/14/2017,67,Single
9152017HBA8,OTU2,GS,100,BOLD:AAH3225,Animalia,Arthropoda,Insecta,Psocodea,Psocidae,Metylophorus,Metylophorus novaescotiae,7852,9/15/2017,HickoryBottoms,A,9/14/2017,67,Single
9152017HBA8,OTU5,GS,99.4,BOLD:AAN5451,Animalia,Arthropoda,Arachnida,Araneae,Araneidae,Eustala,NA,972,9/15/2017,HickoryBottoms,A,9/14/2017,67,Single
9152017HBA8,OTU7,GS,100,BOLD:AAF4632,Animalia,Arthropoda,Insecta,Diptera,Limoniidae,Epiphragma,Epiphragma solatrix,11827,9/15/2017,HickoryBottoms,A,9/14/2017,67,Single
9152017HBA8,OTU13,GS,100,BOLD:ABV1771,Animalia,Arthropoda,Insecta,Diptera,Limoniidae,NA,NA,2305,9/15/2017,HickoryBottoms,A,9/14/2017,67,Single
9152017HBA8,OTU14,GS,99.4,BOLD:AAO3940,Animalia,Arthropoda,Insecta,Diptera,Limoniidae,Rhipidia,NA,2822,9/15/2017,HickoryBottoms,A,9/14/2017,67,Single
9152017HBA8,OTU17,GS,100,BOLD:AAB3702,Animalia,Arthropoda,Insecta,Trichoptera,Hydropsychidae,Potamyia,Potamyia flava,11053,9/15/2017,HickoryBottoms,A,9/14/2017,67,Single
9152017HBA8,OTU22,GS,100,BOLD:ABA8054,Animalia,Arthropoda,Insecta,Hymenoptera,Braconidae,NA,NA,1142,9/15/2017,HickoryBottoms,A,9/14/2017,67,Single
9152017HBA8,OTU25,GS,100,BOLD:ACF0083,Animalia,Arthropoda,Insecta,Diptera,Tabanidae,Tabanus,Tabanus similis,9313,9/15/2017,HickoryBottoms,A,9/14/2017,67,Single
9152017HBA8,OTU54,GS,99.4,BOLD:ABA5202,Animalia,Arthropoda,Insecta,Diptera,Limoniidae,Pseudolimnophila,Pseudolimnophila luteipennis,558,9/15/2017,HickoryBottoms,A,9/14/2017,67,Single
9152017HBA8,OTU147,GS,100,BOLD:AAA4056,Animalia,Arthropoda,Insecta,Lepidoptera,Geometridae,Hypagyrtis,Hypagyrtis piniata,893,9/15/2017,HickoryBottoms,A,9/14/2017,67,Single
9152017HBA8,OTU180,GS,100,BOLD:AAM8933,Animalia,Arthropoda,Insecta,Psocodea,Amphipsocidae,Polypsocus,Polypsocus corruptus,1449,9/15/2017,HickoryBottoms,A,9/14/2017,67,Single
9152017HBA8,OTU254,GS,100,BOLD:AAG8977,Animalia,Arthropoda,Insecta,Hemiptera,Derbidae,Apache,Apache degeerii,109,9/15/2017,HickoryBottoms,A,9/14/2017,67,Single
9152017HBA8,OTU387,GS,100,BOLD:AAA5206,Animalia,Arthropoda,Insecta,Lepidoptera,Erebidae,Zanclognatha,Zanclognatha jacchusalis,1143,9/15/2017,HickoryBottoms,A,9/14/2017,67,Single
9152017HBA8,OTU732,GSL,100,BOLD:ABY5757,Animalia,Arthropoda,Insecta,Lepidoptera,Pyralidae,Sciota,Sciota uvinella,291,9/15/2017,HickoryBottoms,A,9/14/2017,67,Single
9152017HBA8,OTU935,SS,0.01,BOLD:AAO3940,Animalia,Arthropoda,Insecta,Diptera,Limoniidae,Rhipidia,NA,6,9/15/2017,HickoryBottoms,A,9/14/2017,67,Single
9152017HBA8,OTU1018,US,0,BOLD:ACZ4387,Animalia,Arthropoda,Insecta,Diptera,NA,NA,NA,78,9/15/2017,HickoryBottoms,A,9/14/2017,67,Single
9152017HBA8,OTU1097,GS,97.2,BOLD:AAN5451,Animalia,Arthropoda,Arachnida,Araneae,Araneidae,Eustala,NA,28,9/15/2017,HickoryBottoms,A,9/14/2017,67,Single
9152017HBA8,OTU1210,GS,97.2,BOLD:AAF4632,Animalia,Arthropoda,Insecta,Diptera,Limoniidae,Epiphragma,Epiphragma solatrix,13,9/15/2017,HickoryBottoms,A,9/14/2017,67,Single
9152017HBA8,OTU1265,SS,0.83,BOLD:AAF4632,Animalia,Arthropoda,Insecta,Diptera,Limoniidae,Epiphragma,Epiphragma solatrix,18,9/15/2017,HickoryBottoms,A,9/14/2017,67,Single
9152017HBA8,OTU1493,SS,0.74,BOLD:AAG4573,Animalia,Arthropoda,Insecta,Diptera,Tabanidae,NA,NA,41,9/15/2017,HickoryBottoms,A,9/14/2017,67,Single
9152017HBA8,OTU1494,US,0.8732,BOLD:AAF4632,Animalia,Arthropoda,Insecta,Diptera,NA,NA,NA,1,9/15/2017,HickoryBottoms,A,9/14/2017,67,Single
9152017HBA8,OTU1502,GS,100,BOLD:AAA7880,Animalia,Arthropoda,Insecta,Lepidoptera,Crambidae,Nomophila,Nomophila noctuella,1,9/15/2017,HickoryBottoms,A,9/14/2017,67,Single
9152017HBA8,OTU1545,GS,97.8,BOLD:ABA5202,Animalia,Arthropoda,Insecta,Diptera,Limoniidae,Pseudolimnophila,Pseudolimnophila luteipennis,2,9/15/2017,HickoryBottoms,A,9/14/2017,67,Single
9152017HBA8,OTU1683,SS,0.84,BOLD:AAF4632,Animalia,Arthropoda,Insecta,Diptera,Limoniidae,Epiphragma,Epiphragma solatrix,288,9/15/2017,HickoryBottoms,A,9/14/2017,67,Single
9152017HBA8,OTU1740,SS,0.75,BOLD:ABV1771,Animalia,Arthropoda,Insecta,Diptera,NA,NA,NA,1,9/15/2017,HickoryBottoms,A,9/14/2017,67,Single
9152017HBA8,OTU1748,SS,0.6,BOLD:ACF8409,Animalia,Arthropoda,Insecta,Diptera,NA,NA,NA,1,9/15/2017,HickoryBottoms,A,9/14/2017,67,Single
9152017HBA9,OTU2,GS,100,BOLD:AAH3225,Animalia,Arthropoda,Insecta,Psocodea,Psocidae,Metylophorus,Metylophorus novaescotiae,951,9/15/2017,HickoryBottoms,A,9/14/2017,67,Single
9152017HBA9,OTU7,GS,100,BOLD:AAF4632,Animalia,Arthropoda,Insecta,Diptera,Limoniidae,Epiphragma,Epiphragma solatrix,1624,9/15/2017,HickoryBottoms,A,9/14/2017,67,Single
9152017HBA9,OTU9,US,0.7924,BOLD:AAG8502,Animalia,Arthropoda,Insecta,NA,NA,NA,NA,237,9/15/2017,HickoryBottoms,A,9/14/2017,67,Single
9152017HBA9,OTU13,GS,100,BOLD:ABV1771,Animalia,Arthropoda,Insecta,Diptera,Limoniidae,NA,NA,3267,9/15/2017,HickoryBottoms,A,9/14/2017,67,Single
9152017HBA9,OTU22,GS,100,BOLD:ABA8054,Animalia,Arthropoda,Insecta,Hymenoptera,Braconidae,NA,NA,22239,9/15/2017,HickoryBottoms,A,9/14/2017,67,Single
9152017HBA9,OTU38,GS,99.4,BOLD:AAB4070,Animalia,Arthropoda,Insecta,Lepidoptera,Tortricidae,Gymnandrosoma,Gymnandrosoma punctidiscanum,8997,9/15/2017,HickoryBottoms,A,9/14/2017,67,Single
9152017HBA9,OTU73,GS,100,BOLD:AAD6926,Animalia,Arthropoda,Arachnida,Araneae,Anyphaenidae,Anyphaena,Anyphaena pectorosa,532,9/15/2017,HickoryBottoms,A,9/14/2017,67,Single
9152017HBA9,OTU78,US,1,BOLD:AAY8864,Animalia,Arthropoda,Insecta,Diptera,NA,NA,NA,266,9/15/2017,HickoryBottoms,A,9/14/2017,67,Single
9152017HBA9,OTU84,GS,97.8,BOLD:ABU5821,Animalia,Arthropoda,Insecta,Diptera,Tipulidae,Tipula,Tipula sayi,270,9/15/2017,HickoryBottoms,A,9/14/2017,67,Single
9152017HBA9,OTU118,US,1,None,Animalia,Arthropoda,Arachnida,Mesostigmata,NA,NA,NA,241,9/15/2017,HickoryBottoms,A,9/14/2017,67,Single
9152017HBA9,OTU161,GS,100,BOLD:AAA8840,Animalia,Arthropoda,Insecta,Lepidoptera,Tortricidae,Pandemis,Pandemis lamprosana,98,9/15/2017,HickoryBottoms,A,9/14/2017,67,Single
9152017HBA9,OTU173,GS,99.4,BOLD:ABA7621,Animalia,Arthropoda,Insecta,Diptera,Tipulidae,Dolichopeza,Dolichopeza walleyi,686,9/15/2017,HickoryBottoms,A,9/14/2017,67,Single
9152017HBA9,OTU180,GS,100,BOLD:AAM8933,Animalia,Arthropoda,Insecta,Psocodea,Amphipsocidae,Polypsocus,Polypsocus corruptus,96,9/15/2017,HickoryBottoms,A,9/14/2017,67,Single
9152017HBA9,OTU197,GS,100,BOLD:AAN6380,Animalia,Arthropoda,Arachnida,Araneae,Araneidae,Neoscona,NA,1352,9/15/2017,HickoryBottoms,A,9/14/2017,67,Single
9152017HBA9,OTU252,GS,100,BOLD:AAC6739,Animalia,Arthropoda,Insecta,Lepidoptera,Coleophoridae,Coleophora,Coleophora borea,124,9/15/2017,HickoryBottoms,A,9/14/2017,67,Single
9152017HBA9,OTU253,GS,100,BOLD:AAN6384,Animalia,Arthropoda,Arachnida,Araneae,Pisauridae,Dolomedes,Dolomedes scriptus,160,9/15/2017,HickoryBottoms,A,9/14/2017,67,Single
9152017HBA9,OTU265,GS,100,BOLD:AAQ3192,Animalia,Arthropoda,Insecta,Lepidoptera,Dryadaulidae,Dryadaula,NA,149,9/15/2017,HickoryBottoms,A,9/14/2017,67,Single
9152017HBA9,OTU283,GS,100,BOLD:AAZ5968,Animalia,Arthropoda,Insecta,Diptera,Limoniidae,NA,NA,128,9/15/2017,HickoryBottoms,A,9/14/2017,67,Single
9152017HBA9,OTU353,US,0,BOLD:ACK0278,Animalia,Arthropoda,Insecta,Hymenoptera,NA,NA,NA,978,9/15/2017,HickoryBottoms,A,9/14/2017,67,Single
9152017HBA9,OTU441,SS,0.29,BOLD:ABA8054,Animalia,Arthropoda,Insecta,Hymenoptera,NA,NA,NA,379,9/15/2017,HickoryBottoms,A,9/14/2017,67,Single
9152017HBA9,OTU499,SS,0.7,BOLD:ABA8054,Animalia,Arthropoda,Insecta,Hymenoptera,NA,NA,NA,164,9/15/2017,HickoryBottoms,A,9/14/2017,67,Single
9152017HBA9,OTU665,GS,100,BOLD:AAW4535,Animalia,Arthropoda,Arachnida,Araneae,Araneidae,Araneus,Araneus marmoreus,35,9/15/2017,HickoryBottoms,A,9/14/2017,67,Single
9152017HBA9,OTU802,GS,100,BOLD:AAZ0412,Animalia,Arthropoda,Insecta,Diptera,Tachinidae,Phytomyptera,Phytomyptera melissopodis,85,9/15/2017,HickoryBottoms,A,9/14/2017,67,Single
9152017HBA9,OTU911,SS,0.56,BOLD:ABA8054,Animalia,Arthropoda,Insecta,Hymenoptera,NA,NA,NA,167,9/15/2017,HickoryBottoms,A,9/14/2017,67,Single
9152017HBA9,OTU1172,SS,0.83,BOLD:AAD6926,Animalia,Arthropoda,Arachnida,Araneae,Anyphaenidae,Anyphaena,Anyphaena pectorosa,68,9/15/2017,HickoryBottoms,A,9/14/2017,67,Single
9152017HBA9,OTU1210,GS,97.2,BOLD:AAF4632,Animalia,Arthropoda,Insecta,Diptera,Limoniidae,Epiphragma,Epiphragma solatrix,14,9/15/2017,HickoryBottoms,A,9/14/2017,67,Single
9152017HBA9,OTU1265,SS,0.83,BOLD:AAF4632,Animalia,Arthropoda,Insecta,Diptera,Limoniidae,Epiphragma,Epiphragma solatrix,10,9/15/2017,HickoryBottoms,A,9/14/2017,67,Single
9152017HBA9,OTU1281,GS,99.4,BOLD:AAI5631,Animalia,Arthropoda,Arachnida,Araneae,NA,NA,NA,43,9/15/2017,HickoryBottoms,A,9/14/2017,67,Single
9152017HBA9,OTU1286,GS,100,BOLD:ACM1751,Animalia,Arthropoda,Insecta,Coleoptera,Curculionidae,Corthylus,Corthylus columbianus,44,9/15/2017,HickoryBottoms,A,9/14/2017,67,Single
9152017HBA9,OTU1307,US,0,BOLD:AAC7707,Animalia,Arthropoda,Insecta,Hymenoptera,NA,NA,NA,39,9/15/2017,HickoryBottoms,A,9/14/2017,67,Single
9152017HBA9,OTU1636,SS,0.74,BOLD:AAF4632,Animalia,Arthropoda,Insecta,NA,NA,NA,NA,2,9/15/2017,HickoryBottoms,A,9/14/2017,67,Single
9152017HBB1,OTU2,GS,100,BOLD:AAH3225,Animalia,Arthropoda,Insecta,Psocodea,Psocidae,Metylophorus,Metylophorus novaescotiae,1129,9/15/2017,HickoryBottoms,B,9/14/2017,70,Single
9152017HBB1,OTU7,GS,100,BOLD:AAF4632,Animalia,Arthropoda,Insecta,Diptera,Limoniidae,Epiphragma,Epiphragma solatrix,1116,9/15/2017,HickoryBottoms,B,9/14/2017,70,Single
9152017HBB1,OTU11,GS,99.4,BOLD:AAG3848,Animalia,Arthropoda,Insecta,Diptera,Culicidae,Culex,Culex erraticus,1634,9/15/2017,HickoryBottoms,B,9/14/2017,70,Single
9152017HBB1,OTU22,GS,100,BOLD:ABA8054,Animalia,Arthropoda,Insecta,Hymenoptera,Braconidae,NA,NA,19411,9/15/2017,HickoryBottoms,B,9/14/2017,70,Single
9152017HBB1,OTU55,GS,100,BOLD:AAF9006,Animalia,Arthropoda,Insecta,Diptera,NA,NA,NA,9540,9/15/2017,HickoryBottoms,B,9/14/2017,70,Single
9152017HBB1,OTU68,GS,100,BOLD:AAB7030,Animalia,Arthropoda,Insecta,Diptera,Chironomidae,Chironomus,Chironomus decorus,66,9/15/2017,HickoryBottoms,B,9/14/2017,70,Single
9152017HBB1,OTU78,US,1,BOLD:AAY8864,Animalia,Arthropoda,Insecta,Diptera,NA,NA,NA,1111,9/15/2017,HickoryBottoms,B,9/14/2017,70,Single
9152017HBB1,OTU135,GS,99.4,BOLD:AAA5872,Animalia,Arthropoda,Insecta,Lepidoptera,Gelechiidae,Chionodes,Chionodes mediofuscella,222,9/15/2017,HickoryBottoms,B,9/14/2017,70,Single
9152017HBB1,OTU163,GS,100,BOLD:ACU2218,Animalia,Arthropoda,Arachnida,Araneae,Theridiidae,Platnickina,Platnickina alabamensis,58,9/15/2017,HickoryBottoms,B,9/14/2017,70,Single
9152017HBB1,OTU180,GS,100,BOLD:AAM8933,Animalia,Arthropoda,Insecta,Psocodea,Amphipsocidae,Polypsocus,Polypsocus corruptus,60,9/15/2017,HickoryBottoms,B,9/14/2017,70,Single
9152017HBB1,OTU197,GS,100,BOLD:AAN6380,Animalia,Arthropoda,Arachnida,Araneae,Araneidae,Neoscona,NA,398,9/15/2017,HickoryBottoms,B,9/14/2017,70,Single
9152017HBB1,OTU205,GS,99.4,BOLD:ACX9537,Animalia,Arthropoda,Arachnida,Araneae,Araneidae,Araneus,Araneus pegnia,2445,9/15/2017,HickoryBottoms,B,9/14/2017,70,Single
9152017HBB1,OTU238,GS,100,BOLD:AAC2281,Animalia,Arthropoda,Insecta,Diptera,Culicidae,Anopheles,Anopheles quadrimaculatus,25,9/15/2017,HickoryBottoms,B,9/14/2017,70,Single
9152017HBB1,OTU252,GS,100,BOLD:AAC6739,Animalia,Arthropoda,Insecta,Lepidoptera,Coleophoridae,Coleophora,Coleophora borea,174,9/15/2017,HickoryBottoms,B,9/14/2017,70,Single
9152017HBB1,OTU317,GS,99.4,BOLD:ACA8818,Animalia,Arthropoda,Insecta,Hemiptera,Derbidae,Patara,Patara vanduzeei,10,9/15/2017,HickoryBottoms,B,9/14/2017,70,Single
9152017HBB1,OTU374,US,0,BOLD:ACT8457,Animalia,Arthropoda,Insecta,Hymenoptera,NA,NA,NA,1065,9/15/2017,HickoryBottoms,B,9/14/2017,70,Single
9152017HBB1,OTU381,GS,100,BOLD:AAA8255,Animalia,Arthropoda,Insecta,Lepidoptera,Pyralidae,Ephestiodes,Ephestiodes infimella,397,9/15/2017,HickoryBottoms,B,9/14/2017,70,Single
9152017HBB1,OTU441,SS,0.29,BOLD:ABA8054,Animalia,Arthropoda,Insecta,Hymenoptera,NA,NA,NA,391,9/15/2017,HickoryBottoms,B,9/14/2017,70,Single
9152017HBB1,OTU480,GS,100,BOLD:AAP2997,Animalia,Arthropoda,Insecta,Diptera,Chironomidae,NA,NA,31,9/15/2017,HickoryBottoms,B,9/14/2017,70,Single
9152017HBB1,OTU519,GS,98.9,BOLD:AAV5546,Animalia,Arthropoda,Insecta,Diptera,Cecidomyiidae,NA,NA,565,9/15/2017,HickoryBottoms,B,9/14/2017,70,Single
9152017HBB1,OTU529,GS,100,BOLD:AAG3825,Animalia,Arthropoda,Arachnida,Araneae,Anyphaenidae,Wulfila,NA,77,9/15/2017,HickoryBottoms,B,9/14/2017,70,Single
9152017HBB1,OTU911,SS,0.56,BOLD:ABA8054,Animalia,Arthropoda,Insecta,Hymenoptera,NA,NA,NA,268,9/15/2017,HickoryBottoms,B,9/14/2017,70,Single
9152017HBB1,OTU976,GS,97.2,BOLD:AAA5872,Animalia,Arthropoda,Insecta,Lepidoptera,Gelechiidae,Chionodes,Chionodes mediofuscella,2,9/15/2017,HickoryBottoms,B,9/14/2017,70,Single
9152017HBB1,OTU1062,GS,100,BOLD:AAA2330,Animalia,Arthropoda,Insecta,Lepidoptera,Erebidae,Hypena,Hypena baltimoralis,97,9/15/2017,HickoryBottoms,B,9/14/2017,70,Single
9152017HBB1,OTU1107,US,0,BOLD:ACT8457,Animalia,Arthropoda,Insecta,Hymenoptera,NA,NA,NA,74,9/15/2017,HickoryBottoms,B,9/14/2017,70,Single
9152017HBB1,OTU1210,GS,97.2,BOLD:AAF4632,Animalia,Arthropoda,Insecta,Diptera,Limoniidae,Epiphragma,Epiphragma solatrix,23,9/15/2017,HickoryBottoms,B,9/14/2017,70,Single
9152017HBB1,OTU1265,SS,0.83,BOLD:AAF4632,Animalia,Arthropoda,Insecta,Diptera,Limoniidae,Epiphragma,Epiphragma solatrix,26,9/15/2017,HickoryBottoms,B,9/14/2017,70,Single
9152017HBB1,OTU1351,SS,0.94,BOLD:AAB7030,Animalia,Arthropoda,Insecta,Diptera,Chironomidae,Chironomus,Chironomus decorus,16,9/15/2017,HickoryBottoms,B,9/14/2017,70,Single
9152017HBB1,OTU1421,US,0,BOLD:ACP2430,Animalia,Arthropoda,Insecta,Diptera,NA,NA,NA,2,9/15/2017,HickoryBottoms,B,9/14/2017,70,Single
9152017HBB1,OTU1554,SS,0.92,BOLD:AAP2734,Animalia,Arthropoda,Insecta,Diptera,Limoniidae,Erioptera,Erioptera parva,8,9/15/2017,HickoryBottoms,B,9/14/2017,70,Single
9152017HBB1,OTU1683,SS,0.84,BOLD:AAF4632,Animalia,Arthropoda,Insecta,Diptera,Limoniidae,Epiphragma,Epiphragma solatrix,5,9/15/2017,HickoryBottoms,B,9/14/2017,70,Single
9152017HBB10,OTU2,GS,100,BOLD:AAH3225,Animalia,Arthropoda,Insecta,Psocodea,Psocidae,Metylophorus,Metylophorus novaescotiae,1082,9/15/2017,HickoryBottoms,B,9/14/2017,70,Single
9152017HBB10,OTU14,GS,99.4,BOLD:AAO3940,Animalia,Arthropoda,Insecta,Diptera,Limoniidae,Rhipidia,NA,5808,9/15/2017,HickoryBottoms,B,9/14/2017,70,Single
9152017HBB10,OTU17,GS,100,BOLD:AAB3702,Animalia,Arthropoda,Insecta,Trichoptera,Hydropsychidae,Potamyia,Potamyia flava,2538,9/15/2017,HickoryBottoms,B,9/14/2017,70,Single
9152017HBB10,OTU23,GS,100,BOLD:AAF9008,Animalia,Arthropoda,Insecta,Diptera,Limoniidae,Helius,Helius flavipes,2962,9/15/2017,HickoryBottoms,B,9/14/2017,70,Single
9152017HBB10,OTU28,GS,100,BOLD:AAM6784,Animalia,Arthropoda,Insecta,Diptera,Dolichopodidae,NA,NA,5292,9/15/2017,HickoryBottoms,B,9/14/2017,70,Single
9152017HBB10,OTU32,GS,99.4,BOLD:AAD0637,Animalia,Arthropoda,Insecta,Trichoptera,Phryganeidae,Ptilostomis,Ptilostomis postica,4736,9/15/2017,HickoryBottoms,B,9/14/2017,70,Single
9152017HBB10,OTU65,GS,100,BOLD:AAA1517,Animalia,Arthropoda,Insecta,Lepidoptera,Tortricidae,Choristoneura,Choristoneura rosaceana,7541,9/15/2017,HickoryBottoms,B,9/14/2017,70,Single
9152017HBB10,OTU70,GS,100,BOLD:ABY9168,Animalia,Arthropoda,Insecta,Lepidoptera,Tortricidae,Clepsis,Clepsis peritana,812,9/15/2017,HickoryBottoms,B,9/14/2017,70,Single
9152017HBB10,OTU253,GS,100,BOLD:AAN6384,Animalia,Arthropoda,Arachnida,Araneae,Pisauridae,Dolomedes,Dolomedes scriptus,186,9/15/2017,HickoryBottoms,B,9/14/2017,70,Single
9152017HBB10,OTU355,GS,99.4,BOLD:AAB3917,Animalia,Arthropoda,Insecta,Lepidoptera,Depressariidae,Psilocorsis,Psilocorsis quercicella,1119,9/15/2017,HickoryBottoms,B,9/14/2017,70,Single
9152017HBB10,OTU576,GS,100,BOLD:AAA5192,Animalia,Arthropoda,Insecta,Lepidoptera,Tortricidae,Platynota,Platynota idaeusalis,56,9/15/2017,HickoryBottoms,B,9/14/2017,70,Single
9152017HBB10,OTU907,SS,0.01,BOLD:AAO3940,Animalia,Arthropoda,Insecta,Diptera,Limoniidae,Rhipidia,NA,4,9/15/2017,HickoryBottoms,B,9/14/2017,70,Single
9152017HBB10,OTU923,GS,100,BOLD:AAN5931,Animalia,Arthropoda,Insecta,Coleoptera,Scirtidae,Cyphon,NA,94,9/15/2017,HickoryBottoms,B,9/14/2017,70,Single
9152017HBB10,OTU935,SS,0.01,BOLD:AAO3940,Animalia,Arthropoda,Insecta,Diptera,Limoniidae,Rhipidia,NA,12,9/15/2017,HickoryBottoms,B,9/14/2017,70,Single
9152017HBB10,OTU1482,SS,0.87,BOLD:AAF9008,Animalia,Arthropoda,Insecta,Diptera,Limoniidae,Helius,Helius flavipes,17,9/15/2017,HickoryBottoms,B,9/14/2017,70,Single
9152017HBB2,OTU1,US,0.0026,BOLD:AAD6798,Animalia,Arthropoda,Insecta,Diptera,NA,NA,NA,7794,9/15/2017,HickoryBottoms,B,9/14/2017,70,Single
9152017HBB2,OTU2,GS,100,BOLD:AAH3225,Animalia,Arthropoda,Insecta,Psocodea,Psocidae,Metylophorus,Metylophorus novaescotiae,2354,9/15/2017,HickoryBottoms,B,9/14/2017,70,Single
9152017HBB2,OTU4,GS,100,BOLD:AAN5882,Animalia,Arthropoda,Insecta,Diptera,Limoniidae,Erioptera,Erioptera caliptera,3192,9/15/2017,HickoryBottoms,B,9/14/2017,70,Single
9152017HBB2,OTU6,GS,99.4,BOLD:ACZ2169,Animalia,Arthropoda,Insecta,Hemiptera,Cicadellidae,Gyponana,NA,3760,9/15/2017,HickoryBottoms,B,9/14/2017,70,Single
9152017HBB2,OTU7,GS,100,BOLD:AAF4632,Animalia,Arthropoda,Insecta,Diptera,Limoniidae,Epiphragma,Epiphragma solatrix,3138,9/15/2017,HickoryBottoms,B,9/14/2017,70,Single
9152017HBB2,OTU14,GS,99.4,BOLD:AAO3940,Animalia,Arthropoda,Insecta,Diptera,Limoniidae,Rhipidia,NA,289,9/15/2017,HickoryBottoms,B,9/14/2017,70,Single
9152017HBB2,OTU22,GS,100,BOLD:ABA8054,Animalia,Arthropoda,Insecta,Hymenoptera,Braconidae,NA,NA,947,9/15/2017,HickoryBottoms,B,9/14/2017,70,Single
9152017HBB2,OTU28,GS,100,BOLD:AAM6784,Animalia,Arthropoda,Insecta,Diptera,Dolichopodidae,NA,NA,1883,9/15/2017,HickoryBottoms,B,9/14/2017,70,Single
9152017HBB2,OTU65,GS,100,BOLD:AAA1517,Animalia,Arthropoda,Insecta,Lepidoptera,Tortricidae,Choristoneura,Choristoneura rosaceana,82,9/15/2017,HickoryBottoms,B,9/14/2017,70,Single
9152017HBB2,OTU71,GSL,100,BOLD:AAA7661,Animalia,Arthropoda,Insecta,Diptera,Culicidae,NA,NA,565,9/15/2017,HickoryBottoms,B,9/14/2017,70,Single
9152017HBB2,OTU76,US,1,BOLD:ACY1454,Animalia,Arthropoda,Insecta,Hemiptera,NA,NA,NA,82,9/15/2017,HickoryBottoms,B,9/14/2017,70,Single
9152017HBB2,OTU78,US,1,BOLD:AAY8864,Animalia,Arthropoda,Insecta,Diptera,NA,NA,NA,21,9/15/2017,HickoryBottoms,B,9/14/2017,70,Single
9152017HBB2,OTU136,GS,100,BOLD:AAJ2208,Animalia,Arthropoda,Insecta,Diptera,Limoniidae,Limonia,Limonia immatura,6342,9/15/2017,HickoryBottoms,B,9/14/2017,70,Single
9152017HBB2,OTU373,GS,98.9,BOLD:AAG8953,Animalia,Arthropoda,Insecta,Hemiptera,Cicadellidae,Gyponana,Gyponana amara,77,9/15/2017,HickoryBottoms,B,9/14/2017,70,Single
9152017HBB2,OTU375,GS,100,BOLD:AAG2878,Animalia,Arthropoda,Insecta,Hemiptera,Cicadellidae,Gyponana,Gyponana extenda,375,9/15/2017,HickoryBottoms,B,9/14/2017,70,Single
9152017HBB2,OTU404,GS,100,BOLD:ABA5881,Animalia,Arthropoda,Insecta,Hemiptera,Miridae,Phytocoris,Phytocoris eximius,289,9/15/2017,HickoryBottoms,B,9/14/2017,70,Single
9152017HBB2,OTU412,GS,99.4,BOLD:AAH3679,Animalia,Arthropoda,Insecta,Diptera,Cecidomyiidae,NA,NA,883,9/15/2017,HickoryBottoms,B,9/14/2017,70,Single
9152017HBB2,OTU446,GS,100,BOLD:AAD1537,Animalia,Arthropoda,Insecta,Lepidoptera,Tortricidae,Gretchena,Gretchena bolliana,42,9/15/2017,HickoryBottoms,B,9/14/2017,70,Single
9152017HBB2,OTU484,US,0.2259,BOLD:ACT8191,Animalia,Arthropoda,Arachnida,Araneae,NA,NA,NA,422,9/15/2017,HickoryBottoms,B,9/14/2017,70,Single
9152017HBB2,OTU489,GS,100,BOLD:ABX9225,Animalia,Arthropoda,Insecta,Diptera,Limoniidae,Rhipidia,NA,50,9/15/2017,HickoryBottoms,B,9/14/2017,70,Single
9152017HBB2,OTU535,GS,99.4,BOLD:ACM4095,Animalia,Arthropoda,Insecta,Diptera,Cecidomyiidae,NA,NA,285,9/15/2017,HickoryBottoms,B,9/14/2017,70,Single
9152017HBB2,OTU541,US,0.9919,BOLD:AAJ2923,Animalia,Arthropoda,Insecta,Hemiptera,NA,NA,NA,22,9/15/2017,HickoryBottoms,B,9/14/2017,70,Single
9152017HBB2,OTU548,GS,99.4,BOLD:AAC0126,Animalia,Arthropoda,Insecta,Lepidoptera,Tortricidae,Coelostathma,Coelostathma discopunctana,343,9/15/2017,HickoryBottoms,B,9/14/2017,70,Single
9152017HBB2,OTU704,GS,99.4,BOLD:AAY6846,Animalia,Arthropoda,Insecta,Hymenoptera,Braconidae,Macrocentrus,NA,282,9/15/2017,HickoryBottoms,B,9/14/2017,70,Single
9152017HBB2,OTU725,US,0,BOLD:ACD3173,Animalia,Arthropoda,Insecta,Diptera,NA,NA,NA,206,9/15/2017,HickoryBottoms,B,9/14/2017,70,Single
9152017HBB2,OTU753,US,0,BOLD:ACA1260,Animalia,Arthropoda,Arachnida,Araneae,NA,NA,NA,119,9/15/2017,HickoryBottoms,B,9/14/2017,70,Single
9152017HBB2,OTU828,US,1,None,Animalia,Arthropoda,Insecta,Orthoptera,NA,NA,NA,59,9/15/2017,HickoryBottoms,B,9/14/2017,70,Single
9152017HBB2,OTU835,GS,99.4,BOLD:ACE4186,Animalia,Arthropoda,Insecta,Hemiptera,Aphididae,Ceruraphis,Ceruraphis viburnicola,1,9/15/2017,HickoryBottoms,B,9/14/2017,70,Single
9152017HBB2,OTU1032,GS,97.8,BOLD:ACA9217,Animalia,Arthropoda,Insecta,Hymenoptera,Formicidae,Lasius,NA,1,9/15/2017,HickoryBottoms,B,9/14/2017,70,Single
9152017HBB2,OTU1042,US,1,BOLD:ACU0827,Animalia,Arthropoda,Insecta,Diptera,NA,NA,NA,10,9/15/2017,HickoryBottoms,B,9/14/2017,70,Single
9152017HBB2,OTU1088,GS,98.3,BOLD:AAG2878,Animalia,Arthropoda,Insecta,Hemiptera,Cicadellidae,Gyponana,Gyponana extenda,83,9/15/2017,HickoryBottoms,B,9/14/2017,70,Single
9152017HBB2,OTU1176,US,0.9249,BOLD:AAF4632,Animalia,Arthropoda,Insecta,Diptera,NA,NA,NA,2,9/15/2017,HickoryBottoms,B,9/14/2017,70,Single
9152017HBB2,OTU1210,GS,97.2,BOLD:AAF4632,Animalia,Arthropoda,Insecta,Diptera,Limoniidae,Epiphragma,Epiphragma solatrix,58,9/15/2017,HickoryBottoms,B,9/14/2017,70,Single
9152017HBB2,OTU1265,SS,0.83,BOLD:AAF4632,Animalia,Arthropoda,Insecta,Diptera,Limoniidae,Epiphragma,Epiphragma solatrix,32,9/15/2017,HickoryBottoms,B,9/14/2017,70,Single
9152017HBB2,OTU1306,GS,97.2,BOLD:ABX5600,Animalia,Arthropoda,Insecta,Hemiptera,Cicadellidae,Gyponana,Gyponana cana,1,9/15/2017,HickoryBottoms,B,9/14/2017,70,Single
9152017HBB2,OTU1464,SS,0.42,BOLD:ABA5086,Animalia,Arthropoda,Insecta,Hemiptera,Cicadellidae,Gyponana,NA,77,9/15/2017,HickoryBottoms,B,9/14/2017,70,Single
9152017HBB2,OTU1683,SS,0.84,BOLD:AAF4632,Animalia,Arthropoda,Insecta,Diptera,Limoniidae,Epiphragma,Epiphragma solatrix,18,9/15/2017,HickoryBottoms,B,9/14/2017,70,Single
9152017HBB2,OTU1834,SS,0.74,BOLD:AAF4632,Animalia,Arthropoda,Insecta,Diptera,NA,NA,NA,47,9/15/2017,HickoryBottoms,B,9/14/2017,70,Single
9152017HBB3,OTU2,GS,100,BOLD:AAH3225,Animalia,Arthropoda,Insecta,Psocodea,Psocidae,Metylophorus,Metylophorus novaescotiae,12132,9/15/2017,HickoryBottoms,B,9/14/2017,70,Single
9152017HBB3,OTU11,GS,99.4,BOLD:AAG3848,Animalia,Arthropoda,Insecta,Diptera,Culicidae,Culex,Culex erraticus,352,9/15/2017,HickoryBottoms,B,9/14/2017,70,Single
9152017HBB3,OTU22,GS,100,BOLD:ABA8054,Animalia,Arthropoda,Insecta,Hymenoptera,Braconidae,NA,NA,535,9/15/2017,HickoryBottoms,B,9/14/2017,70,Single
9152017HBB3,OTU28,GS,100,BOLD:AAM6784,Animalia,Arthropoda,Insecta,Diptera,Dolichopodidae,NA,NA,985,9/15/2017,HickoryBottoms,B,9/14/2017,70,Single
9152017HBB3,OTU38,GS,99.4,BOLD:AAB4070,Animalia,Arthropoda,Insecta,Lepidoptera,Tortricidae,Gymnandrosoma,Gymnandrosoma punctidiscanum,18392,9/15/2017,HickoryBottoms,B,9/14/2017,70,Single
9152017HBB3,OTU52,GS,100,BOLD:AAG4399,Animalia,Arthropoda,Insecta,Hemiptera,Flatidae,Metcalfa,Metcalfa pruinosa,125,9/15/2017,HickoryBottoms,B,9/14/2017,70,Single
9152017HBB3,OTU67,GS,100,BOLD:AAO3948,Animalia,Arthropoda,Insecta,Diptera,Tipulidae,Nephrotoma,Nephrotoma macrocera,125,9/15/2017,HickoryBottoms,B,9/14/2017,70,Single
9152017HBB3,OTU73,GS,100,BOLD:AAD6926,Animalia,Arthropoda,Arachnida,Araneae,Anyphaenidae,Anyphaena,Anyphaena pectorosa,715,9/15/2017,HickoryBottoms,B,9/14/2017,70,Single
9152017HBB3,OTU84,GS,97.8,BOLD:ABU5821,Animalia,Arthropoda,Insecta,Diptera,Tipulidae,Tipula,Tipula sayi,482,9/15/2017,HickoryBottoms,B,9/14/2017,70,Single
9152017HBB3,OTU150,GS,100,BOLD:AAA7272,Animalia,Arthropoda,Arachnida,Araneae,Dictynidae,Emblyna,Emblyna sublata,88,9/15/2017,HickoryBottoms,B,9/14/2017,70,Single
9152017HBB3,OTU158,GS,100,BOLD:AAH3230,Animalia,Arthropoda,Insecta,Psocodea,Psocidae,NA,NA,107,9/15/2017,HickoryBottoms,B,9/14/2017,70,Single
9152017HBB3,OTU162,GS,100,BOLD:ACI5326,Animalia,Arthropoda,Insecta,Hemiptera,Miridae,Hyaliodes,Hyaliodes vitripennis,3959,9/15/2017,HickoryBottoms,B,9/14/2017,70,Single
9152017HBB3,OTU168,GS,100,BOLD:AAC3609,Animalia,Arthropoda,Insecta,Lepidoptera,Euteliidae,Paectes,Paectes abrostoloides,78,9/15/2017,HickoryBottoms,B,9/14/2017,70,Single
9152017HBB3,OTU180,GS,100,BOLD:AAM8933,Animalia,Arthropoda,Insecta,Psocodea,Amphipsocidae,Polypsocus,Polypsocus corruptus,402,9/15/2017,HickoryBottoms,B,9/14/2017,70,Single
9152017HBB3,OTU284,GS,100,BOLD:AAC6665,Animalia,Arthropoda,Insecta,Lepidoptera,Tortricidae,Aethes,Aethes angulatana,145,9/15/2017,HickoryBottoms,B,9/14/2017,70,Single
9152017HBB3,OTU381,GS,100,BOLD:AAA8255,Animalia,Arthropoda,Insecta,Lepidoptera,Pyralidae,Ephestiodes,Ephestiodes infimella,820,9/15/2017,HickoryBottoms,B,9/14/2017,70,Single
9152017HBB3,OTU401,GS,100,BOLD:AAH3229,Animalia,Arthropoda,Insecta,Psocodea,Dasydemellidae,Teliapsocus,NA,105,9/15/2017,HickoryBottoms,B,9/14/2017,70,Single
9152017HBB3,OTU494,GS,99.4,BOLD:AAH3231,Animalia,Arthropoda,Insecta,Psocodea,Psocidae,NA,NA,50,9/15/2017,HickoryBottoms,B,9/14/2017,70,Single
9152017HBB3,OTU540,GS,98.9,BOLD:AAN5657,Animalia,Arthropoda,Insecta,Diptera,Chloropidae,Chaetochlorops,Chaetochlorops inquilinus,445,9/15/2017,HickoryBottoms,B,9/14/2017,70,Single
9152017HBB3,OTU583,GS,100,BOLD:AAA4884,Animalia,Arthropoda,Insecta,Lepidoptera,Geometridae,Macaria,Macaria aemulataria,109,9/15/2017,HickoryBottoms,B,9/14/2017,70,Single
9152017HBB3,OTU604,GS,100,BOLD:AAA8109,Animalia,Arthropoda,Insecta,Lepidoptera,Gelechiidae,Dichomeris,Dichomeris ligulella,448,9/15/2017,HickoryBottoms,B,9/14/2017,70,Single
9152017HBB3,OTU737,GS,100,BOLD:AAG3822,Animalia,Arthropoda,Arachnida,Araneae,Anyphaenidae,Anyphaena,NA,1,9/15/2017,HickoryBottoms,B,9/14/2017,70,Single
9152017HBB3,OTU890,GS,100,BOLD:ACE3004,Animalia,Arthropoda,Insecta,Lepidoptera,Erebidae,Hyperstrotia,Hyperstrotia nana,106,9/15/2017,HickoryBottoms,B,9/14/2017,70,Single
9152017HBB3,OTU1140,GS,98.9,BOLD:AAA1840,Animalia,Arthropoda,Insecta,Hymenoptera,Formicidae,Myrmica,Myrmica AF-smi,56,9/15/2017,HickoryBottoms,B,9/14/2017,70,Single
9152017HBB3,OTU1172,SS,0.83,BOLD:AAD6926,Animalia,Arthropoda,Arachnida,Araneae,Anyphaenidae,Anyphaena,Anyphaena pectorosa,3,9/15/2017,HickoryBottoms,B,9/14/2017,70,Single
9152017HBB3,OTU1291,GS,98.9,BOLD:AAB8467,Animalia,Arthropoda,Insecta,Lepidoptera,Erebidae,Phalaenostola,Phalaenostola eumelusalis,3,9/15/2017,HickoryBottoms,B,9/14/2017,70,Single
9152017HBB3,OTU1361,GS,100,BOLD:AAC0584,Animalia,Arthropoda,Insecta,Diptera,Culicidae,Anopheles,Anopheles punctipennis,39,9/15/2017,HickoryBottoms,B,9/14/2017,70,Single
9152017HBB3,OTU1402,SS,0.35,BOLD:AAG9690,Animalia,Arthropoda,Insecta,Diptera,Dolichopodidae,NA,NA,40,9/15/2017,HickoryBottoms,B,9/14/2017,70,Single
9152017HBB3,OTU1470,GS,99.4,BOLD:ABW2899,Animalia,Arthropoda,Arachnida,Araneae,Araneidae,Micrathena,NA,2,9/15/2017,HickoryBottoms,B,9/14/2017,70,Single
9152017HBB3,OTU1513,GS,97.8,BOLD:ACL2801,Animalia,Arthropoda,Insecta,Diptera,Tipulidae,Nephrotoma,Nephrotoma macrocera,1,9/15/2017,HickoryBottoms,B,9/14/2017,70,Single
9152017HBB3,OTU1534,GS,100,BOLD:AAH9588,Animalia,Arthropoda,Insecta,Hemiptera,Aphididae,Shivaphis,Shivaphis celti,8,9/15/2017,HickoryBottoms,B,9/14/2017,70,Single
9152017HBB4,OTU2,GS,100,BOLD:AAH3225,Animalia,Arthropoda,Insecta,Psocodea,Psocidae,Metylophorus,Metylophorus novaescotiae,338,9/15/2017,HickoryBottoms,B,9/14/2017,70,Single
9152017HBB4,OTU4,GS,100,BOLD:AAN5882,Animalia,Arthropoda,Insecta,Diptera,Limoniidae,Erioptera,Erioptera caliptera,470,9/15/2017,HickoryBottoms,B,9/14/2017,70,Single
9152017HBB4,OTU7,GS,100,BOLD:AAF4632,Animalia,Arthropoda,Insecta,Diptera,Limoniidae,Epiphragma,Epiphragma solatrix,9242,9/15/2017,HickoryBottoms,B,9/14/2017,70,Single
9152017HBB4,OTU22,GS,100,BOLD:ABA8054,Animalia,Arthropoda,Insecta,Hymenoptera,Braconidae,NA,NA,152,9/15/2017,HickoryBottoms,B,9/14/2017,70,Single
9152017HBB4,OTU28,GS,100,BOLD:AAM6784,Animalia,Arthropoda,Insecta,Diptera,Dolichopodidae,NA,NA,602,9/15/2017,HickoryBottoms,B,9/14/2017,70,Single
9152017HBB4,OTU52,GS,100,BOLD:AAG4399,Animalia,Arthropoda,Insecta,Hemiptera,Flatidae,Metcalfa,Metcalfa pruinosa,150,9/15/2017,HickoryBottoms,B,9/14/2017,70,Single
9152017HBB4,OTU62,GS,100,BOLD:ACX8671,Animalia,Arthropoda,Insecta,Coleoptera,Elateridae,Melanotus,Melanotus miscellus,16770,9/15/2017,HickoryBottoms,B,9/14/2017,70,Single
9152017HBB4,OTU73,GS,100,BOLD:AAD6926,Animalia,Arthropoda,Arachnida,Araneae,Anyphaenidae,Anyphaena,Anyphaena pectorosa,36,9/15/2017,HickoryBottoms,B,9/14/2017,70,Single
9152017HBB4,OTU109,SS,0.36,BOLD:ACX4190,Animalia,Arthropoda,Insecta,Hymenoptera,NA,NA,NA,9020,9/15/2017,HickoryBottoms,B,9/14/2017,70,Single
9152017HBB4,OTU118,US,1,None,Animalia,Arthropoda,Arachnida,Mesostigmata,NA,NA,NA,181,9/15/2017,HickoryBottoms,B,9/14/2017,70,Single
9152017HBB4,OTU123,GS,99.4,BOLD:AAM8787,Animalia,Arthropoda,Insecta,Lepidoptera,Gelechiidae,Dichomeris,Dichomeris laetitia,44,9/15/2017,HickoryBottoms,B,9/14/2017,70,Single
9152017HBB4,OTU260,US,1,None,Animalia,Arthropoda,Insecta,Diptera,NA,NA,NA,179,9/15/2017,HickoryBottoms,B,9/14/2017,70,Single
9152017HBB4,OTU270,GS,100,BOLD:AAB6541,Animalia,Arthropoda,Insecta,Lepidoptera,Gelechiidae,Coleotechnites,Coleotechnites florae,23,9/15/2017,HickoryBottoms,B,9/14/2017,70,Single
9152017HBB4,OTU319,US,0,None,Animalia,Arthropoda,Arachnida,Mesostigmata,NA,NA,NA,730,9/15/2017,HickoryBottoms,B,9/14/2017,70,Single
9152017HBB4,OTU404,GS,100,BOLD:ABA5881,Animalia,Arthropoda,Insecta,Hemiptera,Miridae,Phytocoris,Phytocoris eximius,117,9/15/2017,HickoryBottoms,B,9/14/2017,70,Single
9152017HBB4,OTU418,US,0,None,Animalia,Arthropoda,Insecta,Lepidoptera,NA,NA,NA,213,9/15/2017,HickoryBottoms,B,9/14/2017,70,Single
9152017HBB4,OTU505,US,1,BOLD:ACA7881,Animalia,Arthropoda,Insecta,Diptera,NA,NA,NA,380,9/15/2017,HickoryBottoms,B,9/14/2017,70,Single
9152017HBB4,OTU618,US,1,BOLD:ACW2077,Animalia,Arthropoda,Insecta,Diptera,NA,NA,NA,19,9/15/2017,HickoryBottoms,B,9/14/2017,70,Single
9152017HBB4,OTU736,GS,100,BOLD:AAD7279,Animalia,Arthropoda,Insecta,Lepidoptera,Geometridae,Mellilla,Mellilla xanthometata,61,9/15/2017,HickoryBottoms,B,9/14/2017,70,Single
9152017HBB4,OTU770,GS,100,BOLD:ACF1857,Animalia,Arthropoda,Insecta,Lepidoptera,Nymphalidae,Phyciodes,Phyciodes tharos,221,9/15/2017,HickoryBottoms,B,9/14/2017,70,Single
9152017HBB4,OTU911,SS,0.56,BOLD:ABA8054,Animalia,Arthropoda,Insecta,Hymenoptera,NA,NA,NA,10,9/15/2017,HickoryBottoms,B,9/14/2017,70,Single
9152017HBB4,OTU920,US,0,BOLD:ACB5330,Animalia,Arthropoda,Insecta,Diptera,NA,NA,NA,123,9/15/2017,HickoryBottoms,B,9/14/2017,70,Single
9152017HBB4,OTU929,GS,100,BOLD:AAA5051,Animalia,Arthropoda,Insecta,Lepidoptera,Crambidae,Desmia,Desmia funeralis,12,9/15/2017,HickoryBottoms,B,9/14/2017,70,Single
9152017HBB4,OTU1054,US,1,BOLD:AAZ2667,Animalia,Arthropoda,Insecta,Coleoptera,NA,NA,NA,82,9/15/2017,HickoryBottoms,B,9/14/2017,70,Single
9152017HBB4,OTU1077,US,0.2887,None,Animalia,Arthropoda,Insecta,Diptera,NA,NA,NA,51,9/15/2017,HickoryBottoms,B,9/14/2017,70,Single
9152017HBB4,OTU1170,US,0,BOLD:ACT8457,Animalia,Arthropoda,Insecta,Hymenoptera,NA,NA,NA,9,9/15/2017,HickoryBottoms,B,9/14/2017,70,Single
9152017HBB4,OTU1171,US,0.3056,BOLD:ABA0080,Animalia,Arthropoda,Insecta,Diptera,NA,NA,NA,30,9/15/2017,HickoryBottoms,B,9/14/2017,70,Single
9152017HBB4,OTU1176,US,0.9249,BOLD:AAF4632,Animalia,Arthropoda,Insecta,Diptera,NA,NA,NA,2,9/15/2017,HickoryBottoms,B,9/14/2017,70,Single
9152017HBB4,OTU1183,GS,100,BOLD:ACA9234,Animalia,Arthropoda,Insecta,Diptera,Sciaridae,NA,NA,89,9/15/2017,HickoryBottoms,B,9/14/2017,70,Single
9152017HBB4,OTU1210,GS,97.2,BOLD:AAF4632,Animalia,Arthropoda,Insecta,Diptera,Limoniidae,Epiphragma,Epiphragma solatrix,18,9/15/2017,HickoryBottoms,B,9/14/2017,70,Single
9152017HBB4,OTU1265,SS,0.83,BOLD:AAF4632,Animalia,Arthropoda,Insecta,Diptera,Limoniidae,Epiphragma,Epiphragma solatrix,3,9/15/2017,HickoryBottoms,B,9/14/2017,70,Single
9152017HBB4,OTU1338,GS,97.2,BOLD:ACA8714,Animalia,Arthropoda,Insecta,Neuroptera,Hemerobiidae,Sympherobius,Sympherobius amiculus,27,9/15/2017,HickoryBottoms,B,9/14/2017,70,Single
9152017HBB4,OTU1341,US,0,None,Animalia,Arthropoda,Arachnida,Trombidiformes,NA,NA,NA,6,9/15/2017,HickoryBottoms,B,9/14/2017,70,Single
9152017HBB4,OTU1402,SS,0.35,BOLD:AAG9690,Animalia,Arthropoda,Insecta,Diptera,Dolichopodidae,NA,NA,17,9/15/2017,HickoryBottoms,B,9/14/2017,70,Single
9152017HBB4,OTU1418,GS,99.4,BOLD:AAN8446,Animalia,Arthropoda,Insecta,Psocodea,Peripsocidae,Peripsocus,Peripsocus madidus,30,9/15/2017,HickoryBottoms,B,9/14/2017,70,Single
9152017HBB4,OTU1452,US,0,None,Animalia,Arthropoda,Insecta,Diptera,NA,NA,NA,70,9/15/2017,HickoryBottoms,B,9/14/2017,70,Single
9152017HBB4,OTU1572,GS,98.9,BOLD:AAM9697,Animalia,Arthropoda,Insecta,Diptera,Clusiidae,Sobarocephala,NA,30,9/15/2017,HickoryBottoms,B,9/14/2017,70,Single
9152017HBB4,OTU1683,SS,0.84,BOLD:AAF4632,Animalia,Arthropoda,Insecta,Diptera,Limoniidae,Epiphragma,Epiphragma solatrix,4,9/15/2017,HickoryBottoms,B,9/14/2017,70,Single
9152017HBB4,OTU1684,GS,97.8,BOLD:AAH7094,Animalia,Arthropoda,Insecta,Neuroptera,Chrysopidae,Ceraeochrysa,Ceraeochrysa lineaticornis,30,9/15/2017,HickoryBottoms,B,9/14/2017,70,Single
9152017HBB4,OTU1880,US,0.3056,None,Animalia,Arthropoda,Arachnida,Araneae,NA,NA,NA,18,9/15/2017,HickoryBottoms,B,9/14/2017,70,Single
9152017HBB5,OTU1,US,0.0026,BOLD:AAD6798,Animalia,Arthropoda,Insecta,Diptera,NA,NA,NA,582,9/15/2017,HickoryBottoms,B,9/14/2017,70,Single
9152017HBB5,OTU2,GS,100,BOLD:AAH3225,Animalia,Arthropoda,Insecta,Psocodea,Psocidae,Metylophorus,Metylophorus novaescotiae,253,9/15/2017,HickoryBottoms,B,9/14/2017,70,Single
9152017HBB5,OTU22,GS,100,BOLD:ABA8054,Animalia,Arthropoda,Insecta,Hymenoptera,Braconidae,NA,NA,10869,9/15/2017,HickoryBottoms,B,9/14/2017,70,Single
9152017HBB5,OTU78,US,1,BOLD:AAY8864,Animalia,Arthropoda,Insecta,Diptera,NA,NA,NA,78,9/15/2017,HickoryBottoms,B,9/14/2017,70,Single
9152017HBB5,OTU99,US,1,BOLD:ACF7919,Animalia,Arthropoda,Collembola,Poduromorpha,NA,NA,NA,95,9/15/2017,HickoryBottoms,B,9/14/2017,70,Single
9152017HBB5,OTU101,US,0.2887,None,Animalia,Arthropoda,Insecta,Hemiptera,NA,NA,NA,823,9/15/2017,HickoryBottoms,B,9/14/2017,70,Single
9152017HBB5,OTU118,US,1,None,Animalia,Arthropoda,Arachnida,Mesostigmata,NA,NA,NA,99,9/15/2017,HickoryBottoms,B,9/14/2017,70,Single
9152017HBB5,OTU130,GS,97.2,BOLD:ACI9955,Animalia,Arthropoda,Insecta,Hymenoptera,Perilampidae,Perilampus,NA,10295,9/15/2017,HickoryBottoms,B,9/14/2017,70,Single
9152017HBB5,OTU259,US,0.9963,BOLD:AAL6280,Animalia,Arthropoda,Arachnida,Araneae,NA,NA,NA,21,9/15/2017,HickoryBottoms,B,9/14/2017,70,Single
9152017HBB5,OTU279,US,0.9881,BOLD:AAL9881,Animalia,Arthropoda,Arachnida,Araneae,NA,NA,NA,9,9/15/2017,HickoryBottoms,B,9/14/2017,70,Single
9152017HBB5,OTU332,SS,0.01,BOLD:ACI9955,Animalia,Arthropoda,Insecta,Hymenoptera,Perilampidae,Perilampus,NA,1498,9/15/2017,HickoryBottoms,B,9/14/2017,70,Single
9152017HBB5,OTU365,GS,99.4,BOLD:AAU8554,Animalia,Arthropoda,Insecta,Hymenoptera,Ichneumonidae,NA,NA,33,9/15/2017,HickoryBottoms,B,9/14/2017,70,Single
9152017HBB5,OTU441,SS,0.29,BOLD:ABA8054,Animalia,Arthropoda,Insecta,Hymenoptera,NA,NA,NA,299,9/15/2017,HickoryBottoms,B,9/14/2017,70,Single
9152017HBB5,OTU541,US,0.9919,BOLD:AAJ2923,Animalia,Arthropoda,Insecta,Hemiptera,NA,NA,NA,17,9/15/2017,HickoryBottoms,B,9/14/2017,70,Single
9152017HBB5,OTU550,SS,0.63,BOLD:AAZ2096,Animalia,Arthropoda,Insecta,Hemiptera,NA,NA,NA,4,9/15/2017,HickoryBottoms,B,9/14/2017,70,Single
9152017HBB5,OTU604,GS,100,BOLD:AAA8109,Animalia,Arthropoda,Insecta,Lepidoptera,Gelechiidae,Dichomeris,Dichomeris ligulella,172,9/15/2017,HickoryBottoms,B,9/14/2017,70,Single
9152017HBB5,OTU675,GS,99.4,BOLD:AAL4913,Animalia,Arthropoda,Arachnida,Araneae,Araneidae,Eustala,Eustala rosae,316,9/15/2017,HickoryBottoms,B,9/14/2017,70,Single
9152017HBB5,OTU689,SS,0.68,BOLD:ACR6277,Animalia,Arthropoda,Insecta,Hemiptera,NA,NA,NA,7,9/15/2017,HickoryBottoms,B,9/14/2017,70,Single
9152017HBB5,OTU695,SS,0.59,BOLD:AAN3697,Animalia,Arthropoda,Insecta,Hymenoptera,NA,NA,NA,131,9/15/2017,HickoryBottoms,B,9/14/2017,70,Single
9152017HBB5,OTU911,SS,0.56,BOLD:ABA8054,Animalia,Arthropoda,Insecta,Hymenoptera,NA,NA,NA,80,9/15/2017,HickoryBottoms,B,9/14/2017,70,Single
9152017HBB5,OTU942,GS,100,BOLD:AAA4507,Animalia,Arthropoda,Insecta,Lepidoptera,Crambidae,Udea,Udea rubigalis,25,9/15/2017,HickoryBottoms,B,9/14/2017,70,Single
9152017HBB5,OTU1079,GS,100,BOLD:AAI9091,Animalia,Arthropoda,Insecta,Diptera,Drosophilidae,Drosophila,Drosophila tripunctata,18,9/15/2017,HickoryBottoms,B,9/14/2017,70,Single
9152017HBB5,OTU1212,SS,0.52,BOLD:ABX7282,Animalia,Arthropoda,Insecta,Hemiptera,NA,NA,NA,21,9/15/2017,HickoryBottoms,B,9/14/2017,70,Single
9152017HBB5,OTU1409,GS,98.3,BOLD:AAE7788,Animalia,Arthropoda,Insecta,Diptera,Culicidae,Culex,Culex salinarius,410,9/15/2017,HickoryBottoms,B,9/14/2017,70,Single
9152017HBB5,OTU1421,US,0,BOLD:ACP2430,Animalia,Arthropoda,Insecta,Diptera,NA,NA,NA,28,9/15/2017,HickoryBottoms,B,9/14/2017,70,Single
9152017HBB5,OTU1620,US,0.3913,BOLD:AAC8321,Animalia,Arthropoda,Insecta,Hemiptera,NA,NA,NA,16,9/15/2017,HickoryBottoms,B,9/14/2017,70,Single
9152017HBB5,OTU1663,GS,100,BOLD:AAF9052,Animalia,Arthropoda,Insecta,Diptera,Tipulidae,Tipula,Tipula coloradensis,19,9/15/2017,HickoryBottoms,B,9/14/2017,70,Single
9152017HBB5,OTU1706,SS,0.01,BOLD:AAB4794,Animalia,Arthropoda,Insecta,Hymenoptera,Perilampidae,Perilampus,NA,18,9/15/2017,HickoryBottoms,B,9/14/2017,70,Single
9152017HBB5,OTU1713,US,0.986,BOLD:ACT8695,Animalia,Arthropoda,Collembola,Entomobryomorpha,NA,NA,NA,15,9/15/2017,HickoryBottoms,B,9/14/2017,70,Single
9152017HBB5,OTU1863,SS,0.07,BOLD:ACD1241,Animalia,Arthropoda,Insecta,Diptera,Cecidomyiidae,NA,NA,7,9/15/2017,HickoryBottoms,B,9/14/2017,70,Single
9152017HBB6,OTU1,US,0.0026,BOLD:AAD6798,Animalia,Arthropoda,Insecta,Diptera,NA,NA,NA,2267,9/15/2017,HickoryBottoms,B,9/14/2017,70,Single
9152017HBB6,OTU3,GS,100,BOLD:AAP2734,Animalia,Arthropoda,Insecta,Diptera,Limoniidae,Erioptera,Erioptera parva,543,9/15/2017,HickoryBottoms,B,9/14/2017,70,Single
9152017HBB6,OTU5,GS,99.4,BOLD:AAN5451,Animalia,Arthropoda,Arachnida,Araneae,Araneidae,Eustala,NA,5271,9/15/2017,HickoryBottoms,B,9/14/2017,70,Single
9152017HBB6,OTU25,GS,100,BOLD:ACF0083,Animalia,Arthropoda,Insecta,Diptera,Tabanidae,Tabanus,Tabanus similis,1135,9/15/2017,HickoryBottoms,B,9/14/2017,70,Single
9152017HBB6,OTU53,GS,98,BOLD:ABA6114,Animalia,Arthropoda,Insecta,Hymenoptera,Diapriidae,NA,NA,30869,9/15/2017,HickoryBottoms,B,9/14/2017,70,Single
9152017HBB6,OTU71,GSL,100,BOLD:AAA7661,Animalia,Arthropoda,Insecta,Diptera,Culicidae,NA,NA,40,9/15/2017,HickoryBottoms,B,9/14/2017,70,Single
9152017HBB6,OTU89,GS,98.3,BOLD:ABW2415,Animalia,Arthropoda,Insecta,Diptera,Tipulidae,Nephrotoma,Nephrotoma okefenoke,378,9/15/2017,HickoryBottoms,B,9/14/2017,70,Single
9152017HBB6,OTU239,GS,100,BOLD:ABW2526,Animalia,Arthropoda,Insecta,Diptera,Tabanidae,Tabanus,NA,17,9/15/2017,HickoryBottoms,B,9/14/2017,70,Single
9152017HBB6,OTU331,GS,100,BOLD:AAB7933,Animalia,Arthropoda,Arachnida,Araneae,Araneidae,Eustala,Eustala anastera,66,9/15/2017,HickoryBottoms,B,9/14/2017,70,Single
9152017HBB6,OTU489,GS,100,BOLD:ABX9225,Animalia,Arthropoda,Insecta,Diptera,Limoniidae,Rhipidia,NA,76,9/15/2017,HickoryBottoms,B,9/14/2017,70,Single
9152017HBB6,OTU640,SS,0.26,BOLD:ABX3122,Animalia,Arthropoda,Insecta,Hemiptera,NA,NA,NA,197,9/15/2017,HickoryBottoms,B,9/14/2017,70,Single
9152017HBB6,OTU707,GS,100,BOLD:ACA3244,Animalia,Arthropoda,Insecta,Diptera,Chironomidae,Polypedilum,Polypedilum convictum,6,9/15/2017,HickoryBottoms,B,9/14/2017,70,Single
9152017HBB6,OTU728,GS,100,BOLD:ABA6114,Animalia,Arthropoda,Insecta,Hymenoptera,Diapriidae,NA,NA,59,9/15/2017,HickoryBottoms,B,9/14/2017,70,Single
9152017HBB6,OTU828,US,1,None,Animalia,Arthropoda,Insecta,Orthoptera,NA,NA,NA,7,9/15/2017,HickoryBottoms,B,9/14/2017,70,Single
9152017HBB6,OTU848,GS,100,BOLD:AAD5417,Animalia,Arthropoda,Arachnida,Araneae,Clubionidae,Clubiona,Clubiona obesa,1,9/15/2017,HickoryBottoms,B,9/14/2017,70,Single
9152017HBB6,OTU1097,GS,97.2,BOLD:AAN5451,Animalia,Arthropoda,Arachnida,Araneae,Araneidae,Eustala,NA,20,9/15/2017,HickoryBottoms,B,9/14/2017,70,Single
9152017HBB6,OTU1317,SS,0.01,BOLD:AAN5451,Animalia,Arthropoda,Arachnida,Araneae,Araneidae,Eustala,NA,3,9/15/2017,HickoryBottoms,B,9/14/2017,70,Single
9152017HBB6,OTU1554,SS,0.92,BOLD:AAP2734,Animalia,Arthropoda,Insecta,Diptera,Limoniidae,Erioptera,Erioptera parva,8,9/15/2017,HickoryBottoms,B,9/14/2017,70,Single
9152017HBB6,OTU1630,GS,99.4,BOLD:AAG1957,Animalia,Arthropoda,Arachnida,Araneae,Salticidae,Colonus,Colonus sylvanus,10,9/15/2017,HickoryBottoms,B,9/14/2017,70,Single
9152017HBB7,OTU2,GS,100,BOLD:AAH3225,Animalia,Arthropoda,Insecta,Psocodea,Psocidae,Metylophorus,Metylophorus novaescotiae,13426,9/15/2017,HickoryBottoms,B,9/14/2017,70,Single
9152017HBB7,OTU4,GS,100,BOLD:AAN5882,Animalia,Arthropoda,Insecta,Diptera,Limoniidae,Erioptera,Erioptera caliptera,636,9/15/2017,HickoryBottoms,B,9/14/2017,70,Single
9152017HBB7,OTU38,GS,99.4,BOLD:AAB4070,Animalia,Arthropoda,Insecta,Lepidoptera,Tortricidae,Gymnandrosoma,Gymnandrosoma punctidiscanum,1309,9/15/2017,HickoryBottoms,B,9/14/2017,70,Single
9152017HBB7,OTU52,GS,100,BOLD:AAG4399,Animalia,Arthropoda,Insecta,Hemiptera,Flatidae,Metcalfa,Metcalfa pruinosa,2010,9/15/2017,HickoryBottoms,B,9/14/2017,70,Single
9152017HBB7,OTU57,GS,100,BOLD:AAI1618,Animalia,Arthropoda,Insecta,Diptera,Culicidae,Coquillettidia,Coquillettidia perturbans,1591,9/15/2017,HickoryBottoms,B,9/14/2017,70,Single
9152017HBB7,OTU88,GS,100,BOLD:AAE0434,Animalia,Arthropoda,Insecta,Diptera,Culicidae,Uranotaenia,Uranotaenia sapphirina,779,9/15/2017,HickoryBottoms,B,9/14/2017,70,Single
9152017HBB7,OTU110,GS,99.4,BOLD:AAJ0542,Animalia,Arthropoda,Arachnida,Araneae,Theridiidae,Euryopis,Euryopis funebris,5786,9/15/2017,HickoryBottoms,B,9/14/2017,70,Single
9152017HBB7,OTU116,GS,100,BOLD:AAG0758,Animalia,Arthropoda,Insecta,Coleoptera,Pyrochroidae,Dendroides,Dendroides canadensis,3472,9/15/2017,HickoryBottoms,B,9/14/2017,70,Single
9152017HBB7,OTU180,GS,100,BOLD:AAM8933,Animalia,Arthropoda,Insecta,Psocodea,Amphipsocidae,Polypsocus,Polypsocus corruptus,1499,9/15/2017,HickoryBottoms,B,9/14/2017,70,Single
9152017HBB7,OTU201,GS,100,BOLD:AAG0906,Animalia,Arthropoda,Insecta,Neuroptera,Hemerobiidae,Micromus,Micromus posticus,33,9/15/2017,HickoryBottoms,B,9/14/2017,70,Single
9152017HBB7,OTU234,GS,98.9,BOLD:AAH7094,Animalia,Arthropoda,Insecta,Neuroptera,Chrysopidae,Ceraeochrysa,Ceraeochrysa lineaticornis,2596,9/15/2017,HickoryBottoms,B,9/14/2017,70,Single
9152017HBB7,OTU382,US,0.9803,BOLD:ACU8254,Animalia,Arthropoda,Insecta,Diptera,NA,NA,NA,1000,9/15/2017,HickoryBottoms,B,9/14/2017,70,Single
9152017HBB7,OTU742,GS,99.4,BOLD:ABA9828,Animalia,Arthropoda,Insecta,Hemiptera,Derbidae,Otiocerus,Otiocerus wolfei,1265,9/15/2017,HickoryBottoms,B,9/14/2017,70,Single
9152017HBB7,OTU908,US,0.9925,BOLD:AAN8362,Animalia,Arthropoda,Insecta,Hemiptera,NA,NA,NA,106,9/15/2017,HickoryBottoms,B,9/14/2017,70,Single
9152017HBB7,OTU1139,GS,98.9,BOLD:AAP1443,Animalia,Arthropoda,Insecta,Hymenoptera,Perilampidae,Perilampus,NA,150,9/15/2017,HickoryBottoms,B,9/14/2017,70,Single
9152017HBB7,OTU1497,SS,0.97,BOLD:AAI1618,Animalia,Arthropoda,Insecta,Diptera,Culicidae,Coquillettidia,Coquillettidia perturbans,19,9/15/2017,HickoryBottoms,B,9/14/2017,70,Single
9152017HBB7,OTU1684,GS,97.8,BOLD:AAH7094,Animalia,Arthropoda,Insecta,Neuroptera,Chrysopidae,Ceraeochrysa,Ceraeochrysa lineaticornis,5,9/15/2017,HickoryBottoms,B,9/14/2017,70,Single
9152017HBB8,OTU1,US,0.0026,BOLD:AAD6798,Animalia,Arthropoda,Insecta,Diptera,NA,NA,NA,11681,9/15/2017,HickoryBottoms,B,9/14/2017,70,Single
9152017HBB8,OTU2,GS,100,BOLD:AAH3225,Animalia,Arthropoda,Insecta,Psocodea,Psocidae,Metylophorus,Metylophorus novaescotiae,1635,9/15/2017,HickoryBottoms,B,9/14/2017,70,Single
9152017HBB8,OTU5,GS,99.4,BOLD:AAN5451,Animalia,Arthropoda,Arachnida,Araneae,Araneidae,Eustala,NA,3124,9/15/2017,HickoryBottoms,B,9/14/2017,70,Single
9152017HBB8,OTU7,GS,100,BOLD:AAF4632,Animalia,Arthropoda,Insecta,Diptera,Limoniidae,Epiphragma,Epiphragma solatrix,546,9/15/2017,HickoryBottoms,B,9/14/2017,70,Single
9152017HBB8,OTU22,GS,100,BOLD:ABA8054,Animalia,Arthropoda,Insecta,Hymenoptera,Braconidae,NA,NA,24439,9/15/2017,HickoryBottoms,B,9/14/2017,70,Single
9152017HBB8,OTU54,GS,99.4,BOLD:ABA5202,Animalia,Arthropoda,Insecta,Diptera,Limoniidae,Pseudolimnophila,Pseudolimnophila luteipennis,391,9/15/2017,HickoryBottoms,B,9/14/2017,70,Single
9152017HBB8,OTU73,GS,100,BOLD:AAD6926,Animalia,Arthropoda,Arachnida,Araneae,Anyphaenidae,Anyphaena,Anyphaena pectorosa,40,9/15/2017,HickoryBottoms,B,9/14/2017,70,Single
9152017HBB8,OTU76,US,1,BOLD:ACY1454,Animalia,Arthropoda,Insecta,Hemiptera,NA,NA,NA,71,9/15/2017,HickoryBottoms,B,9/14/2017,70,Single
9152017HBB8,OTU99,US,1,BOLD:ACF7919,Animalia,Arthropoda,Collembola,Poduromorpha,NA,NA,NA,73,9/15/2017,HickoryBottoms,B,9/14/2017,70,Single
9152017HBB8,OTU101,US,0.2887,None,Animalia,Arthropoda,Insecta,Hemiptera,NA,NA,NA,103,9/15/2017,HickoryBottoms,B,9/14/2017,70,Single
9152017HBB8,OTU173,GS,99.4,BOLD:ABA7621,Animalia,Arthropoda,Insecta,Diptera,Tipulidae,Dolichopeza,Dolichopeza walleyi,79,9/15/2017,HickoryBottoms,B,9/14/2017,70,Single
9152017HBB8,OTU180,GS,100,BOLD:AAM8933,Animalia,Arthropoda,Insecta,Psocodea,Amphipsocidae,Polypsocus,Polypsocus corruptus,18,9/15/2017,HickoryBottoms,B,9/14/2017,70,Single
9152017HBB8,OTU207,GS,97.2,BOLD:AAL8227,Animalia,Arthropoda,Insecta,Hymenoptera,NA,NA,NA,3288,9/15/2017,HickoryBottoms,B,9/14/2017,70,Single
9152017HBB8,OTU252,GS,100,BOLD:AAC6739,Animalia,Arthropoda,Insecta,Lepidoptera,Coleophoridae,Coleophora,Coleophora borea,21,9/15/2017,HickoryBottoms,B,9/14/2017,70,Single
9152017HBB8,OTU259,US,0.9963,BOLD:AAL6280,Animalia,Arthropoda,Arachnida,Araneae,NA,NA,NA,264,9/15/2017,HickoryBottoms,B,9/14/2017,70,Single
9152017HBB8,OTU265,GS,100,BOLD:AAQ3192,Animalia,Arthropoda,Insecta,Lepidoptera,Dryadaulidae,Dryadaula,NA,7,9/15/2017,HickoryBottoms,B,9/14/2017,70,Single
9152017HBB8,OTU279,US,0.9881,BOLD:AAL9881,Animalia,Arthropoda,Arachnida,Araneae,NA,NA,NA,20,9/15/2017,HickoryBottoms,B,9/14/2017,70,Single
9152017HBB8,OTU333,GS,100,BOLD:AAD7490,Animalia,Arthropoda,Insecta,Hymenoptera,Formicidae,Brachymyrmex,Brachymyrmex depilis,146,9/15/2017,HickoryBottoms,B,9/14/2017,70,Single
9152017HBB8,OTU369,SS,0.79,BOLD:ACS7984,Animalia,Arthropoda,Insecta,Hemiptera,NA,NA,NA,21,9/15/2017,HickoryBottoms,B,9/14/2017,70,Single
9152017HBB8,OTU441,SS,0.29,BOLD:ABA8054,Animalia,Arthropoda,Insecta,Hymenoptera,NA,NA,NA,689,9/15/2017,HickoryBottoms,B,9/14/2017,70,Single
9152017HBB8,OTU458,GS,100,BOLD:AAB2768,Animalia,Arthropoda,Arachnida,Araneae,Philodromidae,Philodromus,Philodromus rufus,269,9/15/2017,HickoryBottoms,B,9/14/2017,70,Single
9152017HBB8,OTU489,GS,100,BOLD:ABX9225,Animalia,Arthropoda,Insecta,Diptera,Limoniidae,Rhipidia,NA,26,9/15/2017,HickoryBottoms,B,9/14/2017,70,Single
9152017HBB8,OTU499,SS,0.7,BOLD:ABA8054,Animalia,Arthropoda,Insecta,Hymenoptera,NA,NA,NA,118,9/15/2017,HickoryBottoms,B,9/14/2017,70,Single
9152017HBB8,OTU541,US,0.9919,BOLD:AAJ2923,Animalia,Arthropoda,Insecta,Hemiptera,NA,NA,NA,124,9/15/2017,HickoryBottoms,B,9/14/2017,70,Single
9152017HBB8,OTU543,GS,100,BOLD:AAA7928,Animalia,Arthropoda,Insecta,Lepidoptera,Blastobasidae,Blastobasis,Blastobasis taurusella,8,9/15/2017,HickoryBottoms,B,9/14/2017,70,Single
9152017HBB8,OTU548,GS,99.4,BOLD:AAC0126,Animalia,Arthropoda,Insecta,Lepidoptera,Tortricidae,Coelostathma,Coelostathma discopunctana,24,9/15/2017,HickoryBottoms,B,9/14/2017,70,Single
9152017HBB8,OTU647,GS,98.3,BOLD:AAB7934,Animalia,Arthropoda,Arachnida,Araneae,Araneidae,Eustala,Eustala emertoni,164,9/15/2017,HickoryBottoms,B,9/14/2017,70,Single
9152017HBB8,OTU674,US,0,BOLD:AAG4815,Animalia,Arthropoda,Arachnida,Mesostigmata,NA,NA,NA,42,9/15/2017,HickoryBottoms,B,9/14/2017,70,Single
9152017HBB8,OTU688,GS,97.8,BOLD:ACC0381,Animalia,Arthropoda,Insecta,Hemiptera,Miridae,Tropidosteptes,NA,13,9/15/2017,HickoryBottoms,B,9/14/2017,70,Single
9152017HBB8,OTU855,SS,0.67,BOLD:AAI1781,Animalia,Arthropoda,Insecta,Hymenoptera,NA,NA,NA,141,9/15/2017,HickoryBottoms,B,9/14/2017,70,Single
9152017HBB8,OTU902,US,0,None,Animalia,Arthropoda,Insecta,Hymenoptera,NA,NA,NA,16,9/15/2017,HickoryBottoms,B,9/14/2017,70,Single
9152017HBB8,OTU911,SS,0.56,BOLD:ABA8054,Animalia,Arthropoda,Insecta,Hymenoptera,NA,NA,NA,322,9/15/2017,HickoryBottoms,B,9/14/2017,70,Single
9152017HBB8,OTU958,US,0.2887,BOLD:AAQ0247,Animalia,Arthropoda,Insecta,Hemiptera,NA,NA,NA,82,9/15/2017,HickoryBottoms,B,9/14/2017,70,Single
9152017HBB8,OTU972,GS,97.2,BOLD:ACU7377,Animalia,Arthropoda,Insecta,Diptera,Cecidomyiidae,NA,NA,116,9/15/2017,HickoryBottoms,B,9/14/2017,70,Single
9152017HBB8,OTU1097,GS,97.2,BOLD:AAN5451,Animalia,Arthropoda,Arachnida,Araneae,Araneidae,Eustala,NA,152,9/15/2017,HickoryBottoms,B,9/14/2017,70,Single
9152017HBB8,OTU1172,SS,0.83,BOLD:AAD6926,Animalia,Arthropoda,Arachnida,Araneae,Anyphaenidae,Anyphaena,Anyphaena pectorosa,6,9/15/2017,HickoryBottoms,B,9/14/2017,70,Single
9152017HBB8,OTU1212,SS,0.52,BOLD:ABX7282,Animalia,Arthropoda,Insecta,Hemiptera,NA,NA,NA,41,9/15/2017,HickoryBottoms,B,9/14/2017,70,Single
9152017HBB8,OTU1361,GS,100,BOLD:AAC0584,Animalia,Arthropoda,Insecta,Diptera,Culicidae,Anopheles,Anopheles punctipennis,32,9/15/2017,HickoryBottoms,B,9/14/2017,70,Single
9152017HBB8,OTU1423,SS,0.24,BOLD:AAP0848,Animalia,Arthropoda,Insecta,Hymenoptera,Braconidae,NA,NA,50,9/15/2017,HickoryBottoms,B,9/14/2017,70,Single
9152017HBB8,OTU1451,GS,98.9,BOLD:AAH4718,Animalia,Arthropoda,Insecta,Lepidoptera,NA,NA,NA,6,9/15/2017,HickoryBottoms,B,9/14/2017,70,Single
9152017HBB8,OTU1472,GS,98.9,BOLD:AAA2868,Animalia,Arthropoda,Insecta,Lepidoptera,Erebidae,Chytolita,Chytolita morbidalis,286,9/15/2017,HickoryBottoms,B,9/14/2017,70,Single
9152017HBB8,OTU1530,GS,100,BOLD:AAI1587,Animalia,Arthropoda,Arachnida,Araneae,Trachelidae,Trachelas,Trachelas similis,2,9/15/2017,HickoryBottoms,B,9/14/2017,70,Single
9152017HBB8,OTU1534,GS,100,BOLD:AAH9588,Animalia,Arthropoda,Insecta,Hemiptera,Aphididae,Shivaphis,Shivaphis celti,6,9/15/2017,HickoryBottoms,B,9/14/2017,70,Single
9152017HBB8,OTU1614,SS,0.59,BOLD:ACI6897,Animalia,Arthropoda,Insecta,Diptera,NA,NA,NA,22,9/15/2017,HickoryBottoms,B,9/14/2017,70,Single
9152017HBB8,OTU1786,US,0,None,Animalia,Arthropoda,Insecta,Hymenoptera,NA,NA,NA,2,9/15/2017,HickoryBottoms,B,9/14/2017,70,Single
9152017HBB8,OTU1792,GS,99.4,BOLD:AAE7853,Animalia,Arthropoda,Arachnida,Araneae,Theridiidae,Thymoites,Thymoites unimaculatus,17,9/15/2017,HickoryBottoms,B,9/14/2017,70,Single
9152017HBB8,OTU1834,SS,0.74,BOLD:AAF4632,Animalia,Arthropoda,Insecta,Diptera,NA,NA,NA,5,9/15/2017,HickoryBottoms,B,9/14/2017,70,Single
9152017HBB9,OTU3,GS,100,BOLD:AAP2734,Animalia,Arthropoda,Insecta,Diptera,Limoniidae,Erioptera,Erioptera parva,26945,9/15/2017,HickoryBottoms,B,9/14/2017,70,Single
9152017HBB9,OTU7,GS,100,BOLD:AAF4632,Animalia,Arthropoda,Insecta,Diptera,Limoniidae,Epiphragma,Epiphragma solatrix,1083,9/15/2017,HickoryBottoms,B,9/14/2017,70,Single
9152017HBB9,OTU16,GS,100,BOLD:AAA7067,Animalia,Arthropoda,Insecta,Diptera,Culicidae,Aedes,Aedes vexans,1351,9/15/2017,HickoryBottoms,B,9/14/2017,70,Single
9152017HBB9,OTU22,GS,100,BOLD:ABA8054,Animalia,Arthropoda,Insecta,Hymenoptera,Braconidae,NA,NA,216,9/15/2017,HickoryBottoms,B,9/14/2017,70,Single
9152017HBB9,OTU33,GS,100,BOLD:AAB8714,Animalia,Arthropoda,Arachnida,Araneae,Tetragnathidae,Leucauge,Leucauge venusta,204,9/15/2017,HickoryBottoms,B,9/14/2017,70,Single
9152017HBB9,OTU56,GS,100,BOLD:AAN5879,Animalia,Arthropoda,Insecta,Diptera,Limoniidae,NA,NA,280,9/15/2017,HickoryBottoms,B,9/14/2017,70,Single
9152017HBB9,OTU57,GS,100,BOLD:AAI1618,Animalia,Arthropoda,Insecta,Diptera,Culicidae,Coquillettidia,Coquillettidia perturbans,101,9/15/2017,HickoryBottoms,B,9/14/2017,70,Single
9152017HBB9,OTU73,GS,100,BOLD:AAD6926,Animalia,Arthropoda,Arachnida,Araneae,Anyphaenidae,Anyphaena,Anyphaena pectorosa,55,9/15/2017,HickoryBottoms,B,9/14/2017,70,Single
9152017HBB9,OTU165,US,0.9936,BOLD:ACF8271,Animalia,Arthropoda,Insecta,Diptera,NA,NA,NA,23,9/15/2017,HickoryBottoms,B,9/14/2017,70,Single
9152017HBB9,OTU197,GS,100,BOLD:AAN6380,Animalia,Arthropoda,Arachnida,Araneae,Araneidae,Neoscona,NA,394,9/15/2017,HickoryBottoms,B,9/14/2017,70,Single
9152017HBB9,OTU202,US,0.9967,BOLD:ACF8271,Animalia,Arthropoda,Insecta,Hymenoptera,NA,NA,NA,37,9/15/2017,HickoryBottoms,B,9/14/2017,70,Single
9152017HBB9,OTU374,US,0,BOLD:ACT8457,Animalia,Arthropoda,Insecta,Hymenoptera,NA,NA,NA,58,9/15/2017,HickoryBottoms,B,9/14/2017,70,Single
9152017HBB9,OTU396,SS,0.98,BOLD:AAP2734,Animalia,Arthropoda,Insecta,Diptera,Limoniidae,Erioptera,Erioptera parva,73,9/15/2017,HickoryBottoms,B,9/14/2017,70,Single
9152017HBB9,OTU405,GSL,100,BOLD:ACF2821,Animalia,Arthropoda,Insecta,Diptera,Mycetophilidae,Mycetophila,Mycetophila perpallida,264,9/15/2017,HickoryBottoms,B,9/14/2017,70,Single
9152017HBB9,OTU408,GS,100,BOLD:AAA2955,Animalia,Arthropoda,Insecta,Lepidoptera,Tortricidae,Argyrotaenia,Argyrotaenia ljungiana,37,9/15/2017,HickoryBottoms,B,9/14/2017,70,Single
9152017HBB9,OTU441,SS,0.29,BOLD:ABA8054,Animalia,Arthropoda,Insecta,Hymenoptera,NA,NA,NA,32,9/15/2017,HickoryBottoms,B,9/14/2017,70,Single
9152017HBB9,OTU447,US,0.9916,BOLD:AAW5176,Animalia,Arthropoda,Arachnida,Araneae,NA,NA,NA,7,9/15/2017,HickoryBottoms,B,9/14/2017,70,Single
9152017HBB9,OTU480,GS,100,BOLD:AAP2997,Animalia,Arthropoda,Insecta,Diptera,Chironomidae,NA,NA,8,9/15/2017,HickoryBottoms,B,9/14/2017,70,Single
9152017HBB9,OTU508,GS,100,BOLD:AAC0958,Animalia,Arthropoda,Insecta,Lepidoptera,Tortricidae,Hulda,Hulda impudens,580,9/15/2017,HickoryBottoms,B,9/14/2017,70,Single
9152017HBB9,OTU529,GS,100,BOLD:AAG3825,Animalia,Arthropoda,Arachnida,Araneae,Anyphaenidae,Wulfila,NA,69,9/15/2017,HickoryBottoms,B,9/14/2017,70,Single
9152017HBB9,OTU846,GS,98.9,BOLD:ACM6663,Animalia,Arthropoda,Insecta,Hymenoptera,Ichneumonidae,Trathala,NA,3,9/15/2017,HickoryBottoms,B,9/14/2017,70,Single
9152017HBB9,OTU848,GS,100,BOLD:AAD5417,Animalia,Arthropoda,Arachnida,Araneae,Clubionidae,Clubiona,Clubiona obesa,19,9/15/2017,HickoryBottoms,B,9/14/2017,70,Single
9152017HBB9,OTU1210,GS,97.2,BOLD:AAF4632,Animalia,Arthropoda,Insecta,Diptera,Limoniidae,Epiphragma,Epiphragma solatrix,157,9/15/2017,HickoryBottoms,B,9/14/2017,70,Single
9152017HBB9,OTU1265,SS,0.83,BOLD:AAF4632,Animalia,Arthropoda,Insecta,Diptera,Limoniidae,Epiphragma,Epiphragma solatrix,14,9/15/2017,HickoryBottoms,B,9/14/2017,70,Single
9152017HBB9,OTU1292,GS,97.8,BOLD:AAN5882,Animalia,Arthropoda,Insecta,Diptera,Limoniidae,Erioptera,Erioptera caliptera,4,9/15/2017,HickoryBottoms,B,9/14/2017,70,Single
9152017HBB9,OTU1350,GS,97.2,BOLD:AAA7067,Animalia,Arthropoda,Insecta,Diptera,Culicidae,Aedes,Aedes vexans,27,9/15/2017,HickoryBottoms,B,9/14/2017,70,Single
9152017HBB9,OTU1434,GS,97.6,BOLD:AAA7067,Animalia,Arthropoda,Insecta,Diptera,Culicidae,Aedes,Aedes vexans,5,9/15/2017,HickoryBottoms,B,9/14/2017,70,Single
9152017HBB9,OTU1480,US,0.9249,BOLD:AAN5882,Animalia,Arthropoda,Insecta,Diptera,NA,NA,NA,5,9/15/2017,HickoryBottoms,B,9/14/2017,70,Single
9152017HBB9,OTU1494,US,0.8732,BOLD:AAF4632,Animalia,Arthropoda,Insecta,Diptera,NA,NA,NA,73,9/15/2017,HickoryBottoms,B,9/14/2017,70,Single
9152017HBB9,OTU1497,SS,0.97,BOLD:AAI1618,Animalia,Arthropoda,Insecta,Diptera,Culicidae,Coquillettidia,Coquillettidia perturbans,57,9/15/2017,HickoryBottoms,B,9/14/2017,70,Single
9152017HBB9,OTU1548,GS,100,BOLD:AAB4832,Animalia,Arthropoda,Insecta,Lepidoptera,Crambidae,Evergestis,Evergestis pallidata,65,9/15/2017,HickoryBottoms,B,9/14/2017,70,Single
9152017HBB9,OTU1554,SS,0.92,BOLD:AAP2734,Animalia,Arthropoda,Insecta,Diptera,Limoniidae,Erioptera,Erioptera parva,76,9/15/2017,HickoryBottoms,B,9/14/2017,70,Single
9152017HBB9,OTU1782,US,0.9249,BOLD:AAO3940,Animalia,Arthropoda,Insecta,Diptera,NA,NA,NA,1,9/15/2017,HickoryBottoms,B,9/14/2017,70,Single
9152017HBB9,OTU1809,GS,100,BOLD:AAB7659,Animalia,Arthropoda,Insecta,Lepidoptera,Erebidae,Sigela,Sigela brauneata,1,9/15/2017,HickoryBottoms,B,9/14/2017,70,Single
9152017HBB9,OTU1834,SS,0.74,BOLD:AAF4632,Animalia,Arthropoda,Insecta,Diptera,NA,NA,NA,2,9/15/2017,HickoryBottoms,B,9/14/2017,70,Single
9152017HBD1,OTU1,US,0.0026,BOLD:AAD6798,Animalia,Arthropoda,Insecta,Diptera,NA,NA,NA,548,9/15/2017,HickoryBottoms,D,9/14/2017,154,Single
9152017HBD1,OTU2,GS,100,BOLD:AAH3225,Animalia,Arthropoda,Insecta,Psocodea,Psocidae,Metylophorus,Metylophorus novaescotiae,269,9/15/2017,HickoryBottoms,D,9/14/2017,154,Single
9152017HBD1,OTU9,US,0.7924,BOLD:AAG8502,Animalia,Arthropoda,Insecta,NA,NA,NA,NA,5764,9/15/2017,HickoryBottoms,D,9/14/2017,154,Single
9152017HBD1,OTU14,GS,99.4,BOLD:AAO3940,Animalia,Arthropoda,Insecta,Diptera,Limoniidae,Rhipidia,NA,385,9/15/2017,HickoryBottoms,D,9/14/2017,154,Single
9152017HBD1,OTU15,GS,100,BOLD:ABZ0908,Animalia,Arthropoda,Insecta,Diptera,Tipulidae,Nephrotoma,Nephrotoma ferruginea,601,9/15/2017,HickoryBottoms,D,9/14/2017,154,Single
9152017HBD1,OTU38,GS,99.4,BOLD:AAB4070,Animalia,Arthropoda,Insecta,Lepidoptera,Tortricidae,Gymnandrosoma,Gymnandrosoma punctidiscanum,268,9/15/2017,HickoryBottoms,D,9/14/2017,154,Single
9152017HBD1,OTU52,GS,100,BOLD:AAG4399,Animalia,Arthropoda,Insecta,Hemiptera,Flatidae,Metcalfa,Metcalfa pruinosa,349,9/15/2017,HickoryBottoms,D,9/14/2017,154,Single
9152017HBD1,OTU54,GS,99.4,BOLD:ABA5202,Animalia,Arthropoda,Insecta,Diptera,Limoniidae,Pseudolimnophila,Pseudolimnophila luteipennis,245,9/15/2017,HickoryBottoms,D,9/14/2017,154,Single
9152017HBD1,OTU56,GS,100,BOLD:AAN5879,Animalia,Arthropoda,Insecta,Diptera,Limoniidae,NA,NA,3754,9/15/2017,HickoryBottoms,D,9/14/2017,154,Single
9152017HBD1,OTU67,GS,100,BOLD:AAO3948,Animalia,Arthropoda,Insecta,Diptera,Tipulidae,Nephrotoma,Nephrotoma macrocera,1764,9/15/2017,HickoryBottoms,D,9/14/2017,154,Single
9152017HBD1,OTU71,GSL,100,BOLD:AAA7661,Animalia,Arthropoda,Insecta,Diptera,Culicidae,NA,NA,5758,9/15/2017,HickoryBottoms,D,9/14/2017,154,Single
9152017HBD1,OTU78,US,1,BOLD:AAY8864,Animalia,Arthropoda,Insecta,Diptera,NA,NA,NA,99,9/15/2017,HickoryBottoms,D,9/14/2017,154,Single
9152017HBD1,OTU84,GS,97.8,BOLD:ABU5821,Animalia,Arthropoda,Insecta,Diptera,Tipulidae,Tipula,Tipula sayi,1320,9/15/2017,HickoryBottoms,D,9/14/2017,154,Single
9152017HBD1,OTU89,GS,98.3,BOLD:ABW2415,Animalia,Arthropoda,Insecta,Diptera,Tipulidae,Nephrotoma,Nephrotoma okefenoke,311,9/15/2017,HickoryBottoms,D,9/14/2017,154,Single
9152017HBD1,OTU123,GS,99.4,BOLD:AAM8787,Animalia,Arthropoda,Insecta,Lepidoptera,Gelechiidae,Dichomeris,Dichomeris laetitia,85,9/15/2017,HickoryBottoms,D,9/14/2017,154,Single
9152017HBD1,OTU186,GS,99.4,BOLD:ACN8633,Animalia,Arthropoda,Insecta,Lepidoptera,Carposinidae,Carposina,NA,5108,9/15/2017,HickoryBottoms,D,9/14/2017,154,Single
9152017HBD1,OTU201,GS,100,BOLD:AAG0906,Animalia,Arthropoda,Insecta,Neuroptera,Hemerobiidae,Micromus,Micromus posticus,51,9/15/2017,HickoryBottoms,D,9/14/2017,154,Single
9152017HBD1,OTU209,GS,100,BOLD:AAF9019,Animalia,Arthropoda,Insecta,Diptera,NA,NA,NA,53,9/15/2017,HickoryBottoms,D,9/14/2017,154,Single
9152017HBD1,OTU227,GS,99.4,BOLD:AAO3939,Animalia,Arthropoda,Insecta,Diptera,Limoniidae,Dicranomyia,NA,21,9/15/2017,HickoryBottoms,D,9/14/2017,154,Single
9152017HBD1,OTU239,GS,100,BOLD:ABW2526,Animalia,Arthropoda,Insecta,Diptera,Tabanidae,Tabanus,NA,53,9/15/2017,HickoryBottoms,D,9/14/2017,154,Single
9152017HBD1,OTU259,US,0.9963,BOLD:AAL6280,Animalia,Arthropoda,Arachnida,Araneae,NA,NA,NA,58,9/15/2017,HickoryBottoms,D,9/14/2017,154,Single
9152017HBD1,OTU292,US,0,BOLD:ACT4623,Animalia,Arthropoda,Insecta,Hymenoptera,NA,NA,NA,1467,9/15/2017,HickoryBottoms,D,9/14/2017,154,Single
9152017HBD1,OTU361,US,1,None,Animalia,Arthropoda,Arachnida,Araneae,NA,NA,NA,128,9/15/2017,HickoryBottoms,D,9/14/2017,154,Single
9152017HBD1,OTU398,GS,98.9,BOLD:ACE4129,Animalia,Arthropoda,Insecta,Lepidoptera,Tortricidae,Cydia,Cydia latiferreana,816,9/15/2017,HickoryBottoms,D,9/14/2017,154,Single
9152017HBD1,OTU404,GS,100,BOLD:ABA5881,Animalia,Arthropoda,Insecta,Hemiptera,Miridae,Phytocoris,Phytocoris eximius,436,9/15/2017,HickoryBottoms,D,9/14/2017,154,Single
9152017HBD1,OTU405,GSL,100,BOLD:ACF2821,Animalia,Arthropoda,Insecta,Diptera,Mycetophilidae,Mycetophila,Mycetophila perpallida,816,9/15/2017,HickoryBottoms,D,9/14/2017,154,Single
9152017HBD1,OTU407,GS,99.4,BOLD:AAK8831,Animalia,Arthropoda,Insecta,Diptera,Limoniidae,Metalimnobia,Metalimnobia cinctipes,67,9/15/2017,HickoryBottoms,D,9/14/2017,154,Single
9152017HBD1,OTU418,US,0,None,Animalia,Arthropoda,Insecta,Lepidoptera,NA,NA,NA,268,9/15/2017,HickoryBottoms,D,9/14/2017,154,Single
9152017HBD1,OTU447,US,0.9916,BOLD:AAW5176,Animalia,Arthropoda,Arachnida,Araneae,NA,NA,NA,46,9/15/2017,HickoryBottoms,D,9/14/2017,154,Single
9152017HBD1,OTU450,SS,0.36,BOLD:ABY1337,Animalia,Arthropoda,Insecta,Hemiptera,Miridae,Phytocoris,NA,653,9/15/2017,HickoryBottoms,D,9/14/2017,154,Single
9152017HBD1,OTU461,GS,100,BOLD:AAI6259,Animalia,Arthropoda,Insecta,Lepidoptera,Gelechiidae,Dichomeris,Dichomeris offula,861,9/15/2017,HickoryBottoms,D,9/14/2017,154,Single
9152017HBD1,OTU487,GS,100,BOLD:AAJ9298,Animalia,Arthropoda,Insecta,Lepidoptera,Geometridae,Melanolophia,Melanolophia signataria,33,9/15/2017,HickoryBottoms,D,9/14/2017,154,Single
9152017HBD1,OTU489,GS,100,BOLD:ABX9225,Animalia,Arthropoda,Insecta,Diptera,Limoniidae,Rhipidia,NA,187,9/15/2017,HickoryBottoms,D,9/14/2017,154,Single
9152017HBD1,OTU508,GS,100,BOLD:AAC0958,Animalia,Arthropoda,Insecta,Lepidoptera,Tortricidae,Hulda,Hulda impudens,79,9/15/2017,HickoryBottoms,D,9/14/2017,154,Single
9152017HBD1,OTU548,GS,99.4,BOLD:AAC0126,Animalia,Arthropoda,Insecta,Lepidoptera,Tortricidae,Coelostathma,Coelostathma discopunctana,79,9/15/2017,HickoryBottoms,D,9/14/2017,154,Single
9152017HBD1,OTU580,GS,98.3,BOLD:ABZ0908,Animalia,Arthropoda,Insecta,Diptera,Tipulidae,Nephrotoma,Nephrotoma ferruginea,21,9/15/2017,HickoryBottoms,D,9/14/2017,154,Single
9152017HBD1,OTU581,GS,100,BOLD:ACE6435,Animalia,Arthropoda,Insecta,Lepidoptera,Tortricidae,Aethes,Aethes angulatana,586,9/15/2017,HickoryBottoms,D,9/14/2017,154,Single
9152017HBD1,OTU603,GS,99.4,BOLD:AAO3944,Animalia,Arthropoda,Insecta,Diptera,Limoniidae,Geranomyia,NA,480,9/15/2017,HickoryBottoms,D,9/14/2017,154,Single
9152017HBD1,OTU697,GS,100,BOLD:AAM7623,Animalia,Arthropoda,Insecta,Coleoptera,Phalacridae,Acylomus,NA,7,9/15/2017,HickoryBottoms,D,9/14/2017,154,Single
9152017HBD1,OTU715,SS,0.71,BOLD:ABZ0908,Animalia,Arthropoda,Insecta,Diptera,NA,NA,NA,242,9/15/2017,HickoryBottoms,D,9/14/2017,154,Single
9152017HBD1,OTU729,GS,100,BOLD:AAA7282,Animalia,Arthropoda,Insecta,Lepidoptera,Tortricidae,Cydia,Cydia caryana,3,9/15/2017,HickoryBottoms,D,9/14/2017,154,Single
9152017HBD1,OTU767,GS,100,BOLD:AAC7129,Animalia,Arthropoda,Insecta,Lepidoptera,Tischeriidae,Coptotriche,Coptotriche citrinipennella,63,9/15/2017,HickoryBottoms,D,9/14/2017,154,Single
9152017HBD1,OTU798,SS,0.6,BOLD:AAO3940,Animalia,Arthropoda,Insecta,Diptera,NA,NA,NA,6,9/15/2017,HickoryBottoms,D,9/14/2017,154,Single
9152017HBD1,OTU842,US,1,BOLD:ACA5926,Animalia,Arthropoda,Insecta,Diptera,NA,NA,NA,144,9/15/2017,HickoryBottoms,D,9/14/2017,154,Single
9152017HBD1,OTU890,GS,100,BOLD:ACE3004,Animalia,Arthropoda,Insecta,Lepidoptera,Erebidae,Hyperstrotia,Hyperstrotia nana,27,9/15/2017,HickoryBottoms,D,9/14/2017,154,Single
9152017HBD1,OTU935,SS,0.01,BOLD:AAO3940,Animalia,Arthropoda,Insecta,Diptera,Limoniidae,Rhipidia,NA,7,9/15/2017,HickoryBottoms,D,9/14/2017,154,Single
9152017HBD1,OTU951,GS,97.2,BOLD:AAB1383,Animalia,Arthropoda,Insecta,Lepidoptera,Gelechiidae,Aroga,Aroga trialbamaculella,173,9/15/2017,HickoryBottoms,D,9/14/2017,154,Single
9152017HBD1,OTU1107,US,0,BOLD:ACT8457,Animalia,Arthropoda,Insecta,Hymenoptera,NA,NA,NA,1,9/15/2017,HickoryBottoms,D,9/14/2017,154,Single
9152017HBD1,OTU1210,GS,97.2,BOLD:AAF4632,Animalia,Arthropoda,Insecta,Diptera,Limoniidae,Epiphragma,Epiphragma solatrix,20,9/15/2017,HickoryBottoms,D,9/14/2017,154,Single
9152017HBD1,OTU1313,GS,98.8,BOLD:AAA6127,Animalia,Arthropoda,Insecta,Lepidoptera,Cosmopterigidae,Walshia,Walshia miscecolorella,77,9/15/2017,HickoryBottoms,D,9/14/2017,154,Single
9152017HBD1,OTU1353,SS,0.11,BOLD:ABU9995,Animalia,Arthropoda,Insecta,Diptera,NA,NA,NA,5,9/15/2017,HickoryBottoms,D,9/14/2017,154,Single
9152017HBD1,OTU1502,GS,100,BOLD:AAA7880,Animalia,Arthropoda,Insecta,Lepidoptera,Crambidae,Nomophila,Nomophila noctuella,3,9/15/2017,HickoryBottoms,D,9/14/2017,154,Single
9152017HBD1,OTU1513,GS,97.8,BOLD:ACL2801,Animalia,Arthropoda,Insecta,Diptera,Tipulidae,Nephrotoma,Nephrotoma macrocera,18,9/15/2017,HickoryBottoms,D,9/14/2017,154,Single
9152017HBD1,OTU1524,SS,0.4,BOLD:AAB4070,Animalia,Arthropoda,Insecta,Lepidoptera,NA,NA,NA,40,9/15/2017,HickoryBottoms,D,9/14/2017,154,Single
9152017HBD1,OTU1615,SS,0.57,BOLD:ACQ5757,Animalia,Arthropoda,Insecta,Diptera,NA,NA,NA,47,9/15/2017,HickoryBottoms,D,9/14/2017,154,Single
9152017HBD1,OTU1642,GS,99.4,BOLD:AAB5246,Animalia,Arthropoda,Insecta,Lepidoptera,Erebidae,Ledaea,Ledaea perditalis,1,9/15/2017,HickoryBottoms,D,9/14/2017,154,Single
9152017HBD1,OTU1652,GS,100,BOLD:AAB7005,Animalia,Arthropoda,Insecta,Lepidoptera,Noctuidae,Acronicta,Acronicta interrupta,8,9/15/2017,HickoryBottoms,D,9/14/2017,154,Single
9152017HBD1,OTU1911,SS,0.65,BOLD:AAN5879,Animalia,Arthropoda,Insecta,Diptera,NA,NA,NA,87,9/15/2017,HickoryBottoms,D,9/14/2017,154,Single
9152017HBD10,OTU11,GS,99.4,BOLD:AAG3848,Animalia,Arthropoda,Insecta,Diptera,Culicidae,Culex,Culex erraticus,881,9/15/2017,HickoryBottoms,D,9/14/2017,154,Single
9152017HBD10,OTU12,GS,100,BOLD:AAE5173,Animalia,Arthropoda,Insecta,Diptera,Psychodidae,PschodididGC,NA,73118,9/15/2017,HickoryBottoms,D,9/14/2017,154,Single
9152017HBD10,OTU25,GS,100,BOLD:ACF0083,Animalia,Arthropoda,Insecta,Diptera,Tabanidae,Tabanus,Tabanus similis,4657,9/15/2017,HickoryBottoms,D,9/14/2017,154,Single
9152017HBD10,OTU26,GS,98.8,BOLD:ACM8443,Animalia,Arthropoda,Insecta,Diptera,Tabanidae,Hybomitra,Hybomitra epistates,251,9/15/2017,HickoryBottoms,D,9/14/2017,154,Single
9152017HBD10,OTU47,GS,100,BOLD:AAN5881,Animalia,Arthropoda,Insecta,Diptera,Limoniidae,NA,NA,1256,9/15/2017,HickoryBottoms,D,9/14/2017,154,Single
9152017HBD10,OTU53,GS,98,BOLD:ABA6114,Animalia,Arthropoda,Insecta,Hymenoptera,Diapriidae,NA,NA,9589,9/15/2017,HickoryBottoms,D,9/14/2017,154,Single
9152017HBD10,OTU128,GS,98.3,BOLD:AAF9067,Animalia,Arthropoda,Insecta,Diptera,Tipulidae,Tipula,Tipula abdominalis,319,9/15/2017,HickoryBottoms,D,9/14/2017,154,Single
9152017HBD10,OTU228,SS,0.45,BOLD:AAK1726,Animalia,Arthropoda,Insecta,Hymenoptera,Braconidae,NA,NA,3598,9/15/2017,HickoryBottoms,D,9/14/2017,154,Single
9152017HBD10,OTU466,SS,0.16,BOLD:AAI3871,Animalia,Arthropoda,Insecta,Lepidoptera,NA,NA,NA,422,9/15/2017,HickoryBottoms,D,9/14/2017,154,Single
9152017HBD10,OTU530,GS,100,BOLD:ABX6784,Animalia,Arthropoda,Insecta,Lepidoptera,NA,NA,NA,570,9/15/2017,HickoryBottoms,D,9/14/2017,154,Single
9152017HBD10,OTU583,GS,100,BOLD:AAA4884,Animalia,Arthropoda,Insecta,Lepidoptera,Geometridae,Macaria,Macaria aemulataria,478,9/15/2017,HickoryBottoms,D,9/14/2017,154,Single
9152017HBD10,OTU644,US,0.9844,BOLD:ACK6982,Animalia,Arthropoda,Insecta,Diptera,NA,NA,NA,588,9/15/2017,HickoryBottoms,D,9/14/2017,154,Single
9152017HBD10,OTU710,SS,0.24,BOLD:ACK6982,Animalia,Arthropoda,Insecta,Diptera,NA,NA,NA,268,9/15/2017,HickoryBottoms,D,9/14/2017,154,Single
9152017HBD10,OTU1116,SS,0.5,BOLD:ABZ0908,Animalia,Arthropoda,Insecta,Diptera,NA,NA,NA,8,9/15/2017,HickoryBottoms,D,9/14/2017,154,Single
9152017HBD10,OTU1210,GS,97.2,BOLD:AAF4632,Animalia,Arthropoda,Insecta,Diptera,Limoniidae,Epiphragma,Epiphragma solatrix,31,9/15/2017,HickoryBottoms,D,9/14/2017,154,Single
9152017HBD10,OTU1299,GS,99.4,BOLD:ACG8435,Animalia,Arthropoda,Insecta,Lepidoptera,NA,NA,NA,85,9/15/2017,HickoryBottoms,D,9/14/2017,154,Single
9152017HBD10,OTU1576,GS,97.8,BOLD:AAN5881,Animalia,Arthropoda,Insecta,Diptera,Limoniidae,NA,NA,33,9/15/2017,HickoryBottoms,D,9/14/2017,154,Single
9152017HBD10,OTU1871,SS,0.85,BOLD:AAG3848,Animalia,Arthropoda,Insecta,Diptera,Culicidae,Culex,Culex erraticus,5,9/15/2017,HickoryBottoms,D,9/14/2017,154,Single
9152017HBD2,OTU3,GS,100,BOLD:AAP2734,Animalia,Arthropoda,Insecta,Diptera,Limoniidae,Erioptera,Erioptera parva,15989,9/15/2017,HickoryBottoms,D,9/14/2017,154,Single
9152017HBD2,OTU4,GS,100,BOLD:AAN5882,Animalia,Arthropoda,Insecta,Diptera,Limoniidae,Erioptera,Erioptera caliptera,264,9/15/2017,HickoryBottoms,D,9/14/2017,154,Single
9152017HBD2,OTU5,GS,99.4,BOLD:AAN5451,Animalia,Arthropoda,Arachnida,Araneae,Araneidae,Eustala,NA,478,9/15/2017,HickoryBottoms,D,9/14/2017,154,Single
9152017HBD2,OTU38,GS,99.4,BOLD:AAB4070,Animalia,Arthropoda,Insecta,Lepidoptera,Tortricidae,Gymnandrosoma,Gymnandrosoma punctidiscanum,2238,9/15/2017,HickoryBottoms,D,9/14/2017,154,Single
9152017HBD2,OTU41,GS,100,BOLD:AAA3993,Animalia,Arthropoda,Insecta,Lepidoptera,Coleophoridae,Coleophora,Coleophora duplicis group,356,9/15/2017,HickoryBottoms,D,9/14/2017,154,Single
9152017HBD2,OTU121,US,0.9936,BOLD:AAN9897,Animalia,Arthropoda,Insecta,Lepidoptera,NA,NA,NA,62,9/15/2017,HickoryBottoms,D,9/14/2017,154,Single
9152017HBD2,OTU130,GS,97.2,BOLD:ACI9955,Animalia,Arthropoda,Insecta,Hymenoptera,Perilampidae,Perilampus,NA,9995,9/15/2017,HickoryBottoms,D,9/14/2017,154,Single
9152017HBD2,OTU135,GS,99.4,BOLD:AAA5872,Animalia,Arthropoda,Insecta,Lepidoptera,Gelechiidae,Chionodes,Chionodes mediofuscella,246,9/15/2017,HickoryBottoms,D,9/14/2017,154,Single
9152017HBD2,OTU138,GS,100,BOLD:AAF9014,Animalia,Arthropoda,Insecta,Diptera,Limoniidae,Symplecta,Symplecta cana,895,9/15/2017,HickoryBottoms,D,9/14/2017,154,Single
9152017HBD2,OTU141,GS,100,BOLD:ABX6186,Animalia,Arthropoda,Insecta,Diptera,Tipulidae,Nephrotoma,Nephrotoma ferruginea,12,9/15/2017,HickoryBottoms,D,9/14/2017,154,Single
9152017HBD2,OTU180,GS,100,BOLD:AAM8933,Animalia,Arthropoda,Insecta,Psocodea,Amphipsocidae,Polypsocus,Polypsocus corruptus,8,9/15/2017,HickoryBottoms,D,9/14/2017,154,Single
9152017HBD2,OTU227,GS,99.4,BOLD:AAO3939,Animalia,Arthropoda,Insecta,Diptera,Limoniidae,Dicranomyia,NA,30,9/15/2017,HickoryBottoms,D,9/14/2017,154,Single
9152017HBD2,OTU235,GS,100,BOLD:AAG3918,Animalia,Arthropoda,Insecta,Diptera,Chironomidae,Procladius,NA,52,9/15/2017,HickoryBottoms,D,9/14/2017,154,Single
9152017HBD2,OTU252,GS,100,BOLD:AAC6739,Animalia,Arthropoda,Insecta,Lepidoptera,Coleophoridae,Coleophora,Coleophora borea,463,9/15/2017,HickoryBottoms,D,9/14/2017,154,Single
9152017HBD2,OTU271,GS,98.9,BOLD:ABX3627,Animalia,Arthropoda,Insecta,Diptera,Limoniidae,NA,NA,48,9/15/2017,HickoryBottoms,D,9/14/2017,154,Single
9152017HBD2,OTU332,SS,0.01,BOLD:ACI9955,Animalia,Arthropoda,Insecta,Hymenoptera,Perilampidae,Perilampus,NA,202,9/15/2017,HickoryBottoms,D,9/14/2017,154,Single
9152017HBD2,OTU361,US,1,None,Animalia,Arthropoda,Arachnida,Araneae,NA,NA,NA,13,9/15/2017,HickoryBottoms,D,9/14/2017,154,Single
9152017HBD2,OTU388,GS,100,BOLD:AAN5315,Animalia,Arthropoda,Insecta,Diptera,Chironomidae,NA,NA,23,9/15/2017,HickoryBottoms,D,9/14/2017,154,Single
9152017HBD2,OTU396,SS,0.98,BOLD:AAP2734,Animalia,Arthropoda,Insecta,Diptera,Limoniidae,Erioptera,Erioptera parva,68,9/15/2017,HickoryBottoms,D,9/14/2017,154,Single
9152017HBD2,OTU407,GS,99.4,BOLD:AAK8831,Animalia,Arthropoda,Insecta,Diptera,Limoniidae,Metalimnobia,Metalimnobia cinctipes,26,9/15/2017,HickoryBottoms,D,9/14/2017,154,Single
9152017HBD2,OTU418,US,0,None,Animalia,Arthropoda,Insecta,Lepidoptera,NA,NA,NA,8,9/15/2017,HickoryBottoms,D,9/14/2017,154,Single
9152017HBD2,OTU440,GS,98.3,BOLD:AAG4950,Animalia,Arthropoda,Insecta,Diptera,Keroplatidae,NA,NA,92,9/15/2017,HickoryBottoms,D,9/14/2017,154,Single
9152017HBD2,OTU466,SS,0.16,BOLD:AAI3871,Animalia,Arthropoda,Insecta,Lepidoptera,NA,NA,NA,292,9/15/2017,HickoryBottoms,D,9/14/2017,154,Single
9152017HBD2,OTU480,GS,100,BOLD:AAP2997,Animalia,Arthropoda,Insecta,Diptera,Chironomidae,NA,NA,8,9/15/2017,HickoryBottoms,D,9/14/2017,154,Single
9152017HBD2,OTU531,US,0.9546,BOLD:ABY9885,Animalia,Arthropoda,Insecta,Hymenoptera,NA,NA,NA,978,9/15/2017,HickoryBottoms,D,9/14/2017,154,Single
9152017HBD2,OTU533,GS,100,BOLD:AAY3988,Animalia,Arthropoda,Insecta,Diptera,Limoniidae,Pilaria,Pilaria tenuipes,37,9/15/2017,HickoryBottoms,D,9/14/2017,154,Single
9152017HBD2,OTU580,GS,98.3,BOLD:ABZ0908,Animalia,Arthropoda,Insecta,Diptera,Tipulidae,Nephrotoma,Nephrotoma ferruginea,280,9/15/2017,HickoryBottoms,D,9/14/2017,154,Single
9152017HBD2,OTU641,GS,100,BOLD:AAB4894,Animalia,Arthropoda,Insecta,Hemiptera,Aphididae,Sitobion,Sitobion avenae,2,9/15/2017,HickoryBottoms,D,9/14/2017,154,Single
9152017HBD2,OTU706,GS,98.3,BOLD:ACV0077,Animalia,Arthropoda,Insecta,Hymenoptera,Perilampidae,Perilampus,NA,15,9/15/2017,HickoryBottoms,D,9/14/2017,154,Single
9152017HBD2,OTU756,GS,100,BOLD:ABY9006,Animalia,Arthropoda,Insecta,Hemiptera,Aphididae,Pemphigus,NA,3,9/15/2017,HickoryBottoms,D,9/14/2017,154,Single
9152017HBD2,OTU869,SS,0.52,BOLD:AAA4874,Animalia,Arthropoda,Insecta,Hymenoptera,NA,NA,NA,241,9/15/2017,HickoryBottoms,D,9/14/2017,154,Single
9152017HBD2,OTU976,GS,97.2,BOLD:AAA5872,Animalia,Arthropoda,Insecta,Lepidoptera,Gelechiidae,Chionodes,Chionodes mediofuscella,134,9/15/2017,HickoryBottoms,D,9/14/2017,154,Single
9152017HBD2,OTU982,GS,98.3,BOLD:AAP9050,Animalia,Arthropoda,Insecta,Diptera,Ceratopogonidae,NA,NA,77,9/15/2017,HickoryBottoms,D,9/14/2017,154,Single
9152017HBD2,OTU1055,GS,100,BOLD:AAG2646,Animalia,Arthropoda,Insecta,Diptera,Chironomidae,Procladius,NA,28,9/15/2017,HickoryBottoms,D,9/14/2017,154,Single
9152017HBD2,OTU1090,GS,97.2,BOLD:ABX3627,Animalia,Arthropoda,Insecta,Diptera,Limoniidae,NA,NA,20,9/15/2017,HickoryBottoms,D,9/14/2017,154,Single
9152017HBD2,OTU1097,GS,97.2,BOLD:AAN5451,Animalia,Arthropoda,Arachnida,Araneae,Araneidae,Eustala,NA,16,9/15/2017,HickoryBottoms,D,9/14/2017,154,Single
9152017HBD2,OTU1114,GS,100,BOLD:AAH2440,Animalia,Arthropoda,Insecta,Lepidoptera,Gracillariidae,Marmara,NA,37,9/15/2017,HickoryBottoms,D,9/14/2017,154,Single
9152017HBD2,OTU1168,GS,100,BOLD:AAP5092,Animalia,Arthropoda,Insecta,Diptera,NA,NA,NA,25,9/15/2017,HickoryBottoms,D,9/14/2017,154,Single
9152017HBD2,OTU1292,GS,97.8,BOLD:AAN5882,Animalia,Arthropoda,Insecta,Diptera,Limoniidae,Erioptera,Erioptera caliptera,12,9/15/2017,HickoryBottoms,D,9/14/2017,154,Single
9152017HBD2,OTU1317,SS,0.01,BOLD:AAN5451,Animalia,Arthropoda,Arachnida,Araneae,Araneidae,Eustala,NA,2,9/15/2017,HickoryBottoms,D,9/14/2017,154,Single
9152017HBD2,OTU1345,GS,100,BOLD:AAL7329,Animalia,Arthropoda,Insecta,Diptera,Chironomidae,Dicrotendipes,Dicrotendipes modestus,2,9/15/2017,HickoryBottoms,D,9/14/2017,154,Single
9152017HBD2,OTU1416,GS,100,BOLD:AAC2657,Animalia,Arthropoda,Insecta,Lepidoptera,Coleophoridae,Coleophora,Coleophora salinoidella,7,9/15/2017,HickoryBottoms,D,9/14/2017,154,Single
9152017HBD2,OTU1480,US,0.9249,BOLD:AAN5882,Animalia,Arthropoda,Insecta,Diptera,NA,NA,NA,8,9/15/2017,HickoryBottoms,D,9/14/2017,154,Single
9152017HBD2,OTU1524,SS,0.4,BOLD:AAB4070,Animalia,Arthropoda,Insecta,Lepidoptera,NA,NA,NA,449,9/15/2017,HickoryBottoms,D,9/14/2017,154,Single
9152017HBD2,OTU1534,GS,100,BOLD:AAH9588,Animalia,Arthropoda,Insecta,Hemiptera,Aphididae,Shivaphis,Shivaphis celti,1,9/15/2017,HickoryBottoms,D,9/14/2017,154,Single
9152017HBD2,OTU1554,SS,0.92,BOLD:AAP2734,Animalia,Arthropoda,Insecta,Diptera,Limoniidae,Erioptera,Erioptera parva,65,9/15/2017,HickoryBottoms,D,9/14/2017,154,Single
9152017HBD2,OTU1675,SS,0.76,BOLD:AAN8153,Animalia,Arthropoda,Insecta,Hymenoptera,NA,NA,NA,27,9/15/2017,HickoryBottoms,D,9/14/2017,154,Single
9152017HBD2,OTU1736,SS,0.78,BOLD:ACI9955,Animalia,Arthropoda,Insecta,Hymenoptera,NA,NA,NA,18,9/15/2017,HickoryBottoms,D,9/14/2017,154,Single
9152017HBD2,OTU1845,SS,0.53,BOLD:AAB4070,Animalia,Arthropoda,Insecta,Lepidoptera,NA,NA,NA,129,9/15/2017,HickoryBottoms,D,9/14/2017,154,Single
9152017HBD2,OTU1850,SS,0.73,BOLD:AAC6739,Animalia,Arthropoda,Insecta,Lepidoptera,Coleophoridae,Coleophora,NA,51,9/15/2017,HickoryBottoms,D,9/14/2017,154,Single
9152017HBD3,OTU4,GS,100,BOLD:AAN5882,Animalia,Arthropoda,Insecta,Diptera,Limoniidae,Erioptera,Erioptera caliptera,30789,9/15/2017,HickoryBottoms,D,9/14/2017,154,Single
9152017HBD3,OTU5,GS,99.4,BOLD:AAN5451,Animalia,Arthropoda,Arachnida,Araneae,Araneidae,Eustala,NA,1927,9/15/2017,HickoryBottoms,D,9/14/2017,154,Single
9152017HBD3,OTU28,GS,100,BOLD:AAM6784,Animalia,Arthropoda,Insecta,Diptera,Dolichopodidae,NA,NA,274,9/15/2017,HickoryBottoms,D,9/14/2017,154,Single
9152017HBD3,OTU712,US,1,None,Animalia,Arthropoda,Insecta,Hymenoptera,NA,NA,NA,17,9/15/2017,HickoryBottoms,D,9/14/2017,154,Single
9152017HBD3,OTU1097,GS,97.2,BOLD:AAN5451,Animalia,Arthropoda,Arachnida,Araneae,Araneidae,Eustala,NA,34,9/15/2017,HickoryBottoms,D,9/14/2017,154,Single
9152017HBD3,OTU1317,SS,0.01,BOLD:AAN5451,Animalia,Arthropoda,Arachnida,Araneae,Araneidae,Eustala,NA,134,9/15/2017,HickoryBottoms,D,9/14/2017,154,Single
9152017HBD3,OTU1683,SS,0.84,BOLD:AAF4632,Animalia,Arthropoda,Insecta,Diptera,Limoniidae,Epiphragma,Epiphragma solatrix,22,9/15/2017,HickoryBottoms,D,9/14/2017,154,Single
9152017HBD4,OTU11,GS,99.4,BOLD:AAG3848,Animalia,Arthropoda,Insecta,Diptera,Culicidae,Culex,Culex erraticus,303,9/15/2017,HickoryBottoms,D,9/14/2017,154,Single
9152017HBD4,OTU22,GS,100,BOLD:ABA8054,Animalia,Arthropoda,Insecta,Hymenoptera,Braconidae,NA,NA,4080,9/15/2017,HickoryBottoms,D,9/14/2017,154,Single
9152017HBD4,OTU41,GS,100,BOLD:AAA3993,Animalia,Arthropoda,Insecta,Lepidoptera,Coleophoridae,Coleophora,Coleophora duplicis group,31282,9/15/2017,HickoryBottoms,D,9/14/2017,154,Single
9152017HBD4,OTU71,GSL,100,BOLD:AAA7661,Animalia,Arthropoda,Insecta,Diptera,Culicidae,NA,NA,69,9/15/2017,HickoryBottoms,D,9/14/2017,154,Single
9152017HBD4,OTU89,GS,98.3,BOLD:ABW2415,Animalia,Arthropoda,Insecta,Diptera,Tipulidae,Nephrotoma,Nephrotoma okefenoke,48,9/15/2017,HickoryBottoms,D,9/14/2017,154,Single
9152017HBD4,OTU121,US,0.9936,BOLD:AAN9897,Animalia,Arthropoda,Insecta,Lepidoptera,NA,NA,NA,171,9/15/2017,HickoryBottoms,D,9/14/2017,154,Single
9152017HBD4,OTU149,GS,99.4,BOLD:AAH4942,Animalia,Arthropoda,Insecta,Lepidoptera,Gelechiidae,Dichomeris,NA,55,9/15/2017,HickoryBottoms,D,9/14/2017,154,Single
9152017HBD4,OTU150,GS,100,BOLD:AAA7272,Animalia,Arthropoda,Arachnida,Araneae,Dictynidae,Emblyna,Emblyna sublata,38,9/15/2017,HickoryBottoms,D,9/14/2017,154,Single
9152017HBD4,OTU197,GS,100,BOLD:AAN6380,Animalia,Arthropoda,Arachnida,Araneae,Araneidae,Neoscona,NA,17,9/15/2017,HickoryBottoms,D,9/14/2017,154,Single
9152017HBD4,OTU259,US,0.9963,BOLD:AAL6280,Animalia,Arthropoda,Arachnida,Araneae,NA,NA,NA,4,9/15/2017,HickoryBottoms,D,9/14/2017,154,Single
9152017HBD4,OTU408,GS,100,BOLD:AAA2955,Animalia,Arthropoda,Insecta,Lepidoptera,Tortricidae,Argyrotaenia,Argyrotaenia ljungiana,8,9/15/2017,HickoryBottoms,D,9/14/2017,154,Single
9152017HBD4,OTU411,GS,100,BOLD:AAC8166,Animalia,Arthropoda,Insecta,Lepidoptera,NA,NA,NA,25,9/15/2017,HickoryBottoms,D,9/14/2017,154,Single
9152017HBD4,OTU428,US,0,None,Animalia,Arthropoda,Arachnida,Mesostigmata,NA,NA,NA,12,9/15/2017,HickoryBottoms,D,9/14/2017,154,Single
9152017HBD4,OTU441,SS,0.29,BOLD:ABA8054,Animalia,Arthropoda,Insecta,Hymenoptera,NA,NA,NA,16,9/15/2017,HickoryBottoms,D,9/14/2017,154,Single
9152017HBD4,OTU487,GS,100,BOLD:AAJ9298,Animalia,Arthropoda,Insecta,Lepidoptera,Geometridae,Melanolophia,Melanolophia signataria,6,9/15/2017,HickoryBottoms,D,9/14/2017,154,Single
9152017HBD4,OTU562,GS,100,BOLD:AAF8473,Animalia,Arthropoda,Insecta,Coleoptera,Chrysomelidae,Diabrotica,Diabrotica undecimpunctata,2,9/15/2017,HickoryBottoms,D,9/14/2017,154,Single
9152017HBD4,OTU583,GS,100,BOLD:AAA4884,Animalia,Arthropoda,Insecta,Lepidoptera,Geometridae,Macaria,Macaria aemulataria,9,9/15/2017,HickoryBottoms,D,9/14/2017,154,Single
9152017HBD4,OTU604,GS,100,BOLD:AAA8109,Animalia,Arthropoda,Insecta,Lepidoptera,Gelechiidae,Dichomeris,Dichomeris ligulella,21,9/15/2017,HickoryBottoms,D,9/14/2017,154,Single
9152017HBD4,OTU635,GS,97.2,BOLD:AAN5882,Animalia,Arthropoda,Insecta,Diptera,Limoniidae,Erioptera,Erioptera caliptera,20,9/15/2017,HickoryBottoms,D,9/14/2017,154,Single
9152017HBD4,OTU652,US,0.2259,BOLD:ACR5415,Animalia,Arthropoda,Insecta,Coleoptera,NA,NA,NA,1,9/15/2017,HickoryBottoms,D,9/14/2017,154,Single
9152017HBD4,OTU685,SS,0.6,BOLD:ACR2991,Animalia,Arthropoda,Insecta,NA,NA,NA,NA,35,9/15/2017,HickoryBottoms,D,9/14/2017,154,Single
9152017HBD4,OTU686,US,0.9919,BOLD:ACT2785,Animalia,Arthropoda,Insecta,Hymenoptera,NA,NA,NA,9,9/15/2017,HickoryBottoms,D,9/14/2017,154,Single
9152017HBD4,OTU688,GS,97.8,BOLD:ACC0381,Animalia,Arthropoda,Insecta,Hemiptera,Miridae,Tropidosteptes,NA,23,9/15/2017,HickoryBottoms,D,9/14/2017,154,Single
9152017HBD4,OTU778,GS,100,BOLD:AAB5798,Animalia,Arthropoda,Insecta,Lepidoptera,Erebidae,Isogona,Isogona tenuis,77,9/15/2017,HickoryBottoms,D,9/14/2017,154,Single
9152017HBD4,OTU895,GS,100,BOLD:AAA4222,Animalia,Arthropoda,Insecta,Lepidoptera,Erebidae,Hypena,Hypena scabra,5,9/15/2017,HickoryBottoms,D,9/14/2017,154,Single
9152017HBD4,OTU901,GS,99.4,BOLD:AAL7699,Animalia,Arthropoda,Insecta,Hemiptera,Cicadellidae,Osbornellus,NA,7,9/15/2017,HickoryBottoms,D,9/14/2017,154,Single
9152017HBD4,OTU902,US,0,None,Animalia,Arthropoda,Insecta,Hymenoptera,NA,NA,NA,1,9/15/2017,HickoryBottoms,D,9/14/2017,154,Single
9152017HBD4,OTU911,SS,0.56,BOLD:ABA8054,Animalia,Arthropoda,Insecta,Hymenoptera,NA,NA,NA,7,9/15/2017,HickoryBottoms,D,9/14/2017,154,Single
9152017HBD4,OTU929,GS,100,BOLD:AAA5051,Animalia,Arthropoda,Insecta,Lepidoptera,Crambidae,Desmia,Desmia funeralis,11,9/15/2017,HickoryBottoms,D,9/14/2017,154,Single
9152017HBD4,OTU1335,US,0.2061,BOLD:ACK3774,Animalia,Arthropoda,Arachnida,Araneae,NA,NA,NA,2,9/15/2017,HickoryBottoms,D,9/14/2017,154,Single
9152017HBD4,OTU1502,GS,100,BOLD:AAA7880,Animalia,Arthropoda,Insecta,Lepidoptera,Crambidae,Nomophila,Nomophila noctuella,1,9/15/2017,HickoryBottoms,D,9/14/2017,154,Single
9152017HBD4,OTU1546,GS,100,BOLD:AAD9108,Animalia,Arthropoda,Insecta,Lepidoptera,Epipyropidae,Fulgoraecia,Fulgoraecia exigua,15,9/15/2017,HickoryBottoms,D,9/14/2017,154,Single
9152017HBD4,OTU1663,GS,100,BOLD:AAF9052,Animalia,Arthropoda,Insecta,Diptera,Tipulidae,Tipula,Tipula coloradensis,1,9/15/2017,HickoryBottoms,D,9/14/2017,154,Single
9152017HBD4,OTU1684,GS,97.8,BOLD:AAH7094,Animalia,Arthropoda,Insecta,Neuroptera,Chrysopidae,Ceraeochrysa,Ceraeochrysa lineaticornis,6,9/15/2017,HickoryBottoms,D,9/14/2017,154,Single
9152017HBD4,OTU1720,GS,100,BOLD:AAG5272,Animalia,Arthropoda,Insecta,Lepidoptera,Gelechiidae,Chionodes,NA,38,9/15/2017,HickoryBottoms,D,9/14/2017,154,Single
9152017HBD5,OTU2,GS,100,BOLD:AAH3225,Animalia,Arthropoda,Insecta,Psocodea,Psocidae,Metylophorus,Metylophorus novaescotiae,16126,9/15/2017,HickoryBottoms,D,9/14/2017,154,Single
9152017HBD5,OTU28,GS,100,BOLD:AAM6784,Animalia,Arthropoda,Insecta,Diptera,Dolichopodidae,NA,NA,1167,9/15/2017,HickoryBottoms,D,9/14/2017,154,Single
9152017HBD5,OTU71,GSL,100,BOLD:AAA7661,Animalia,Arthropoda,Insecta,Diptera,Culicidae,NA,NA,589,9/15/2017,HickoryBottoms,D,9/14/2017,154,Single
9152017HBD5,OTU73,GS,100,BOLD:AAD6926,Animalia,Arthropoda,Arachnida,Araneae,Anyphaenidae,Anyphaena,Anyphaena pectorosa,585,9/15/2017,HickoryBottoms,D,9/14/2017,154,Single
9152017HBD5,OTU101,US,0.2887,None,Animalia,Arthropoda,Insecta,Hemiptera,NA,NA,NA,9127,9/15/2017,HickoryBottoms,D,9/14/2017,154,Single
9152017HBD5,OTU147,GS,100,BOLD:AAA4056,Animalia,Arthropoda,Insecta,Lepidoptera,Geometridae,Hypagyrtis,Hypagyrtis piniata,2011,9/15/2017,HickoryBottoms,D,9/14/2017,154,Single
9152017HBD5,OTU253,GS,100,BOLD:AAN6384,Animalia,Arthropoda,Arachnida,Araneae,Pisauridae,Dolomedes,Dolomedes scriptus,1742,9/15/2017,HickoryBottoms,D,9/14/2017,154,Single
9152017HBD5,OTU356,GS,100,BOLD:ACF3118,Animalia,Arthropoda,Insecta,Lepidoptera,NA,NA,NA,1315,9/15/2017,HickoryBottoms,D,9/14/2017,154,Single
9152017HBD5,OTU369,SS,0.79,BOLD:ACS7984,Animalia,Arthropoda,Insecta,Hemiptera,NA,NA,NA,614,9/15/2017,HickoryBottoms,D,9/14/2017,154,Single
9152017HBD5,OTU443,US,0.4,None,Animalia,Arthropoda,Insecta,Hymenoptera,NA,NA,NA,849,9/15/2017,HickoryBottoms,D,9/14/2017,154,Single
9152017HBD5,OTU494,GS,99.4,BOLD:AAH3231,Animalia,Arthropoda,Insecta,Psocodea,Psocidae,NA,NA,2,9/15/2017,HickoryBottoms,D,9/14/2017,154,Single
9152017HBD5,OTU550,SS,0.63,BOLD:AAZ2096,Animalia,Arthropoda,Insecta,Hemiptera,NA,NA,NA,349,9/15/2017,HickoryBottoms,D,9/14/2017,154,Single
9152017HBD5,OTU1172,SS,0.83,BOLD:AAD6926,Animalia,Arthropoda,Arachnida,Araneae,Anyphaenidae,Anyphaena,Anyphaena pectorosa,4,9/15/2017,HickoryBottoms,D,9/14/2017,154,Single
9152017HBD6,OTU2,GS,100,BOLD:AAH3225,Animalia,Arthropoda,Insecta,Psocodea,Psocidae,Metylophorus,Metylophorus novaescotiae,243,9/15/2017,HickoryBottoms,D,9/14/2017,154,Single
9152017HBD6,OTU3,GS,100,BOLD:AAP2734,Animalia,Arthropoda,Insecta,Diptera,Limoniidae,Erioptera,Erioptera parva,20002,9/15/2017,HickoryBottoms,D,9/14/2017,154,Single
9152017HBD6,OTU4,GS,100,BOLD:AAN5882,Animalia,Arthropoda,Insecta,Diptera,Limoniidae,Erioptera,Erioptera caliptera,395,9/15/2017,HickoryBottoms,D,9/14/2017,154,Single
9152017HBD6,OTU5,GS,99.4,BOLD:AAN5451,Animalia,Arthropoda,Arachnida,Araneae,Araneidae,Eustala,NA,234,9/15/2017,HickoryBottoms,D,9/14/2017,154,Single
9152017HBD6,OTU11,GS,99.4,BOLD:AAG3848,Animalia,Arthropoda,Insecta,Diptera,Culicidae,Culex,Culex erraticus,490,9/15/2017,HickoryBottoms,D,9/14/2017,154,Single
9152017HBD6,OTU52,GS,100,BOLD:AAG4399,Animalia,Arthropoda,Insecta,Hemiptera,Flatidae,Metcalfa,Metcalfa pruinosa,470,9/15/2017,HickoryBottoms,D,9/14/2017,154,Single
9152017HBD6,OTU67,GS,100,BOLD:AAO3948,Animalia,Arthropoda,Insecta,Diptera,Tipulidae,Nephrotoma,Nephrotoma macrocera,166,9/15/2017,HickoryBottoms,D,9/14/2017,154,Single
9152017HBD6,OTU76,US,1,BOLD:ACY1454,Animalia,Arthropoda,Insecta,Hemiptera,NA,NA,NA,54,9/15/2017,HickoryBottoms,D,9/14/2017,154,Single
9152017HBD6,OTU89,GS,98.3,BOLD:ABW2415,Animalia,Arthropoda,Insecta,Diptera,Tipulidae,Nephrotoma,Nephrotoma okefenoke,387,9/15/2017,HickoryBottoms,D,9/14/2017,154,Single
9152017HBD6,OTU123,GS,99.4,BOLD:AAM8787,Animalia,Arthropoda,Insecta,Lepidoptera,Gelechiidae,Dichomeris,Dichomeris laetitia,1368,9/15/2017,HickoryBottoms,D,9/14/2017,154,Single
9152017HBD6,OTU153,GS,100,BOLD:AAN8186,Animalia,Arthropoda,Insecta,Hymenoptera,NA,NA,NA,1947,9/15/2017,HickoryBottoms,D,9/14/2017,154,Single
9152017HBD6,OTU158,GS,100,BOLD:AAH3230,Animalia,Arthropoda,Insecta,Psocodea,Psocidae,NA,NA,147,9/15/2017,HickoryBottoms,D,9/14/2017,154,Single
9152017HBD6,OTU180,GS,100,BOLD:AAM8933,Animalia,Arthropoda,Insecta,Psocodea,Amphipsocidae,Polypsocus,Polypsocus corruptus,23,9/15/2017,HickoryBottoms,D,9/14/2017,154,Single
9152017HBD6,OTU193,GS,98.9,BOLD:AAI4436,Animalia,Arthropoda,Insecta,Lepidoptera,Gelechiidae,Aristotelia,NA,173,9/15/2017,HickoryBottoms,D,9/14/2017,154,Single
9152017HBD6,OTU270,GS,100,BOLD:AAB6541,Animalia,Arthropoda,Insecta,Lepidoptera,Gelechiidae,Coleotechnites,Coleotechnites florae,121,9/15/2017,HickoryBottoms,D,9/14/2017,154,Single
9152017HBD6,OTU300,GS,100,BOLD:AAA8310,Animalia,Arthropoda,Insecta,Lepidoptera,Crambidae,Anageshna,Anageshna primordialis,478,9/15/2017,HickoryBottoms,D,9/14/2017,154,Single
9152017HBD6,OTU396,SS,0.98,BOLD:AAP2734,Animalia,Arthropoda,Insecta,Diptera,Limoniidae,Erioptera,Erioptera parva,46,9/15/2017,HickoryBottoms,D,9/14/2017,154,Single
9152017HBD6,OTU438,GS,100,BOLD:AAE4977,Animalia,Arthropoda,Insecta,Lepidoptera,Tineidae,Homosetia,Homosetia costisignella,794,9/15/2017,HickoryBottoms,D,9/14/2017,154,Single
9152017HBD6,OTU464,GS,99.4,BOLD:AAA8103,Animalia,Arthropoda,Insecta,Lepidoptera,Depressariidae,Antaeotricha,Antaeotricha leucillana,10,9/15/2017,HickoryBottoms,D,9/14/2017,154,Single
9152017HBD6,OTU480,GS,100,BOLD:AAP2997,Animalia,Arthropoda,Insecta,Diptera,Chironomidae,NA,NA,8,9/15/2017,HickoryBottoms,D,9/14/2017,154,Single
9152017HBD6,OTU513,SS,0.71,BOLD:ABY8891,Animalia,Arthropoda,Insecta,Diptera,NA,NA,NA,145,9/15/2017,HickoryBottoms,D,9/14/2017,154,Single
9152017HBD6,OTU567,GS,98.9,BOLD:ACX6016,Animalia,Arthropoda,Arachnida,Araneae,Uloboridae,Hyptiotes,Hyptiotes cavatus,746,9/15/2017,HickoryBottoms,D,9/14/2017,154,Single
9152017HBD6,OTU641,GS,100,BOLD:AAB4894,Animalia,Arthropoda,Insecta,Hemiptera,Aphididae,Sitobion,Sitobion avenae,38,9/15/2017,HickoryBottoms,D,9/14/2017,154,Single
9152017HBD6,OTU737,GS,100,BOLD:AAG3822,Animalia,Arthropoda,Arachnida,Araneae,Anyphaenidae,Anyphaena,NA,146,9/15/2017,HickoryBottoms,D,9/14/2017,154,Single
9152017HBD6,OTU757,GS,100,BOLD:ABA3960,Animalia,Arthropoda,Insecta,Coleoptera,Chrysomelidae,Paria,Paria fragariae,131,9/15/2017,HickoryBottoms,D,9/14/2017,154,Single
9152017HBD6,OTU1209,GS,97.8,BOLD:ACE5111,Animalia,Arthropoda,Insecta,Lepidoptera,Depressariidae,Antaeotricha,Antaeotricha leucillana,163,9/15/2017,HickoryBottoms,D,9/14/2017,154,Single
9152017HBD6,OTU1292,GS,97.8,BOLD:AAN5882,Animalia,Arthropoda,Insecta,Diptera,Limoniidae,Erioptera,Erioptera caliptera,13,9/15/2017,HickoryBottoms,D,9/14/2017,154,Single
9152017HBD6,OTU1317,SS,0.01,BOLD:AAN5451,Animalia,Arthropoda,Arachnida,Araneae,Araneidae,Eustala,NA,5,9/15/2017,HickoryBottoms,D,9/14/2017,154,Single
9152017HBD6,OTU1480,US,0.9249,BOLD:AAN5882,Animalia,Arthropoda,Insecta,Diptera,NA,NA,NA,13,9/15/2017,HickoryBottoms,D,9/14/2017,154,Single
9152017HBD6,OTU1554,SS,0.92,BOLD:AAP2734,Animalia,Arthropoda,Insecta,Diptera,Limoniidae,Erioptera,Erioptera parva,15,9/15/2017,HickoryBottoms,D,9/14/2017,154,Single
9152017HBD6,OTU1896,US,0.9201,BOLD:AAA0693,Animalia,Arthropoda,Insecta,Lepidoptera,NA,NA,NA,18,9/15/2017,HickoryBottoms,D,9/14/2017,154,Single
9152017HBD7,OTU2,GS,100,BOLD:AAH3225,Animalia,Arthropoda,Insecta,Psocodea,Psocidae,Metylophorus,Metylophorus novaescotiae,4815,9/15/2017,HickoryBottoms,D,9/14/2017,154,Single
9152017HBD7,OTU3,GS,100,BOLD:AAP2734,Animalia,Arthropoda,Insecta,Diptera,Limoniidae,Erioptera,Erioptera parva,76242,9/15/2017,HickoryBottoms,D,9/14/2017,154,Single
9152017HBD7,OTU5,GS,99.4,BOLD:AAN5451,Animalia,Arthropoda,Arachnida,Araneae,Araneidae,Eustala,NA,6211,9/15/2017,HickoryBottoms,D,9/14/2017,154,Single
9152017HBD7,OTU13,GS,100,BOLD:ABV1771,Animalia,Arthropoda,Insecta,Diptera,Limoniidae,NA,NA,389,9/15/2017,HickoryBottoms,D,9/14/2017,154,Single
9152017HBD7,OTU46,GS,100,BOLD:AAP2735,Animalia,Arthropoda,Insecta,Diptera,Limoniidae,NA,NA,184,9/15/2017,HickoryBottoms,D,9/14/2017,154,Single
9152017HBD7,OTU129,GS,100,BOLD:AAG2647,Animalia,Arthropoda,Insecta,Diptera,Chaoboridae,Chaoborus,Chaoborus punctipennis,39,9/15/2017,HickoryBottoms,D,9/14/2017,154,Single
9152017HBD7,OTU158,GS,100,BOLD:AAH3230,Animalia,Arthropoda,Insecta,Psocodea,Psocidae,NA,NA,2154,9/15/2017,HickoryBottoms,D,9/14/2017,154,Single
9152017HBD7,OTU161,GS,100,BOLD:AAA8840,Animalia,Arthropoda,Insecta,Lepidoptera,Tortricidae,Pandemis,Pandemis lamprosana,3435,9/15/2017,HickoryBottoms,D,9/14/2017,154,Single
9152017HBD7,OTU177,US,0.9934,BOLD:ACS7571,Animalia,Arthropoda,Insecta,Coleoptera,NA,NA,NA,3786,9/15/2017,HickoryBottoms,D,9/14/2017,154,Single
9152017HBD7,OTU322,GS,100,BOLD:AAC2499,Animalia,Arthropoda,Insecta,Diptera,Drosophilidae,Drosophila,Drosophila suzukii,413,9/15/2017,HickoryBottoms,D,9/14/2017,154,Single
9152017HBD7,OTU396,SS,0.98,BOLD:AAP2734,Animalia,Arthropoda,Insecta,Diptera,Limoniidae,Erioptera,Erioptera parva,90,9/15/2017,HickoryBottoms,D,9/14/2017,154,Single
9152017HBD7,OTU480,GS,100,BOLD:AAP2997,Animalia,Arthropoda,Insecta,Diptera,Chironomidae,NA,NA,28,9/15/2017,HickoryBottoms,D,9/14/2017,154,Single
9152017HBD7,OTU482,GS,97.8,BOLD:AAA4751,Animalia,Arthropoda,Insecta,Diptera,Culicidae,Culex,Culex quinquefasciatus,892,9/15/2017,HickoryBottoms,D,9/14/2017,154,Single
9152017HBD7,OTU494,GS,99.4,BOLD:AAH3231,Animalia,Arthropoda,Insecta,Psocodea,Psocidae,NA,NA,107,9/15/2017,HickoryBottoms,D,9/14/2017,154,Single
9152017HBD7,OTU649,GS,99.4,BOLD:ACB4833,Animalia,Arthropoda,Insecta,Diptera,Cecidomyiidae,NA,NA,302,9/15/2017,HickoryBottoms,D,9/14/2017,154,Single
9152017HBD7,OTU1097,GS,97.2,BOLD:AAN5451,Animalia,Arthropoda,Arachnida,Araneae,Araneidae,Eustala,NA,80,9/15/2017,HickoryBottoms,D,9/14/2017,154,Single
9152017HBD7,OTU1292,GS,97.8,BOLD:AAN5882,Animalia,Arthropoda,Insecta,Diptera,Limoniidae,Erioptera,Erioptera caliptera,18,9/15/2017,HickoryBottoms,D,9/14/2017,154,Single
9152017HBD7,OTU1317,SS,0.01,BOLD:AAN5451,Animalia,Arthropoda,Arachnida,Araneae,Araneidae,Eustala,NA,110,9/15/2017,HickoryBottoms,D,9/14/2017,154,Single
9152017HBD7,OTU1480,US,0.9249,BOLD:AAN5882,Animalia,Arthropoda,Insecta,Diptera,NA,NA,NA,14,9/15/2017,HickoryBottoms,D,9/14/2017,154,Single
9152017HBD7,OTU1554,SS,0.92,BOLD:AAP2734,Animalia,Arthropoda,Insecta,Diptera,Limoniidae,Erioptera,Erioptera parva,9,9/15/2017,HickoryBottoms,D,9/14/2017,154,Single
9152017HBD7,OTU1661,SS,0.25,BOLD:AAG4950,Animalia,Arthropoda,Insecta,Diptera,NA,NA,NA,30,9/15/2017,HickoryBottoms,D,9/14/2017,154,Single
9152017HBD8,OTU1,US,0.0026,BOLD:AAD6798,Animalia,Arthropoda,Insecta,Diptera,NA,NA,NA,882,9/15/2017,HickoryBottoms,D,9/14/2017,154,Single
9152017HBD8,OTU5,GS,99.4,BOLD:AAN5451,Animalia,Arthropoda,Arachnida,Araneae,Araneidae,Eustala,NA,9101,9/15/2017,HickoryBottoms,D,9/14/2017,154,Single
9152017HBD8,OTU15,GS,100,BOLD:ABZ0908,Animalia,Arthropoda,Insecta,Diptera,Tipulidae,Nephrotoma,Nephrotoma ferruginea,340,9/15/2017,HickoryBottoms,D,9/14/2017,154,Single
9152017HBD8,OTU16,GS,100,BOLD:AAA7067,Animalia,Arthropoda,Insecta,Diptera,Culicidae,Aedes,Aedes vexans,945,9/15/2017,HickoryBottoms,D,9/14/2017,154,Single
9152017HBD8,OTU22,GS,100,BOLD:ABA8054,Animalia,Arthropoda,Insecta,Hymenoptera,Braconidae,NA,NA,603,9/15/2017,HickoryBottoms,D,9/14/2017,154,Single
9152017HBD8,OTU28,GS,100,BOLD:AAM6784,Animalia,Arthropoda,Insecta,Diptera,Dolichopodidae,NA,NA,333,9/15/2017,HickoryBottoms,D,9/14/2017,154,Single
9152017HBD8,OTU52,GS,100,BOLD:AAG4399,Animalia,Arthropoda,Insecta,Hemiptera,Flatidae,Metcalfa,Metcalfa pruinosa,342,9/15/2017,HickoryBottoms,D,9/14/2017,154,Single
9152017HBD8,OTU110,GS,99.4,BOLD:AAJ0542,Animalia,Arthropoda,Arachnida,Araneae,Theridiidae,Euryopis,Euryopis funebris,163,9/15/2017,HickoryBottoms,D,9/14/2017,154,Single
9152017HBD8,OTU121,US,0.9936,BOLD:AAN9897,Animalia,Arthropoda,Insecta,Lepidoptera,NA,NA,NA,6027,9/15/2017,HickoryBottoms,D,9/14/2017,154,Single
9152017HBD8,OTU123,GS,99.4,BOLD:AAM8787,Animalia,Arthropoda,Insecta,Lepidoptera,Gelechiidae,Dichomeris,Dichomeris laetitia,95,9/15/2017,HickoryBottoms,D,9/14/2017,154,Single
9152017HBD8,OTU132,US,1,None,Animalia,Arthropoda,Hexanauplia,Harpacticoida,NA,NA,NA,58,9/15/2017,HickoryBottoms,D,9/14/2017,154,Single
9152017HBD8,OTU141,GS,100,BOLD:ABX6186,Animalia,Arthropoda,Insecta,Diptera,Tipulidae,Nephrotoma,Nephrotoma ferruginea,306,9/15/2017,HickoryBottoms,D,9/14/2017,154,Single
9152017HBD8,OTU158,GS,100,BOLD:AAH3230,Animalia,Arthropoda,Insecta,Psocodea,Psocidae,NA,NA,39,9/15/2017,HickoryBottoms,D,9/14/2017,154,Single
9152017HBD8,OTU202,US,0.9967,BOLD:ACF8271,Animalia,Arthropoda,Insecta,Hymenoptera,NA,NA,NA,123,9/15/2017,HickoryBottoms,D,9/14/2017,154,Single
9152017HBD8,OTU260,US,1,None,Animalia,Arthropoda,Insecta,Diptera,NA,NA,NA,1320,9/15/2017,HickoryBottoms,D,9/14/2017,154,Single
9152017HBD8,OTU271,GS,98.9,BOLD:ABX3627,Animalia,Arthropoda,Insecta,Diptera,Limoniidae,NA,NA,345,9/15/2017,HickoryBottoms,D,9/14/2017,154,Single
9152017HBD8,OTU279,US,0.9881,BOLD:AAL9881,Animalia,Arthropoda,Arachnida,Araneae,NA,NA,NA,60,9/15/2017,HickoryBottoms,D,9/14/2017,154,Single
9152017HBD8,OTU299,SS,0.18,BOLD:ACJ2126,Animalia,Arthropoda,Insecta,Diptera,NA,NA,NA,1628,9/15/2017,HickoryBottoms,D,9/14/2017,154,Single
9152017HBD8,OTU361,US,1,None,Animalia,Arthropoda,Arachnida,Araneae,NA,NA,NA,209,9/15/2017,HickoryBottoms,D,9/14/2017,154,Single
9152017HBD8,OTU392,US,1,None,Animalia,Arthropoda,Insecta,Diptera,NA,NA,NA,54,9/15/2017,HickoryBottoms,D,9/14/2017,154,Single
9152017HBD8,OTU428,US,0,None,Animalia,Arthropoda,Arachnida,Mesostigmata,NA,NA,NA,71,9/15/2017,HickoryBottoms,D,9/14/2017,154,Single
9152017HBD8,OTU441,SS,0.29,BOLD:ABA8054,Animalia,Arthropoda,Insecta,Hymenoptera,NA,NA,NA,72,9/15/2017,HickoryBottoms,D,9/14/2017,154,Single
9152017HBD8,OTU562,GS,100,BOLD:AAF8473,Animalia,Arthropoda,Insecta,Coleoptera,Chrysomelidae,Diabrotica,Diabrotica undecimpunctata,4,9/15/2017,HickoryBottoms,D,9/14/2017,154,Single
9152017HBD8,OTU652,US,0.2259,BOLD:ACR5415,Animalia,Arthropoda,Insecta,Coleoptera,NA,NA,NA,12,9/15/2017,HickoryBottoms,D,9/14/2017,154,Single
9152017HBD8,OTU665,GS,100,BOLD:AAW4535,Animalia,Arthropoda,Arachnida,Araneae,Araneidae,Araneus,Araneus marmoreus,11,9/15/2017,HickoryBottoms,D,9/14/2017,154,Single
9152017HBD8,OTU686,US,0.9919,BOLD:ACT2785,Animalia,Arthropoda,Insecta,Hymenoptera,NA,NA,NA,18,9/15/2017,HickoryBottoms,D,9/14/2017,154,Single
9152017HBD8,OTU845,GS,100,BOLD:ACA8954,Animalia,Arthropoda,Insecta,Hemiptera,Derbidae,Omolicna,Omolicna uhleri,94,9/15/2017,HickoryBottoms,D,9/14/2017,154,Single
9152017HBD8,OTU1090,GS,97.2,BOLD:ABX3627,Animalia,Arthropoda,Insecta,Diptera,Limoniidae,NA,NA,31,9/15/2017,HickoryBottoms,D,9/14/2017,154,Single
9152017HBD8,OTU1097,GS,97.2,BOLD:AAN5451,Animalia,Arthropoda,Arachnida,Araneae,Araneidae,Eustala,NA,91,9/15/2017,HickoryBottoms,D,9/14/2017,154,Single
9152017HBD8,OTU1158,GS,100,BOLD:AAA2291,Animalia,Arthropoda,Insecta,Diptera,Tachinidae,Chetogena,Chetogena scutellaris,74,9/15/2017,HickoryBottoms,D,9/14/2017,154,Single
9152017HBD8,OTU1286,GS,100,BOLD:ACM1751,Animalia,Arthropoda,Insecta,Coleoptera,Curculionidae,Corthylus,Corthylus columbianus,9,9/15/2017,HickoryBottoms,D,9/14/2017,154,Single
9152017HBD8,OTU1317,SS,0.01,BOLD:AAN5451,Animalia,Arthropoda,Arachnida,Araneae,Araneidae,Eustala,NA,6,9/15/2017,HickoryBottoms,D,9/14/2017,154,Single
9152017HBD9,OTU1,US,0.0026,BOLD:AAD6798,Animalia,Arthropoda,Insecta,Diptera,NA,NA,NA,568,9/15/2017,HickoryBottoms,D,9/14/2017,154,Single
9152017HBD9,OTU2,GS,100,BOLD:AAH3225,Animalia,Arthropoda,Insecta,Psocodea,Psocidae,Metylophorus,Metylophorus novaescotiae,2075,9/15/2017,HickoryBottoms,D,9/14/2017,154,Single
9152017HBD9,OTU5,GS,99.4,BOLD:AAN5451,Animalia,Arthropoda,Arachnida,Araneae,Araneidae,Eustala,NA,287,9/15/2017,HickoryBottoms,D,9/14/2017,154,Single
9152017HBD9,OTU14,GS,99.4,BOLD:AAO3940,Animalia,Arthropoda,Insecta,Diptera,Limoniidae,Rhipidia,NA,748,9/15/2017,HickoryBottoms,D,9/14/2017,154,Single
9152017HBD9,OTU16,GS,100,BOLD:AAA7067,Animalia,Arthropoda,Insecta,Diptera,Culicidae,Aedes,Aedes vexans,324,9/15/2017,HickoryBottoms,D,9/14/2017,154,Single
9152017HBD9,OTU52,GS,100,BOLD:AAG4399,Animalia,Arthropoda,Insecta,Hemiptera,Flatidae,Metcalfa,Metcalfa pruinosa,764,9/15/2017,HickoryBottoms,D,9/14/2017,154,Single
9152017HBD9,OTU55,GS,100,BOLD:AAF9006,Animalia,Arthropoda,Insecta,Diptera,NA,NA,NA,10123,9/15/2017,HickoryBottoms,D,9/14/2017,154,Single
9152017HBD9,OTU67,GS,100,BOLD:AAO3948,Animalia,Arthropoda,Insecta,Diptera,Tipulidae,Nephrotoma,Nephrotoma macrocera,2642,9/15/2017,HickoryBottoms,D,9/14/2017,154,Single
9152017HBD9,OTU78,US,1,BOLD:AAY8864,Animalia,Arthropoda,Insecta,Diptera,NA,NA,NA,588,9/15/2017,HickoryBottoms,D,9/14/2017,154,Single
9152017HBD9,OTU118,US,1,None,Animalia,Arthropoda,Arachnida,Mesostigmata,NA,NA,NA,508,9/15/2017,HickoryBottoms,D,9/14/2017,154,Single
9152017HBD9,OTU141,GS,100,BOLD:ABX6186,Animalia,Arthropoda,Insecta,Diptera,Tipulidae,Nephrotoma,Nephrotoma ferruginea,77,9/15/2017,HickoryBottoms,D,9/14/2017,154,Single
9152017HBD9,OTU146,GS,99.4,BOLD:ABV9238,Animalia,Arthropoda,Insecta,Diptera,Limoniidae,Gonomyia,NA,122,9/15/2017,HickoryBottoms,D,9/14/2017,154,Single
9152017HBD9,OTU365,GS,99.4,BOLD:AAU8554,Animalia,Arthropoda,Insecta,Hymenoptera,Ichneumonidae,NA,NA,139,9/15/2017,HickoryBottoms,D,9/14/2017,154,Single
9152017HBD9,OTU494,GS,99.4,BOLD:AAH3231,Animalia,Arthropoda,Insecta,Psocodea,Psocidae,NA,NA,102,9/15/2017,HickoryBottoms,D,9/14/2017,154,Single
9152017HBD9,OTU527,GS,100,BOLD:ABX0334,Animalia,Arthropoda,Insecta,Hemiptera,Miridae,Tropidosteptes,Tropidosteptes amoenus,160,9/15/2017,HickoryBottoms,D,9/14/2017,154,Single
9152017HBD9,OTU641,GS,100,BOLD:AAB4894,Animalia,Arthropoda,Insecta,Hemiptera,Aphididae,Sitobion,Sitobion avenae,19,9/15/2017,HickoryBottoms,D,9/14/2017,154,Single
9152017HBD9,OTU697,GS,100,BOLD:AAM7623,Animalia,Arthropoda,Insecta,Coleoptera,Phalacridae,Acylomus,NA,20,9/15/2017,HickoryBottoms,D,9/14/2017,154,Single
9152017HBD9,OTU1036,GS,100,BOLD:ACI3242,Animalia,Arthropoda,Insecta,Hymenoptera,Braconidae,Macrocentrus,NA,107,9/15/2017,HickoryBottoms,D,9/14/2017,154,Single
9152017HBD9,OTU1072,SS,0.54,BOLD:ABV9238,Animalia,Arthropoda,Insecta,Diptera,NA,NA,NA,21,9/15/2017,HickoryBottoms,D,9/14/2017,154,Single
9152017HBD9,OTU1151,US,0,None,Animalia,Arthropoda,Insecta,Diptera,NA,NA,NA,40,9/15/2017,HickoryBottoms,D,9/14/2017,154,Single
9152017HBD9,OTU1223,GS,97.8,BOLD:ABV9238,Animalia,Arthropoda,Insecta,Diptera,Limoniidae,Gonomyia,NA,19,9/15/2017,HickoryBottoms,D,9/14/2017,154,Single
9152017HBD9,OTU1265,SS,0.83,BOLD:AAF4632,Animalia,Arthropoda,Insecta,Diptera,Limoniidae,Epiphragma,Epiphragma solatrix,10,9/15/2017,HickoryBottoms,D,9/14/2017,154,Single
9152017HBD9,OTU1403,SS,0.36,BOLD:ACV0130,Animalia,Arthropoda,Insecta,Diptera,NA,NA,NA,3,9/15/2017,HickoryBottoms,D,9/14/2017,154,Single
9152017HBD9,OTU1434,GS,97.6,BOLD:AAA7067,Animalia,Arthropoda,Insecta,Diptera,Culicidae,Aedes,Aedes vexans,3,9/15/2017,HickoryBottoms,D,9/14/2017,154,Single
9152017HBD9,OTU1494,US,0.8732,BOLD:AAF4632,Animalia,Arthropoda,Insecta,Diptera,NA,NA,NA,1,9/15/2017,HickoryBottoms,D,9/14/2017,154,Single
9152017HBD9,OTU1513,GS,97.8,BOLD:ACL2801,Animalia,Arthropoda,Insecta,Diptera,Tipulidae,Nephrotoma,Nephrotoma macrocera,1,9/15/2017,HickoryBottoms,D,9/14/2017,154,Single
9152017HBD9,OTU1554,SS,0.92,BOLD:AAP2734,Animalia,Arthropoda,Insecta,Diptera,Limoniidae,Erioptera,Erioptera parva,8,9/15/2017,HickoryBottoms,D,9/14/2017,154,Single
9152017HBPoolA1,OTU3,GS,100,BOLD:AAP2734,Animalia,Arthropoda,Insecta,Diptera,Limoniidae,Erioptera,Erioptera parva,5093,9/15/2017,HickoryBottoms,A,9/14/2017,67,Pool
9152017HBPoolA1,OTU4,GS,100,BOLD:AAN5882,Animalia,Arthropoda,Insecta,Diptera,Limoniidae,Erioptera,Erioptera caliptera,1378,9/15/2017,HickoryBottoms,A,9/14/2017,67,Pool
9152017HBPoolA1,OTU15,GS,100,BOLD:ABZ0908,Animalia,Arthropoda,Insecta,Diptera,Tipulidae,Nephrotoma,Nephrotoma ferruginea,729,9/15/2017,HickoryBottoms,A,9/14/2017,67,Pool
9152017HBPoolA1,OTU39,US,0,BOLD:AAD1754,Animalia,Arthropoda,Insecta,Coleoptera,NA,NA,NA,13726,9/15/2017,HickoryBottoms,A,9/14/2017,67,Pool
9152017HBPoolA1,OTU46,GS,100,BOLD:AAP2735,Animalia,Arthropoda,Insecta,Diptera,Limoniidae,NA,NA,4178,9/15/2017,HickoryBottoms,A,9/14/2017,67,Pool
9152017HBPoolA1,OTU52,GS,100,BOLD:AAG4399,Animalia,Arthropoda,Insecta,Hemiptera,Flatidae,Metcalfa,Metcalfa pruinosa,507,9/15/2017,HickoryBottoms,A,9/14/2017,67,Pool
9152017HBPoolA1,OTU54,GS,99.4,BOLD:ABA5202,Animalia,Arthropoda,Insecta,Diptera,Limoniidae,Pseudolimnophila,Pseudolimnophila luteipennis,748,9/15/2017,HickoryBottoms,A,9/14/2017,67,Pool
9152017HBPoolA1,OTU55,GS,100,BOLD:AAF9006,Animalia,Arthropoda,Insecta,Diptera,NA,NA,NA,339,9/15/2017,HickoryBottoms,A,9/14/2017,67,Pool
9152017HBPoolA1,OTU67,GS,100,BOLD:AAO3948,Animalia,Arthropoda,Insecta,Diptera,Tipulidae,Nephrotoma,Nephrotoma macrocera,1019,9/15/2017,HickoryBottoms,A,9/14/2017,67,Pool
9152017HBPoolA1,OTU138,GS,100,BOLD:AAF9014,Animalia,Arthropoda,Insecta,Diptera,Limoniidae,Symplecta,Symplecta cana,1500,9/15/2017,HickoryBottoms,A,9/14/2017,67,Pool
9152017HBPoolA1,OTU165,US,0.9936,BOLD:ACF8271,Animalia,Arthropoda,Insecta,Diptera,NA,NA,NA,20,9/15/2017,HickoryBottoms,A,9/14/2017,67,Pool
9152017HBPoolA1,OTU202,US,0.9967,BOLD:ACF8271,Animalia,Arthropoda,Insecta,Hymenoptera,NA,NA,NA,47,9/15/2017,HickoryBottoms,A,9/14/2017,67,Pool
9152017HBPoolA1,OTU246,GS,100,BOLD:AAG8483,Animalia,Arthropoda,Insecta,Diptera,Chironomidae,Xenochironomus,Xenochironomus xenolabis,8,9/15/2017,HickoryBottoms,A,9/14/2017,67,Pool
9152017HBPoolA1,OTU252,GS,100,BOLD:AAC6739,Animalia,Arthropoda,Insecta,Lepidoptera,Coleophoridae,Coleophora,Coleophora borea,12,9/15/2017,HickoryBottoms,A,9/14/2017,67,Pool
9152017HBPoolA1,OTU254,GS,100,BOLD:AAG8977,Animalia,Arthropoda,Insecta,Hemiptera,Derbidae,Apache,Apache degeerii,198,9/15/2017,HickoryBottoms,A,9/14/2017,67,Pool
9152017HBPoolA1,OTU333,GS,100,BOLD:AAD7490,Animalia,Arthropoda,Insecta,Hymenoptera,Formicidae,Brachymyrmex,Brachymyrmex depilis,16,9/15/2017,HickoryBottoms,A,9/14/2017,67,Pool
9152017HBPoolA1,OTU374,US,0,BOLD:ACT8457,Animalia,Arthropoda,Insecta,Hymenoptera,NA,NA,NA,19,9/15/2017,HickoryBottoms,A,9/14/2017,67,Pool
9152017HBPoolA1,OTU394,GS,100,BOLD:AAC3054,Animalia,Arthropoda,Insecta,Coleoptera,Carabidae,Harpalus,Harpalus pensylvanicus,76,9/15/2017,HickoryBottoms,A,9/14/2017,67,Pool
9152017HBPoolA1,OTU396,SS,0.98,BOLD:AAP2734,Animalia,Arthropoda,Insecta,Diptera,Limoniidae,Erioptera,Erioptera parva,42,9/15/2017,HickoryBottoms,A,9/14/2017,67,Pool
9152017HBPoolA1,OTU521,GS,100,BOLD:ACL9252,Animalia,Arthropoda,Insecta,Coleoptera,Staphylinidae,Aleodorus,Aleodorus bilobatus,126,9/15/2017,HickoryBottoms,A,9/14/2017,67,Pool
9152017HBPoolA1,OTU524,GS,100,BOLD:AAD2126,Animalia,Arthropoda,Insecta,Lepidoptera,Psychidae,Thyridopteryx,Thyridopteryx ephemeraeformis,4,9/15/2017,HickoryBottoms,A,9/14/2017,67,Pool
9152017HBPoolA1,OTU580,GS,98.3,BOLD:ABZ0908,Animalia,Arthropoda,Insecta,Diptera,Tipulidae,Nephrotoma,Nephrotoma ferruginea,119,9/15/2017,HickoryBottoms,A,9/14/2017,67,Pool
9152017HBPoolA1,OTU635,GS,97.2,BOLD:AAN5882,Animalia,Arthropoda,Insecta,Diptera,Limoniidae,Erioptera,Erioptera caliptera,18,9/15/2017,HickoryBottoms,A,9/14/2017,67,Pool
9152017HBPoolA1,OTU688,GS,97.8,BOLD:ACC0381,Animalia,Arthropoda,Insecta,Hemiptera,Miridae,Tropidosteptes,NA,3,9/15/2017,HickoryBottoms,A,9/14/2017,67,Pool
9152017HBPoolA1,OTU771,US,0.2833,BOLD:ACN7840,Animalia,Arthropoda,Arachnida,Araneae,NA,NA,NA,1,9/15/2017,HickoryBottoms,A,9/14/2017,67,Pool
9152017HBPoolA1,OTU793,GS,98.9,BOLD:AAB8800,Animalia,Arthropoda,Insecta,Lepidoptera,Autostichidae,Gerdana,Gerdana caritella,8,9/15/2017,HickoryBottoms,A,9/14/2017,67,Pool
9152017HBPoolA1,OTU879,US,0.9925,BOLD:ACG9606,Animalia,Arthropoda,Insecta,Hymenoptera,NA,NA,NA,34,9/15/2017,HickoryBottoms,A,9/14/2017,67,Pool
9152017HBPoolA1,OTU895,GS,100,BOLD:AAA4222,Animalia,Arthropoda,Insecta,Lepidoptera,Erebidae,Hypena,Hypena scabra,2,9/15/2017,HickoryBottoms,A,9/14/2017,67,Pool
9152017HBPoolA1,OTU902,US,0,None,Animalia,Arthropoda,Insecta,Hymenoptera,NA,NA,NA,2,9/15/2017,HickoryBottoms,A,9/14/2017,67,Pool
9152017HBPoolA1,OTU938,GS,98.3,BOLD:AAP8181,Animalia,Arthropoda,Insecta,Orthoptera,NA,NA,NA,21,9/15/2017,HickoryBottoms,A,9/14/2017,67,Pool
9152017HBPoolA1,OTU1028,US,0.9881,BOLD:ACI4589,Animalia,Arthropoda,Insecta,Coleoptera,NA,NA,NA,4,9/15/2017,HickoryBottoms,A,9/14/2017,67,Pool
9152017HBPoolA1,OTU1066,US,0.9249,BOLD:AAH0147,Animalia,Arthropoda,Insecta,Coleoptera,NA,NA,NA,4,9/15/2017,HickoryBottoms,A,9/14/2017,67,Pool
9152017HBPoolA1,OTU1103,GS,99.4,BOLD:ABW4221,Animalia,Arthropoda,Insecta,Diptera,Chironomidae,NA,NA,2,9/15/2017,HickoryBottoms,A,9/14/2017,67,Pool
9152017HBPoolA1,OTU1107,US,0,BOLD:ACT8457,Animalia,Arthropoda,Insecta,Hymenoptera,NA,NA,NA,6,9/15/2017,HickoryBottoms,A,9/14/2017,67,Pool
9152017HBPoolA1,OTU1138,US,0,BOLD:ACF8271,Animalia,Arthropoda,Insecta,Hymenoptera,NA,NA,NA,14,9/15/2017,HickoryBottoms,A,9/14/2017,67,Pool
9152017HBPoolA1,OTU1222,US,0,BOLD:AAG4470,Animalia,Arthropoda,Insecta,Coleoptera,NA,NA,NA,11,9/15/2017,HickoryBottoms,A,9/14/2017,67,Pool
9152017HBPoolA1,OTU1292,GS,97.8,BOLD:AAN5882,Animalia,Arthropoda,Insecta,Diptera,Limoniidae,Erioptera,Erioptera caliptera,19,9/15/2017,HickoryBottoms,A,9/14/2017,67,Pool
9152017HBPoolA1,OTU1308,GS,100,BOLD:ACF1754,Animalia,Arthropoda,Insecta,Lepidoptera,Pyralidae,Salebriaria,Salebriaria engeli,14,9/15/2017,HickoryBottoms,A,9/14/2017,67,Pool
9152017HBPoolA1,OTU1336,US,0,BOLD:ACV0489,Animalia,Arthropoda,Arachnida,Trombidiformes,NA,NA,NA,8,9/15/2017,HickoryBottoms,A,9/14/2017,67,Pool
9152017HBPoolA1,OTU1480,US,0.9249,BOLD:AAN5882,Animalia,Arthropoda,Insecta,Diptera,NA,NA,NA,12,9/15/2017,HickoryBottoms,A,9/14/2017,67,Pool
9152017HBPoolA1,OTU1494,US,0.8732,BOLD:AAF4632,Animalia,Arthropoda,Insecta,Diptera,NA,NA,NA,1,9/15/2017,HickoryBottoms,A,9/14/2017,67,Pool
9152017HBPoolA1,OTU1513,GS,97.8,BOLD:ACL2801,Animalia,Arthropoda,Insecta,Diptera,Tipulidae,Nephrotoma,Nephrotoma macrocera,33,9/15/2017,HickoryBottoms,A,9/14/2017,67,Pool
9152017HBPoolA1,OTU1521,SS,0.71,BOLD:AAF4632,Animalia,Arthropoda,Insecta,Diptera,NA,NA,NA,12,9/15/2017,HickoryBottoms,A,9/14/2017,67,Pool
9152017HBPoolA1,OTU1522,SS,0.57,BOLD:AAF9008,Animalia,Arthropoda,Insecta,Diptera,NA,NA,NA,3,9/15/2017,HickoryBottoms,A,9/14/2017,67,Pool
9152017HBPoolA1,OTU1526,US,0,BOLD:AAB8591,Animalia,Arthropoda,Insecta,Lepidoptera,NA,NA,NA,182,9/15/2017,HickoryBottoms,A,9/14/2017,67,Pool
9152017HBPoolA1,OTU1554,SS,0.92,BOLD:AAP2734,Animalia,Arthropoda,Insecta,Diptera,Limoniidae,Erioptera,Erioptera parva,198,9/15/2017,HickoryBottoms,A,9/14/2017,67,Pool
9152017HBPoolA1,OTU1587,US,0,BOLD:ACT3036,Animalia,Arthropoda,Insecta,Hymenoptera,NA,NA,NA,10,9/15/2017,HickoryBottoms,A,9/14/2017,67,Pool
9152017HBPoolA1,OTU1632,GS,99.4,BOLD:AAH5149,Animalia,Arthropoda,Insecta,Lepidoptera,Gelechiidae,Aristotelia,NA,1,9/15/2017,HickoryBottoms,A,9/14/2017,67,Pool
9152017HBPoolA1,OTU1759,US,0.9546,BOLD:AAK6126,Animalia,Arthropoda,Insecta,Diptera,NA,NA,NA,55,9/15/2017,HickoryBottoms,A,9/14/2017,67,Pool
9152017HBPoolA1,OTU1815,US,0,BOLD:ACY8569,Animalia,Arthropoda,Insecta,Diptera,NA,NA,NA,5,9/15/2017,HickoryBottoms,A,9/14/2017,67,Pool
9152017HBPoolA1,OTU1827,US,1,BOLD:ACP4739,Animalia,Arthropoda,Insecta,Diptera,NA,NA,NA,3,9/15/2017,HickoryBottoms,A,9/14/2017,67,Pool
9152017HBPoolA1,OTU1837,US,0.9859,BOLD:ACG6167,Animalia,Arthropoda,Insecta,Coleoptera,NA,NA,NA,17,9/15/2017,HickoryBottoms,A,9/14/2017,67,Pool
9152017HBPoolA2,OTU3,GS,100,BOLD:AAP2734,Animalia,Arthropoda,Insecta,Diptera,Limoniidae,Erioptera,Erioptera parva,5464,9/15/2017,HickoryBottoms,A,9/14/2017,67,Pool
9152017HBPoolA2,OTU4,GS,100,BOLD:AAN5882,Animalia,Arthropoda,Insecta,Diptera,Limoniidae,Erioptera,Erioptera caliptera,1364,9/15/2017,HickoryBottoms,A,9/14/2017,67,Pool
9152017HBPoolA2,OTU15,GS,100,BOLD:ABZ0908,Animalia,Arthropoda,Insecta,Diptera,Tipulidae,Nephrotoma,Nephrotoma ferruginea,956,9/15/2017,HickoryBottoms,A,9/14/2017,67,Pool
9152017HBPoolA2,OTU21,GS,100,BOLD:ACR3763,Animalia,Arthropoda,Insecta,Coleoptera,Ptilodactylidae,Ptilodactyla,Ptilodactyla serricollis,67,9/15/2017,HickoryBottoms,A,9/14/2017,67,Pool
9152017HBPoolA2,OTU39,US,0,BOLD:AAD1754,Animalia,Arthropoda,Insecta,Coleoptera,NA,NA,NA,13897,9/15/2017,HickoryBottoms,A,9/14/2017,67,Pool
9152017HBPoolA2,OTU46,GS,100,BOLD:AAP2735,Animalia,Arthropoda,Insecta,Diptera,Limoniidae,NA,NA,4583,9/15/2017,HickoryBottoms,A,9/14/2017,67,Pool
9152017HBPoolA2,OTU52,GS,100,BOLD:AAG4399,Animalia,Arthropoda,Insecta,Hemiptera,Flatidae,Metcalfa,Metcalfa pruinosa,857,9/15/2017,HickoryBottoms,A,9/14/2017,67,Pool
9152017HBPoolA2,OTU54,GS,99.4,BOLD:ABA5202,Animalia,Arthropoda,Insecta,Diptera,Limoniidae,Pseudolimnophila,Pseudolimnophila luteipennis,892,9/15/2017,HickoryBottoms,A,9/14/2017,67,Pool
9152017HBPoolA2,OTU55,GS,100,BOLD:AAF9006,Animalia,Arthropoda,Insecta,Diptera,NA,NA,NA,391,9/15/2017,HickoryBottoms,A,9/14/2017,67,Pool
9152017HBPoolA2,OTU67,GS,100,BOLD:AAO3948,Animalia,Arthropoda,Insecta,Diptera,Tipulidae,Nephrotoma,Nephrotoma macrocera,1249,9/15/2017,HickoryBottoms,A,9/14/2017,67,Pool
9152017HBPoolA2,OTU73,GS,100,BOLD:AAD6926,Animalia,Arthropoda,Arachnida,Araneae,Anyphaenidae,Anyphaena,Anyphaena pectorosa,21,9/15/2017,HickoryBottoms,A,9/14/2017,67,Pool
9152017HBPoolA2,OTU83,GS,100,BOLD:ABA5203,Animalia,Arthropoda,Insecta,Diptera,Limoniidae,Dicranomyia,Dicranomyia frontalis,64,9/15/2017,HickoryBottoms,A,9/14/2017,67,Pool
9152017HBPoolA2,OTU138,GS,100,BOLD:AAF9014,Animalia,Arthropoda,Insecta,Diptera,Limoniidae,Symplecta,Symplecta cana,1593,9/15/2017,HickoryBottoms,A,9/14/2017,67,Pool
9152017HBPoolA2,OTU165,US,0.9936,BOLD:ACF8271,Animalia,Arthropoda,Insecta,Diptera,NA,NA,NA,39,9/15/2017,HickoryBottoms,A,9/14/2017,67,Pool
9152017HBPoolA2,OTU202,US,0.9967,BOLD:ACF8271,Animalia,Arthropoda,Insecta,Hymenoptera,NA,NA,NA,56,9/15/2017,HickoryBottoms,A,9/14/2017,67,Pool
9152017HBPoolA2,OTU252,GS,100,BOLD:AAC6739,Animalia,Arthropoda,Insecta,Lepidoptera,Coleophoridae,Coleophora,Coleophora borea,15,9/15/2017,HickoryBottoms,A,9/14/2017,67,Pool
9152017HBPoolA2,OTU254,GS,100,BOLD:AAG8977,Animalia,Arthropoda,Insecta,Hemiptera,Derbidae,Apache,Apache degeerii,291,9/15/2017,HickoryBottoms,A,9/14/2017,67,Pool
9152017HBPoolA2,OTU333,GS,100,BOLD:AAD7490,Animalia,Arthropoda,Insecta,Hymenoptera,Formicidae,Brachymyrmex,Brachymyrmex depilis,34,9/15/2017,HickoryBottoms,A,9/14/2017,67,Pool
9152017HBPoolA2,OTU374,US,0,BOLD:ACT8457,Animalia,Arthropoda,Insecta,Hymenoptera,NA,NA,NA,7,9/15/2017,HickoryBottoms,A,9/14/2017,67,Pool
9152017HBPoolA2,OTU393,US,0,BOLD:ACO3092,Animalia,Arthropoda,Insecta,Hymenoptera,NA,NA,NA,4,9/15/2017,HickoryBottoms,A,9/14/2017,67,Pool
9152017HBPoolA2,OTU394,GS,100,BOLD:AAC3054,Animalia,Arthropoda,Insecta,Coleoptera,Carabidae,Harpalus,Harpalus pensylvanicus,43,9/15/2017,HickoryBottoms,A,9/14/2017,67,Pool
9152017HBPoolA2,OTU396,SS,0.98,BOLD:AAP2734,Animalia,Arthropoda,Insecta,Diptera,Limoniidae,Erioptera,Erioptera parva,71,9/15/2017,HickoryBottoms,A,9/14/2017,67,Pool
9152017HBPoolA2,OTU401,GS,100,BOLD:AAH3229,Animalia,Arthropoda,Insecta,Psocodea,Dasydemellidae,Teliapsocus,NA,8,9/15/2017,HickoryBottoms,A,9/14/2017,67,Pool
9152017HBPoolA2,OTU480,GS,100,BOLD:AAP2997,Animalia,Arthropoda,Insecta,Diptera,Chironomidae,NA,NA,4,9/15/2017,HickoryBottoms,A,9/14/2017,67,Pool
9152017HBPoolA2,OTU521,GS,100,BOLD:ACL9252,Animalia,Arthropoda,Insecta,Coleoptera,Staphylinidae,Aleodorus,Aleodorus bilobatus,166,9/15/2017,HickoryBottoms,A,9/14/2017,67,Pool
9152017HBPoolA2,OTU580,GS,98.3,BOLD:ABZ0908,Animalia,Arthropoda,Insecta,Diptera,Tipulidae,Nephrotoma,Nephrotoma ferruginea,236,9/15/2017,HickoryBottoms,A,9/14/2017,67,Pool
9152017HBPoolA2,OTU583,GS,100,BOLD:AAA4884,Animalia,Arthropoda,Insecta,Lepidoptera,Geometridae,Macaria,Macaria aemulataria,13,9/15/2017,HickoryBottoms,A,9/14/2017,67,Pool
9152017HBPoolA2,OTU635,GS,97.2,BOLD:AAN5882,Animalia,Arthropoda,Insecta,Diptera,Limoniidae,Erioptera,Erioptera caliptera,14,9/15/2017,HickoryBottoms,A,9/14/2017,67,Pool
9152017HBPoolA2,OTU640,SS,0.26,BOLD:ABX3122,Animalia,Arthropoda,Insecta,Hemiptera,NA,NA,NA,7,9/15/2017,HickoryBottoms,A,9/14/2017,67,Pool
9152017HBPoolA2,OTU715,SS,0.71,BOLD:ABZ0908,Animalia,Arthropoda,Insecta,Diptera,NA,NA,NA,27,9/15/2017,HickoryBottoms,A,9/14/2017,67,Pool
9152017HBPoolA2,OTU780,GS,100,BOLD:AAF2475,Animalia,Arthropoda,Insecta,Lepidoptera,Autostichidae,Sceptea,Sceptea aequepulvella,24,9/15/2017,HickoryBottoms,A,9/14/2017,67,Pool
9152017HBPoolA2,OTU793,GS,98.9,BOLD:AAB8800,Animalia,Arthropoda,Insecta,Lepidoptera,Autostichidae,Gerdana,Gerdana caritella,4,9/15/2017,HickoryBottoms,A,9/14/2017,67,Pool
9152017HBPoolA2,OTU810,US,0.9925,BOLD:AAH2082,Animalia,Arthropoda,Insecta,Diptera,NA,NA,NA,2,9/15/2017,HickoryBottoms,A,9/14/2017,67,Pool
9152017HBPoolA2,OTU879,US,0.9925,BOLD:ACG9606,Animalia,Arthropoda,Insecta,Hymenoptera,NA,NA,NA,51,9/15/2017,HickoryBottoms,A,9/14/2017,67,Pool
9152017HBPoolA2,OTU938,GS,98.3,BOLD:AAP8181,Animalia,Arthropoda,Insecta,Orthoptera,NA,NA,NA,24,9/15/2017,HickoryBottoms,A,9/14/2017,67,Pool
9152017HBPoolA2,OTU1107,US,0,BOLD:ACT8457,Animalia,Arthropoda,Insecta,Hymenoptera,NA,NA,NA,1,9/15/2017,HickoryBottoms,A,9/14/2017,67,Pool
9152017HBPoolA2,OTU1138,US,0,BOLD:ACF8271,Animalia,Arthropoda,Insecta,Hymenoptera,NA,NA,NA,21,9/15/2017,HickoryBottoms,A,9/14/2017,67,Pool
9152017HBPoolA2,OTU1174,GS,99.4,BOLD:AAH0393,Animalia,Arthropoda,Insecta,Coleoptera,NA,NA,NA,4,9/15/2017,HickoryBottoms,A,9/14/2017,67,Pool
9152017HBPoolA2,OTU1210,GS,97.2,BOLD:AAF4632,Animalia,Arthropoda,Insecta,Diptera,Limoniidae,Epiphragma,Epiphragma solatrix,11,9/15/2017,HickoryBottoms,A,9/14/2017,67,Pool
9152017HBPoolA2,OTU1291,GS,98.9,BOLD:AAB8467,Animalia,Arthropoda,Insecta,Lepidoptera,Erebidae,Phalaenostola,Phalaenostola eumelusalis,3,9/15/2017,HickoryBottoms,A,9/14/2017,67,Pool
9152017HBPoolA2,OTU1292,GS,97.8,BOLD:AAN5882,Animalia,Arthropoda,Insecta,Diptera,Limoniidae,Erioptera,Erioptera caliptera,15,9/15/2017,HickoryBottoms,A,9/14/2017,67,Pool
9152017HBPoolA2,OTU1336,US,0,BOLD:ACV0489,Animalia,Arthropoda,Arachnida,Trombidiformes,NA,NA,NA,6,9/15/2017,HickoryBottoms,A,9/14/2017,67,Pool
9152017HBPoolA2,OTU1392,SS,0.02,BOLD:AAF9006,Animalia,Arthropoda,Insecta,Diptera,NA,NA,NA,3,9/15/2017,HickoryBottoms,A,9/14/2017,67,Pool
9152017HBPoolA2,OTU1480,US,0.9249,BOLD:AAN5882,Animalia,Arthropoda,Insecta,Diptera,NA,NA,NA,17,9/15/2017,HickoryBottoms,A,9/14/2017,67,Pool
9152017HBPoolA2,OTU1494,US,0.8732,BOLD:AAF4632,Animalia,Arthropoda,Insecta,Diptera,NA,NA,NA,1,9/15/2017,HickoryBottoms,A,9/14/2017,67,Pool
9152017HBPoolA2,OTU1513,GS,97.8,BOLD:ACL2801,Animalia,Arthropoda,Insecta,Diptera,Tipulidae,Nephrotoma,Nephrotoma macrocera,58,9/15/2017,HickoryBottoms,A,9/14/2017,67,Pool
9152017HBPoolA2,OTU1521,SS,0.71,BOLD:AAF4632,Animalia,Arthropoda,Insecta,Diptera,NA,NA,NA,10,9/15/2017,HickoryBottoms,A,9/14/2017,67,Pool
9152017HBPoolA2,OTU1526,US,0,BOLD:AAB8591,Animalia,Arthropoda,Insecta,Lepidoptera,NA,NA,NA,181,9/15/2017,HickoryBottoms,A,9/14/2017,67,Pool
9152017HBPoolA2,OTU1554,SS,0.92,BOLD:AAP2734,Animalia,Arthropoda,Insecta,Diptera,Limoniidae,Erioptera,Erioptera parva,263,9/15/2017,HickoryBottoms,A,9/14/2017,67,Pool
9152017HBPoolA2,OTU1573,US,0.0169,BOLD:ACI9530,Animalia,Arthropoda,Insecta,Lepidoptera,NA,NA,NA,5,9/15/2017,HickoryBottoms,A,9/14/2017,67,Pool
9152017HBPoolA2,OTU1587,US,0,BOLD:ACT3036,Animalia,Arthropoda,Insecta,Hymenoptera,NA,NA,NA,23,9/15/2017,HickoryBottoms,A,9/14/2017,67,Pool
9152017HBPoolA2,OTU1613,US,0.9249,BOLD:ACQ4881,Animalia,Arthropoda,Insecta,Coleoptera,NA,NA,NA,4,9/15/2017,HickoryBottoms,A,9/14/2017,67,Pool
9152017HBPoolA2,OTU1681,US,0.9936,BOLD:ACT8457,Animalia,Arthropoda,Insecta,Lepidoptera,NA,NA,NA,8,9/15/2017,HickoryBottoms,A,9/14/2017,67,Pool
9152017HBPoolA2,OTU1759,US,0.9546,BOLD:AAK6126,Animalia,Arthropoda,Insecta,Diptera,NA,NA,NA,78,9/15/2017,HickoryBottoms,A,9/14/2017,67,Pool
9152017HBPoolA2,OTU1815,US,0,BOLD:ACY8569,Animalia,Arthropoda,Insecta,Diptera,NA,NA,NA,3,9/15/2017,HickoryBottoms,A,9/14/2017,67,Pool
9152017HBPoolA2,OTU1827,US,1,BOLD:ACP4739,Animalia,Arthropoda,Insecta,Diptera,NA,NA,NA,10,9/15/2017,HickoryBottoms,A,9/14/2017,67,Pool
9152017HBPoolA2,OTU1848,GS,100,BOLD:AAH2808,Animalia,Arthropoda,Insecta,Coleoptera,Carabidae,Agonum,Agonum punctiforme,5,9/15/2017,HickoryBottoms,A,9/14/2017,67,Pool
9152017HBPoolA3,OTU3,GS,100,BOLD:AAP2734,Animalia,Arthropoda,Insecta,Diptera,Limoniidae,Erioptera,Erioptera parva,5966,9/15/2017,HickoryBottoms,A,9/14/2017,67,Pool
9152017HBPoolA3,OTU4,GS,100,BOLD:AAN5882,Animalia,Arthropoda,Insecta,Diptera,Limoniidae,Erioptera,Erioptera caliptera,1576,9/15/2017,HickoryBottoms,A,9/14/2017,67,Pool
9152017HBPoolA3,OTU15,GS,100,BOLD:ABZ0908,Animalia,Arthropoda,Insecta,Diptera,Tipulidae,Nephrotoma,Nephrotoma ferruginea,988,9/15/2017,HickoryBottoms,A,9/14/2017,67,Pool
9152017HBPoolA3,OTU39,US,0,BOLD:AAD1754,Animalia,Arthropoda,Insecta,Coleoptera,NA,NA,NA,17395,9/15/2017,HickoryBottoms,A,9/14/2017,67,Pool
9152017HBPoolA3,OTU46,GS,100,BOLD:AAP2735,Animalia,Arthropoda,Insecta,Diptera,Limoniidae,NA,NA,6210,9/15/2017,HickoryBottoms,A,9/14/2017,67,Pool
9152017HBPoolA3,OTU52,GS,100,BOLD:AAG4399,Animalia,Arthropoda,Insecta,Hemiptera,Flatidae,Metcalfa,Metcalfa pruinosa,921,9/15/2017,HickoryBottoms,A,9/14/2017,67,Pool
9152017HBPoolA3,OTU54,GS,99.4,BOLD:ABA5202,Animalia,Arthropoda,Insecta,Diptera,Limoniidae,Pseudolimnophila,Pseudolimnophila luteipennis,1069,9/15/2017,HickoryBottoms,A,9/14/2017,67,Pool
9152017HBPoolA3,OTU55,GS,100,BOLD:AAF9006,Animalia,Arthropoda,Insecta,Diptera,NA,NA,NA,401,9/15/2017,HickoryBottoms,A,9/14/2017,67,Pool
9152017HBPoolA3,OTU67,GS,100,BOLD:AAO3948,Animalia,Arthropoda,Insecta,Diptera,Tipulidae,Nephrotoma,Nephrotoma macrocera,1344,9/15/2017,HickoryBottoms,A,9/14/2017,67,Pool
9152017HBPoolA3,OTU83,GS,100,BOLD:ABA5203,Animalia,Arthropoda,Insecta,Diptera,Limoniidae,Dicranomyia,Dicranomyia frontalis,67,9/15/2017,HickoryBottoms,A,9/14/2017,67,Pool
9152017HBPoolA3,OTU138,GS,100,BOLD:AAF9014,Animalia,Arthropoda,Insecta,Diptera,Limoniidae,Symplecta,Symplecta cana,1815,9/15/2017,HickoryBottoms,A,9/14/2017,67,Pool
9152017HBPoolA3,OTU165,US,0.9936,BOLD:ACF8271,Animalia,Arthropoda,Insecta,Diptera,NA,NA,NA,24,9/15/2017,HickoryBottoms,A,9/14/2017,67,Pool
9152017HBPoolA3,OTU202,US,0.9967,BOLD:ACF8271,Animalia,Arthropoda,Insecta,Hymenoptera,NA,NA,NA,51,9/15/2017,HickoryBottoms,A,9/14/2017,67,Pool
9152017HBPoolA3,OTU252,GS,100,BOLD:AAC6739,Animalia,Arthropoda,Insecta,Lepidoptera,Coleophoridae,Coleophora,Coleophora borea,18,9/15/2017,HickoryBottoms,A,9/14/2017,67,Pool
9152017HBPoolA3,OTU254,GS,100,BOLD:AAG8977,Animalia,Arthropoda,Insecta,Hemiptera,Derbidae,Apache,Apache degeerii,284,9/15/2017,HickoryBottoms,A,9/14/2017,67,Pool
9152017HBPoolA3,OTU266,US,0,None,Animalia,Arthropoda,Insecta,Diptera,NA,NA,NA,23,9/15/2017,HickoryBottoms,A,9/14/2017,67,Pool
9152017HBPoolA3,OTU333,GS,100,BOLD:AAD7490,Animalia,Arthropoda,Insecta,Hymenoptera,Formicidae,Brachymyrmex,Brachymyrmex depilis,13,9/15/2017,HickoryBottoms,A,9/14/2017,67,Pool
9152017HBPoolA3,OTU374,US,0,BOLD:ACT8457,Animalia,Arthropoda,Insecta,Hymenoptera,NA,NA,NA,13,9/15/2017,HickoryBottoms,A,9/14/2017,67,Pool
9152017HBPoolA3,OTU393,US,0,BOLD:ACO3092,Animalia,Arthropoda,Insecta,Hymenoptera,NA,NA,NA,4,9/15/2017,HickoryBottoms,A,9/14/2017,67,Pool
9152017HBPoolA3,OTU394,GS,100,BOLD:AAC3054,Animalia,Arthropoda,Insecta,Coleoptera,Carabidae,Harpalus,Harpalus pensylvanicus,56,9/15/2017,HickoryBottoms,A,9/14/2017,67,Pool
9152017HBPoolA3,OTU396,SS,0.98,BOLD:AAP2734,Animalia,Arthropoda,Insecta,Diptera,Limoniidae,Erioptera,Erioptera parva,66,9/15/2017,HickoryBottoms,A,9/14/2017,67,Pool
9152017HBPoolA3,OTU499,SS,0.7,BOLD:ABA8054,Animalia,Arthropoda,Insecta,Hymenoptera,NA,NA,NA,7,9/15/2017,HickoryBottoms,A,9/14/2017,67,Pool
9152017HBPoolA3,OTU521,GS,100,BOLD:ACL9252,Animalia,Arthropoda,Insecta,Coleoptera,Staphylinidae,Aleodorus,Aleodorus bilobatus,179,9/15/2017,HickoryBottoms,A,9/14/2017,67,Pool
9152017HBPoolA3,OTU524,GS,100,BOLD:AAD2126,Animalia,Arthropoda,Insecta,Lepidoptera,Psychidae,Thyridopteryx,Thyridopteryx ephemeraeformis,4,9/15/2017,HickoryBottoms,A,9/14/2017,67,Pool
9152017HBPoolA3,OTU580,GS,98.3,BOLD:ABZ0908,Animalia,Arthropoda,Insecta,Diptera,Tipulidae,Nephrotoma,Nephrotoma ferruginea,228,9/15/2017,HickoryBottoms,A,9/14/2017,67,Pool
9152017HBPoolA3,OTU583,GS,100,BOLD:AAA4884,Animalia,Arthropoda,Insecta,Lepidoptera,Geometridae,Macaria,Macaria aemulataria,9,9/15/2017,HickoryBottoms,A,9/14/2017,67,Pool
9152017HBPoolA3,OTU635,GS,97.2,BOLD:AAN5882,Animalia,Arthropoda,Insecta,Diptera,Limoniidae,Erioptera,Erioptera caliptera,26,9/15/2017,HickoryBottoms,A,9/14/2017,67,Pool
9152017HBPoolA3,OTU771,US,0.2833,BOLD:ACN7840,Animalia,Arthropoda,Arachnida,Araneae,NA,NA,NA,1,9/15/2017,HickoryBottoms,A,9/14/2017,67,Pool
9152017HBPoolA3,OTU780,GS,100,BOLD:AAF2475,Animalia,Arthropoda,Insecta,Lepidoptera,Autostichidae,Sceptea,Sceptea aequepulvella,68,9/15/2017,HickoryBottoms,A,9/14/2017,67,Pool
9152017HBPoolA3,OTU879,US,0.9925,BOLD:ACG9606,Animalia,Arthropoda,Insecta,Hymenoptera,NA,NA,NA,29,9/15/2017,HickoryBottoms,A,9/14/2017,67,Pool
9152017HBPoolA3,OTU926,US,0.2259,BOLD:ACT0291,Animalia,Arthropoda,Arachnida,Araneae,NA,NA,NA,1,9/15/2017,HickoryBottoms,A,9/14/2017,67,Pool
9152017HBPoolA3,OTU938,GS,98.3,BOLD:AAP8181,Animalia,Arthropoda,Insecta,Orthoptera,NA,NA,NA,36,9/15/2017,HickoryBottoms,A,9/14/2017,67,Pool
9152017HBPoolA3,OTU976,GS,97.2,BOLD:AAA5872,Animalia,Arthropoda,Insecta,Lepidoptera,Gelechiidae,Chionodes,Chionodes mediofuscella,4,9/15/2017,HickoryBottoms,A,9/14/2017,67,Pool
9152017HBPoolA3,OTU1107,US,0,BOLD:ACT8457,Animalia,Arthropoda,Insecta,Hymenoptera,NA,NA,NA,3,9/15/2017,HickoryBottoms,A,9/14/2017,67,Pool
9152017HBPoolA3,OTU1138,US,0,BOLD:ACF8271,Animalia,Arthropoda,Insecta,Hymenoptera,NA,NA,NA,13,9/15/2017,HickoryBottoms,A,9/14/2017,67,Pool
9152017HBPoolA3,OTU1174,GS,99.4,BOLD:AAH0393,Animalia,Arthropoda,Insecta,Coleoptera,NA,NA,NA,7,9/15/2017,HickoryBottoms,A,9/14/2017,67,Pool
9152017HBPoolA3,OTU1209,GS,97.8,BOLD:ACE5111,Animalia,Arthropoda,Insecta,Lepidoptera,Depressariidae,Antaeotricha,Antaeotricha leucillana,6,9/15/2017,HickoryBottoms,A,9/14/2017,67,Pool
9152017HBPoolA3,OTU1222,US,0,BOLD:AAG4470,Animalia,Arthropoda,Insecta,Coleoptera,NA,NA,NA,38,9/15/2017,HickoryBottoms,A,9/14/2017,67,Pool
9152017HBPoolA3,OTU1265,SS,0.83,BOLD:AAF4632,Animalia,Arthropoda,Insecta,Diptera,Limoniidae,Epiphragma,Epiphragma solatrix,5,9/15/2017,HickoryBottoms,A,9/14/2017,67,Pool
9152017HBPoolA3,OTU1291,GS,98.9,BOLD:AAB8467,Animalia,Arthropoda,Insecta,Lepidoptera,Erebidae,Phalaenostola,Phalaenostola eumelusalis,1,9/15/2017,HickoryBottoms,A,9/14/2017,67,Pool
9152017HBPoolA3,OTU1292,GS,97.8,BOLD:AAN5882,Animalia,Arthropoda,Insecta,Diptera,Limoniidae,Erioptera,Erioptera caliptera,20,9/15/2017,HickoryBottoms,A,9/14/2017,67,Pool
9152017HBPoolA3,OTU1336,US,0,BOLD:ACV0489,Animalia,Arthropoda,Arachnida,Trombidiformes,NA,NA,NA,15,9/15/2017,HickoryBottoms,A,9/14/2017,67,Pool
9152017HBPoolA3,OTU1367,GS,100,BOLD:AAB7993,Animalia,Arthropoda,Insecta,Lepidoptera,Tortricidae,Olethreutes,Olethreutes concinnana,2,9/15/2017,HickoryBottoms,A,9/14/2017,67,Pool
9152017HBPoolA3,OTU1480,US,0.9249,BOLD:AAN5882,Animalia,Arthropoda,Insecta,Diptera,NA,NA,NA,20,9/15/2017,HickoryBottoms,A,9/14/2017,67,Pool
9152017HBPoolA3,OTU1494,US,0.8732,BOLD:AAF4632,Animalia,Arthropoda,Insecta,Diptera,NA,NA,NA,2,9/15/2017,HickoryBottoms,A,9/14/2017,67,Pool
9152017HBPoolA3,OTU1513,GS,97.8,BOLD:ACL2801,Animalia,Arthropoda,Insecta,Diptera,Tipulidae,Nephrotoma,Nephrotoma macrocera,59,9/15/2017,HickoryBottoms,A,9/14/2017,67,Pool
9152017HBPoolA3,OTU1521,SS,0.71,BOLD:AAF4632,Animalia,Arthropoda,Insecta,Diptera,NA,NA,NA,17,9/15/2017,HickoryBottoms,A,9/14/2017,67,Pool
9152017HBPoolA3,OTU1522,SS,0.57,BOLD:AAF9008,Animalia,Arthropoda,Insecta,Diptera,NA,NA,NA,2,9/15/2017,HickoryBottoms,A,9/14/2017,67,Pool
9152017HBPoolA3,OTU1526,US,0,BOLD:AAB8591,Animalia,Arthropoda,Insecta,Lepidoptera,NA,NA,NA,229,9/15/2017,HickoryBottoms,A,9/14/2017,67,Pool
9152017HBPoolA3,OTU1554,SS,0.92,BOLD:AAP2734,Animalia,Arthropoda,Insecta,Diptera,Limoniidae,Erioptera,Erioptera parva,225,9/15/2017,HickoryBottoms,A,9/14/2017,67,Pool
9152017HBPoolA3,OTU1573,US,0.0169,BOLD:ACI9530,Animalia,Arthropoda,Insecta,Lepidoptera,NA,NA,NA,14,9/15/2017,HickoryBottoms,A,9/14/2017,67,Pool
9152017HBPoolA3,OTU1587,US,0,BOLD:ACT3036,Animalia,Arthropoda,Insecta,Hymenoptera,NA,NA,NA,9,9/15/2017,HickoryBottoms,A,9/14/2017,67,Pool
9152017HBPoolA3,OTU1613,US,0.9249,BOLD:ACQ4881,Animalia,Arthropoda,Insecta,Coleoptera,NA,NA,NA,5,9/15/2017,HickoryBottoms,A,9/14/2017,67,Pool
9152017HBPoolA3,OTU1681,US,0.9936,BOLD:ACT8457,Animalia,Arthropoda,Insecta,Lepidoptera,NA,NA,NA,6,9/15/2017,HickoryBottoms,A,9/14/2017,67,Pool
9152017HBPoolA3,OTU1759,US,0.9546,BOLD:AAK6126,Animalia,Arthropoda,Insecta,Diptera,NA,NA,NA,62,9/15/2017,HickoryBottoms,A,9/14/2017,67,Pool
9152017HBPoolA3,OTU1815,US,0,BOLD:ACY8569,Animalia,Arthropoda,Insecta,Diptera,NA,NA,NA,11,9/15/2017,HickoryBottoms,A,9/14/2017,67,Pool
9152017HBPoolA3,OTU1827,US,1,BOLD:ACP4739,Animalia,Arthropoda,Insecta,Diptera,NA,NA,NA,1,9/15/2017,HickoryBottoms,A,9/14/2017,67,Pool
9152017HBPoolA3,OTU1910,SS,0.87,BOLD:ABZ0908,Animalia,Arthropoda,Insecta,Diptera,Tipulidae,Nephrotoma,Nephrotoma ferruginea,2,9/15/2017,HickoryBottoms,A,9/14/2017,67,Pool
9152017HBPoolA4,OTU3,GS,100,BOLD:AAP2734,Animalia,Arthropoda,Insecta,Diptera,Limoniidae,Erioptera,Erioptera parva,4113,9/15/2017,HickoryBottoms,A,9/14/2017,67,Pool
9152017HBPoolA4,OTU4,GS,100,BOLD:AAN5882,Animalia,Arthropoda,Insecta,Diptera,Limoniidae,Erioptera,Erioptera caliptera,1239,9/15/2017,HickoryBottoms,A,9/14/2017,67,Pool
9152017HBPoolA4,OTU15,GS,100,BOLD:ABZ0908,Animalia,Arthropoda,Insecta,Diptera,Tipulidae,Nephrotoma,Nephrotoma ferruginea,825,9/15/2017,HickoryBottoms,A,9/14/2017,67,Pool
9152017HBPoolA4,OTU21,GS,100,BOLD:ACR3763,Animalia,Arthropoda,Insecta,Coleoptera,Ptilodactylidae,Ptilodactyla,Ptilodactyla serricollis,70,9/15/2017,HickoryBottoms,A,9/14/2017,67,Pool
9152017HBPoolA4,OTU39,US,0,BOLD:AAD1754,Animalia,Arthropoda,Insecta,Coleoptera,NA,NA,NA,9911,9/15/2017,HickoryBottoms,A,9/14/2017,67,Pool
9152017HBPoolA4,OTU46,GS,100,BOLD:AAP2735,Animalia,Arthropoda,Insecta,Diptera,Limoniidae,NA,NA,3799,9/15/2017,HickoryBottoms,A,9/14/2017,67,Pool
9152017HBPoolA4,OTU52,GS,100,BOLD:AAG4399,Animalia,Arthropoda,Insecta,Hemiptera,Flatidae,Metcalfa,Metcalfa pruinosa,815,9/15/2017,HickoryBottoms,A,9/14/2017,67,Pool
9152017HBPoolA4,OTU54,GS,99.4,BOLD:ABA5202,Animalia,Arthropoda,Insecta,Diptera,Limoniidae,Pseudolimnophila,Pseudolimnophila luteipennis,724,9/15/2017,HickoryBottoms,A,9/14/2017,67,Pool
9152017HBPoolA4,OTU55,GS,100,BOLD:AAF9006,Animalia,Arthropoda,Insecta,Diptera,NA,NA,NA,391,9/15/2017,HickoryBottoms,A,9/14/2017,67,Pool
9152017HBPoolA4,OTU67,GS,100,BOLD:AAO3948,Animalia,Arthropoda,Insecta,Diptera,Tipulidae,Nephrotoma,Nephrotoma macrocera,1000,9/15/2017,HickoryBottoms,A,9/14/2017,67,Pool
9152017HBPoolA4,OTU138,GS,100,BOLD:AAF9014,Animalia,Arthropoda,Insecta,Diptera,Limoniidae,Symplecta,Symplecta cana,1325,9/15/2017,HickoryBottoms,A,9/14/2017,67,Pool
9152017HBPoolA4,OTU165,US,0.9936,BOLD:ACF8271,Animalia,Arthropoda,Insecta,Diptera,NA,NA,NA,23,9/15/2017,HickoryBottoms,A,9/14/2017,67,Pool
9152017HBPoolA4,OTU202,US,0.9967,BOLD:ACF8271,Animalia,Arthropoda,Insecta,Hymenoptera,NA,NA,NA,74,9/15/2017,HickoryBottoms,A,9/14/2017,67,Pool
9152017HBPoolA4,OTU252,GS,100,BOLD:AAC6739,Animalia,Arthropoda,Insecta,Lepidoptera,Coleophoridae,Coleophora,Coleophora borea,9,9/15/2017,HickoryBottoms,A,9/14/2017,67,Pool
9152017HBPoolA4,OTU254,GS,100,BOLD:AAG8977,Animalia,Arthropoda,Insecta,Hemiptera,Derbidae,Apache,Apache degeerii,270,9/15/2017,HickoryBottoms,A,9/14/2017,67,Pool
9152017HBPoolA4,OTU333,GS,100,BOLD:AAD7490,Animalia,Arthropoda,Insecta,Hymenoptera,Formicidae,Brachymyrmex,Brachymyrmex depilis,19,9/15/2017,HickoryBottoms,A,9/14/2017,67,Pool
9152017HBPoolA4,OTU374,US,0,BOLD:ACT8457,Animalia,Arthropoda,Insecta,Hymenoptera,NA,NA,NA,13,9/15/2017,HickoryBottoms,A,9/14/2017,67,Pool
9152017HBPoolA4,OTU393,US,0,BOLD:ACO3092,Animalia,Arthropoda,Insecta,Hymenoptera,NA,NA,NA,8,9/15/2017,HickoryBottoms,A,9/14/2017,67,Pool
9152017HBPoolA4,OTU394,GS,100,BOLD:AAC3054,Animalia,Arthropoda,Insecta,Coleoptera,Carabidae,Harpalus,Harpalus pensylvanicus,48,9/15/2017,HickoryBottoms,A,9/14/2017,67,Pool
9152017HBPoolA4,OTU396,SS,0.98,BOLD:AAP2734,Animalia,Arthropoda,Insecta,Diptera,Limoniidae,Erioptera,Erioptera parva,50,9/15/2017,HickoryBottoms,A,9/14/2017,67,Pool
9152017HBPoolA4,OTU494,GS,99.4,BOLD:AAH3231,Animalia,Arthropoda,Insecta,Psocodea,Psocidae,NA,NA,3,9/15/2017,HickoryBottoms,A,9/14/2017,67,Pool
9152017HBPoolA4,OTU521,GS,100,BOLD:ACL9252,Animalia,Arthropoda,Insecta,Coleoptera,Staphylinidae,Aleodorus,Aleodorus bilobatus,151,9/15/2017,HickoryBottoms,A,9/14/2017,67,Pool
9152017HBPoolA4,OTU524,GS,100,BOLD:AAD2126,Animalia,Arthropoda,Insecta,Lepidoptera,Psychidae,Thyridopteryx,Thyridopteryx ephemeraeformis,12,9/15/2017,HickoryBottoms,A,9/14/2017,67,Pool
9152017HBPoolA4,OTU580,GS,98.3,BOLD:ABZ0908,Animalia,Arthropoda,Insecta,Diptera,Tipulidae,Nephrotoma,Nephrotoma ferruginea,157,9/15/2017,HickoryBottoms,A,9/14/2017,67,Pool
9152017HBPoolA4,OTU635,GS,97.2,BOLD:AAN5882,Animalia,Arthropoda,Insecta,Diptera,Limoniidae,Erioptera,Erioptera caliptera,16,9/15/2017,HickoryBottoms,A,9/14/2017,67,Pool
9152017HBPoolA4,OTU771,US,0.2833,BOLD:ACN7840,Animalia,Arthropoda,Arachnida,Araneae,NA,NA,NA,6,9/15/2017,HickoryBottoms,A,9/14/2017,67,Pool
9152017HBPoolA4,OTU780,GS,100,BOLD:AAF2475,Animalia,Arthropoda,Insecta,Lepidoptera,Autostichidae,Sceptea,Sceptea aequepulvella,26,9/15/2017,HickoryBottoms,A,9/14/2017,67,Pool
9152017HBPoolA4,OTU879,US,0.9925,BOLD:ACG9606,Animalia,Arthropoda,Insecta,Hymenoptera,NA,NA,NA,56,9/15/2017,HickoryBottoms,A,9/14/2017,67,Pool
9152017HBPoolA4,OTU926,US,0.2259,BOLD:ACT0291,Animalia,Arthropoda,Arachnida,Araneae,NA,NA,NA,1,9/15/2017,HickoryBottoms,A,9/14/2017,67,Pool
9152017HBPoolA4,OTU938,GS,98.3,BOLD:AAP8181,Animalia,Arthropoda,Insecta,Orthoptera,NA,NA,NA,17,9/15/2017,HickoryBottoms,A,9/14/2017,67,Pool
9152017HBPoolA4,OTU1090,GS,97.2,BOLD:ABX3627,Animalia,Arthropoda,Insecta,Diptera,Limoniidae,NA,NA,2,9/15/2017,HickoryBottoms,A,9/14/2017,67,Pool
9152017HBPoolA4,OTU1107,US,0,BOLD:ACT8457,Animalia,Arthropoda,Insecta,Hymenoptera,NA,NA,NA,4,9/15/2017,HickoryBottoms,A,9/14/2017,67,Pool
9152017HBPoolA4,OTU1138,US,0,BOLD:ACF8271,Animalia,Arthropoda,Insecta,Hymenoptera,NA,NA,NA,51,9/15/2017,HickoryBottoms,A,9/14/2017,67,Pool
9152017HBPoolA4,OTU1174,GS,99.4,BOLD:AAH0393,Animalia,Arthropoda,Insecta,Coleoptera,NA,NA,NA,6,9/15/2017,HickoryBottoms,A,9/14/2017,67,Pool
9152017HBPoolA4,OTU1201,GS,100,BOLD:AAG2883,Animalia,Arthropoda,Insecta,Hemiptera,Cicadellidae,Draeculacephala,Draeculacephala robinsoni,2,9/15/2017,HickoryBottoms,A,9/14/2017,67,Pool
9152017HBPoolA4,OTU1205,SS,0.73,BOLD:ACV5866,Animalia,Arthropoda,Arachnida,Trombidiformes,NA,NA,NA,2,9/15/2017,HickoryBottoms,A,9/14/2017,67,Pool
9152017HBPoolA4,OTU1222,US,0,BOLD:AAG4470,Animalia,Arthropoda,Insecta,Coleoptera,NA,NA,NA,24,9/15/2017,HickoryBottoms,A,9/14/2017,67,Pool
9152017HBPoolA4,OTU1286,GS,100,BOLD:ACM1751,Animalia,Arthropoda,Insecta,Coleoptera,Curculionidae,Corthylus,Corthylus columbianus,2,9/15/2017,HickoryBottoms,A,9/14/2017,67,Pool
9152017HBPoolA4,OTU1292,GS,97.8,BOLD:AAN5882,Animalia,Arthropoda,Insecta,Diptera,Limoniidae,Erioptera,Erioptera caliptera,26,9/15/2017,HickoryBottoms,A,9/14/2017,67,Pool
9152017HBPoolA4,OTU1336,US,0,BOLD:ACV0489,Animalia,Arthropoda,Arachnida,Trombidiformes,NA,NA,NA,4,9/15/2017,HickoryBottoms,A,9/14/2017,67,Pool
9152017HBPoolA4,OTU1392,SS,0.02,BOLD:AAF9006,Animalia,Arthropoda,Insecta,Diptera,NA,NA,NA,3,9/15/2017,HickoryBottoms,A,9/14/2017,67,Pool
9152017HBPoolA4,OTU1480,US,0.9249,BOLD:AAN5882,Animalia,Arthropoda,Insecta,Diptera,NA,NA,NA,12,9/15/2017,HickoryBottoms,A,9/14/2017,67,Pool
9152017HBPoolA4,OTU1513,GS,97.8,BOLD:ACL2801,Animalia,Arthropoda,Insecta,Diptera,Tipulidae,Nephrotoma,Nephrotoma macrocera,60,9/15/2017,HickoryBottoms,A,9/14/2017,67,Pool
9152017HBPoolA4,OTU1521,SS,0.71,BOLD:AAF4632,Animalia,Arthropoda,Insecta,Diptera,NA,NA,NA,10,9/15/2017,HickoryBottoms,A,9/14/2017,67,Pool
9152017HBPoolA4,OTU1526,US,0,BOLD:AAB8591,Animalia,Arthropoda,Insecta,Lepidoptera,NA,NA,NA,160,9/15/2017,HickoryBottoms,A,9/14/2017,67,Pool
9152017HBPoolA4,OTU1554,SS,0.92,BOLD:AAP2734,Animalia,Arthropoda,Insecta,Diptera,Limoniidae,Erioptera,Erioptera parva,188,9/15/2017,HickoryBottoms,A,9/14/2017,67,Pool
9152017HBPoolA4,OTU1573,US,0.0169,BOLD:ACI9530,Animalia,Arthropoda,Insecta,Lepidoptera,NA,NA,NA,12,9/15/2017,HickoryBottoms,A,9/14/2017,67,Pool
9152017HBPoolA4,OTU1587,US,0,BOLD:ACT3036,Animalia,Arthropoda,Insecta,Hymenoptera,NA,NA,NA,14,9/15/2017,HickoryBottoms,A,9/14/2017,67,Pool
9152017HBPoolA4,OTU1613,US,0.9249,BOLD:ACQ4881,Animalia,Arthropoda,Insecta,Coleoptera,NA,NA,NA,6,9/15/2017,HickoryBottoms,A,9/14/2017,67,Pool
9152017HBPoolA4,OTU1632,GS,99.4,BOLD:AAH5149,Animalia,Arthropoda,Insecta,Lepidoptera,Gelechiidae,Aristotelia,NA,2,9/15/2017,HickoryBottoms,A,9/14/2017,67,Pool
9152017HBPoolA4,OTU1679,GS,100,BOLD:AAA9175,Animalia,Arthropoda,Insecta,Lepidoptera,Gelechiidae,Aristotelia,Aristotelia rubidella,2,9/15/2017,HickoryBottoms,A,9/14/2017,67,Pool
9152017HBPoolA4,OTU1681,US,0.9936,BOLD:ACT8457,Animalia,Arthropoda,Insecta,Lepidoptera,NA,NA,NA,7,9/15/2017,HickoryBottoms,A,9/14/2017,67,Pool
9152017HBPoolA4,OTU1759,US,0.9546,BOLD:AAK6126,Animalia,Arthropoda,Insecta,Diptera,NA,NA,NA,44,9/15/2017,HickoryBottoms,A,9/14/2017,67,Pool
9152017HBPoolA4,OTU1815,US,0,BOLD:ACY8569,Animalia,Arthropoda,Insecta,Diptera,NA,NA,NA,7,9/15/2017,HickoryBottoms,A,9/14/2017,67,Pool
9152017HBPoolA4,OTU1848,GS,100,BOLD:AAH2808,Animalia,Arthropoda,Insecta,Coleoptera,Carabidae,Agonum,Agonum punctiforme,2,9/15/2017,HickoryBottoms,A,9/14/2017,67,Pool
9152017HBPoolA4,OTU1910,SS,0.87,BOLD:ABZ0908,Animalia,Arthropoda,Insecta,Diptera,Tipulidae,Nephrotoma,Nephrotoma ferruginea,1,9/15/2017,HickoryBottoms,A,9/14/2017,67,Pool
9152017HBPoolB1,OTU3,GS,100,BOLD:AAP2734,Animalia,Arthropoda,Insecta,Diptera,Limoniidae,Erioptera,Erioptera parva,1997,9/15/2017,HickoryBottoms,B,9/14/2017,70,Pool
9152017HBPoolB1,OTU4,GS,100,BOLD:AAN5882,Animalia,Arthropoda,Insecta,Diptera,Limoniidae,Erioptera,Erioptera caliptera,4269,9/15/2017,HickoryBottoms,B,9/14/2017,70,Pool
9152017HBPoolB1,OTU6,GS,99.4,BOLD:ACZ2169,Animalia,Arthropoda,Insecta,Hemiptera,Cicadellidae,Gyponana,NA,1782,9/15/2017,HickoryBottoms,B,9/14/2017,70,Pool
9152017HBPoolB1,OTU12,GS,100,BOLD:AAE5173,Animalia,Arthropoda,Insecta,Diptera,Psychodidae,PschodididGC,NA,2271,9/15/2017,HickoryBottoms,B,9/14/2017,70,Pool
9152017HBPoolB1,OTU15,GS,100,BOLD:ABZ0908,Animalia,Arthropoda,Insecta,Diptera,Tipulidae,Nephrotoma,Nephrotoma ferruginea,412,9/15/2017,HickoryBottoms,B,9/14/2017,70,Pool
9152017HBPoolB1,OTU23,GS,100,BOLD:AAF9008,Animalia,Arthropoda,Insecta,Diptera,Limoniidae,Helius,Helius flavipes,504,9/15/2017,HickoryBottoms,B,9/14/2017,70,Pool
9152017HBPoolB1,OTU52,GS,100,BOLD:AAG4399,Animalia,Arthropoda,Insecta,Hemiptera,Flatidae,Metcalfa,Metcalfa pruinosa,165,9/15/2017,HickoryBottoms,B,9/14/2017,70,Pool
9152017HBPoolB1,OTU53,GS,98,BOLD:ABA6114,Animalia,Arthropoda,Insecta,Hymenoptera,Diapriidae,NA,NA,455,9/15/2017,HickoryBottoms,B,9/14/2017,70,Pool
9152017HBPoolB1,OTU55,GS,100,BOLD:AAF9006,Animalia,Arthropoda,Insecta,Diptera,NA,NA,NA,82,9/15/2017,HickoryBottoms,B,9/14/2017,70,Pool
9152017HBPoolB1,OTU67,GS,100,BOLD:AAO3948,Animalia,Arthropoda,Insecta,Diptera,Tipulidae,Nephrotoma,Nephrotoma macrocera,1358,9/15/2017,HickoryBottoms,B,9/14/2017,70,Pool
9152017HBPoolB1,OTU84,GS,97.8,BOLD:ABU5821,Animalia,Arthropoda,Insecta,Diptera,Tipulidae,Tipula,Tipula sayi,970,9/15/2017,HickoryBottoms,B,9/14/2017,70,Pool
9152017HBPoolB1,OTU89,GS,98.3,BOLD:ABW2415,Animalia,Arthropoda,Insecta,Diptera,Tipulidae,Nephrotoma,Nephrotoma okefenoke,292,9/15/2017,HickoryBottoms,B,9/14/2017,70,Pool
9152017HBPoolB1,OTU128,GS,98.3,BOLD:AAF9067,Animalia,Arthropoda,Insecta,Diptera,Tipulidae,Tipula,Tipula abdominalis,2333,9/15/2017,HickoryBottoms,B,9/14/2017,70,Pool
9152017HBPoolB1,OTU219,GS,100,BOLD:AAD1855,Animalia,Arthropoda,Insecta,Lepidoptera,Tortricidae,Episimus,Episimus tyrius,8,9/15/2017,HickoryBottoms,B,9/14/2017,70,Pool
9152017HBPoolB1,OTU220,GS,98.3,BOLD:ABA0311,Animalia,Arthropoda,Insecta,Hymenoptera,Ichneumonidae,Charops,Charops WahlJ/H,913,9/15/2017,HickoryBottoms,B,9/14/2017,70,Pool
9152017HBPoolB1,OTU227,GS,99.4,BOLD:AAO3939,Animalia,Arthropoda,Insecta,Diptera,Limoniidae,Dicranomyia,NA,44,9/15/2017,HickoryBottoms,B,9/14/2017,70,Pool
9152017HBPoolB1,OTU252,GS,100,BOLD:AAC6739,Animalia,Arthropoda,Insecta,Lepidoptera,Coleophoridae,Coleophora,Coleophora borea,8,9/15/2017,HickoryBottoms,B,9/14/2017,70,Pool
9152017HBPoolB1,OTU320,US,0,BOLD:ACQ9987,Animalia,Arthropoda,Insecta,Hemiptera,NA,NA,NA,5,9/15/2017,HickoryBottoms,B,9/14/2017,70,Pool
9152017HBPoolB1,OTU376,GS,100,BOLD:AAD2441,Animalia,Arthropoda,Insecta,Lepidoptera,Saturniidae,Syssphinx,Syssphinx bicolor,7,9/15/2017,HickoryBottoms,B,9/14/2017,70,Pool
9152017HBPoolB1,OTU441,SS,0.29,BOLD:ABA8054,Animalia,Arthropoda,Insecta,Hymenoptera,NA,NA,NA,10,9/15/2017,HickoryBottoms,B,9/14/2017,70,Pool
9152017HBPoolB1,OTU464,GS,99.4,BOLD:AAA8103,Animalia,Arthropoda,Insecta,Lepidoptera,Depressariidae,Antaeotricha,Antaeotricha leucillana,5,9/15/2017,HickoryBottoms,B,9/14/2017,70,Pool
9152017HBPoolB1,OTU513,SS,0.71,BOLD:ABY8891,Animalia,Arthropoda,Insecta,Diptera,NA,NA,NA,29,9/15/2017,HickoryBottoms,B,9/14/2017,70,Pool
9152017HBPoolB1,OTU531,US,0.9546,BOLD:ABY9885,Animalia,Arthropoda,Insecta,Hymenoptera,NA,NA,NA,5,9/15/2017,HickoryBottoms,B,9/14/2017,70,Pool
9152017HBPoolB1,OTU580,GS,98.3,BOLD:ABZ0908,Animalia,Arthropoda,Insecta,Diptera,Tipulidae,Nephrotoma,Nephrotoma ferruginea,692,9/15/2017,HickoryBottoms,B,9/14/2017,70,Pool
9152017HBPoolB1,OTU606,SS,0.59,BOLD:AAI9170,Animalia,Arthropoda,Insecta,Hemiptera,NA,NA,NA,72,9/15/2017,HickoryBottoms,B,9/14/2017,70,Pool
9152017HBPoolB1,OTU635,GS,97.2,BOLD:AAN5882,Animalia,Arthropoda,Insecta,Diptera,Limoniidae,Erioptera,Erioptera caliptera,84,9/15/2017,HickoryBottoms,B,9/14/2017,70,Pool
9152017HBPoolB1,OTU664,US,0.986,BOLD:ACM8198,Animalia,Arthropoda,Insecta,Coleoptera,NA,NA,NA,160,9/15/2017,HickoryBottoms,B,9/14/2017,70,Pool
9152017HBPoolB1,OTU666,GS,98.9,BOLD:ABW2671,Animalia,Arthropoda,Insecta,Diptera,Tipulidae,NA,NA,321,9/15/2017,HickoryBottoms,B,9/14/2017,70,Pool
9152017HBPoolB1,OTU680,GS,97.2,BOLD:AAF9008,Animalia,Arthropoda,Insecta,Diptera,Limoniidae,Helius,Helius flavipes,32,9/15/2017,HickoryBottoms,B,9/14/2017,70,Pool
9152017HBPoolB1,OTU715,SS,0.71,BOLD:ABZ0908,Animalia,Arthropoda,Insecta,Diptera,NA,NA,NA,34,9/15/2017,HickoryBottoms,B,9/14/2017,70,Pool
9152017HBPoolB1,OTU757,GS,100,BOLD:ABA3960,Animalia,Arthropoda,Insecta,Coleoptera,Chrysomelidae,Paria,Paria fragariae,1,9/15/2017,HickoryBottoms,B,9/14/2017,70,Pool
9152017HBPoolB1,OTU907,SS,0.01,BOLD:AAO3940,Animalia,Arthropoda,Insecta,Diptera,Limoniidae,Rhipidia,NA,4,9/15/2017,HickoryBottoms,B,9/14/2017,70,Pool
9152017HBPoolB1,OTU1107,US,0,BOLD:ACT8457,Animalia,Arthropoda,Insecta,Hymenoptera,NA,NA,NA,1,9/15/2017,HickoryBottoms,B,9/14/2017,70,Pool
9152017HBPoolB1,OTU1116,SS,0.5,BOLD:ABZ0908,Animalia,Arthropoda,Insecta,Diptera,NA,NA,NA,13,9/15/2017,HickoryBottoms,B,9/14/2017,70,Pool
9152017HBPoolB1,OTU1292,GS,97.8,BOLD:AAN5882,Animalia,Arthropoda,Insecta,Diptera,Limoniidae,Erioptera,Erioptera caliptera,219,9/15/2017,HickoryBottoms,B,9/14/2017,70,Pool
9152017HBPoolB1,OTU1401,SS,0.78,BOLD:AAF9008,Animalia,Arthropoda,Insecta,Diptera,NA,NA,NA,3,9/15/2017,HickoryBottoms,B,9/14/2017,70,Pool
9152017HBPoolB1,OTU1455,SS,0.66,BOLD:ABY1538,Animalia,Arthropoda,Insecta,NA,NA,NA,NA,1,9/15/2017,HickoryBottoms,B,9/14/2017,70,Pool
9152017HBPoolB1,OTU1480,US,0.9249,BOLD:AAN5882,Animalia,Arthropoda,Insecta,Diptera,NA,NA,NA,20,9/15/2017,HickoryBottoms,B,9/14/2017,70,Pool
9152017HBPoolB1,OTU1482,SS,0.87,BOLD:AAF9008,Animalia,Arthropoda,Insecta,Diptera,Limoniidae,Helius,Helius flavipes,37,9/15/2017,HickoryBottoms,B,9/14/2017,70,Pool
9152017HBPoolB1,OTU1506,SS,0.23,BOLD:ACJ1478,Animalia,Arthropoda,Insecta,Hymenoptera,NA,NA,NA,3,9/15/2017,HickoryBottoms,B,9/14/2017,70,Pool
9152017HBPoolB1,OTU1513,GS,97.8,BOLD:ACL2801,Animalia,Arthropoda,Insecta,Diptera,Tipulidae,Nephrotoma,Nephrotoma macrocera,73,9/15/2017,HickoryBottoms,B,9/14/2017,70,Pool
9152017HBPoolB1,OTU1524,SS,0.4,BOLD:AAB4070,Animalia,Arthropoda,Insecta,Lepidoptera,NA,NA,NA,3,9/15/2017,HickoryBottoms,B,9/14/2017,70,Pool
9152017HBPoolB1,OTU1543,GS,100,BOLD:ABX8929,Animalia,Arthropoda,Insecta,Coleoptera,NA,NA,NA,7,9/15/2017,HickoryBottoms,B,9/14/2017,70,Pool
9152017HBPoolB1,OTU1554,SS,0.92,BOLD:AAP2734,Animalia,Arthropoda,Insecta,Diptera,Limoniidae,Erioptera,Erioptera parva,211,9/15/2017,HickoryBottoms,B,9/14/2017,70,Pool
9152017HBPoolB1,OTU1664,SS,0.26,BOLD:AAF9008,Animalia,Arthropoda,Insecta,Diptera,NA,NA,NA,7,9/15/2017,HickoryBottoms,B,9/14/2017,70,Pool
9152017HBPoolB1,OTU1753,SS,0.23,BOLD:ABX5888,Animalia,Arthropoda,Insecta,Diptera,NA,NA,NA,28,9/15/2017,HickoryBottoms,B,9/14/2017,70,Pool
9152017HBPoolB1,OTU1782,US,0.9249,BOLD:AAO3940,Animalia,Arthropoda,Insecta,Diptera,NA,NA,NA,1,9/15/2017,HickoryBottoms,B,9/14/2017,70,Pool
9152017HBPoolB1,OTU1819,US,0.9844,BOLD:AAE5173,Animalia,Arthropoda,Insecta,Diptera,NA,NA,NA,1,9/15/2017,HickoryBottoms,B,9/14/2017,70,Pool
9152017HBPoolB1,OTU1910,SS,0.87,BOLD:ABZ0908,Animalia,Arthropoda,Insecta,Diptera,Tipulidae,Nephrotoma,Nephrotoma ferruginea,1,9/15/2017,HickoryBottoms,B,9/14/2017,70,Pool
9152017HBPoolB1,OTU1925,US,0.9546,BOLD:AAP9871,Animalia,Arthropoda,Insecta,Diptera,NA,NA,NA,3,9/15/2017,HickoryBottoms,B,9/14/2017,70,Pool
9152017HBPoolB2,OTU3,GS,100,BOLD:AAP2734,Animalia,Arthropoda,Insecta,Diptera,Limoniidae,Erioptera,Erioptera parva,3395,9/15/2017,HickoryBottoms,B,9/14/2017,70,Pool
9152017HBPoolB2,OTU4,GS,100,BOLD:AAN5882,Animalia,Arthropoda,Insecta,Diptera,Limoniidae,Erioptera,Erioptera caliptera,8923,9/15/2017,HickoryBottoms,B,9/14/2017,70,Pool
9152017HBPoolB2,OTU6,GS,99.4,BOLD:ACZ2169,Animalia,Arthropoda,Insecta,Hemiptera,Cicadellidae,Gyponana,NA,3650,9/15/2017,HickoryBottoms,B,9/14/2017,70,Pool
9152017HBPoolB2,OTU12,GS,100,BOLD:AAE5173,Animalia,Arthropoda,Insecta,Diptera,Psychodidae,PschodididGC,NA,4218,9/15/2017,HickoryBottoms,B,9/14/2017,70,Pool
9152017HBPoolB2,OTU14,GS,99.4,BOLD:AAO3940,Animalia,Arthropoda,Insecta,Diptera,Limoniidae,Rhipidia,NA,325,9/15/2017,HickoryBottoms,B,9/14/2017,70,Pool
9152017HBPoolB2,OTU15,GS,100,BOLD:ABZ0908,Animalia,Arthropoda,Insecta,Diptera,Tipulidae,Nephrotoma,Nephrotoma ferruginea,711,9/15/2017,HickoryBottoms,B,9/14/2017,70,Pool
9152017HBPoolB2,OTU23,GS,100,BOLD:AAF9008,Animalia,Arthropoda,Insecta,Diptera,Limoniidae,Helius,Helius flavipes,1184,9/15/2017,HickoryBottoms,B,9/14/2017,70,Pool
9152017HBPoolB2,OTU52,GS,100,BOLD:AAG4399,Animalia,Arthropoda,Insecta,Hemiptera,Flatidae,Metcalfa,Metcalfa pruinosa,366,9/15/2017,HickoryBottoms,B,9/14/2017,70,Pool
9152017HBPoolB2,OTU53,GS,98,BOLD:ABA6114,Animalia,Arthropoda,Insecta,Hymenoptera,Diapriidae,NA,NA,972,9/15/2017,HickoryBottoms,B,9/14/2017,70,Pool
9152017HBPoolB2,OTU55,GS,100,BOLD:AAF9006,Animalia,Arthropoda,Insecta,Diptera,NA,NA,NA,141,9/15/2017,HickoryBottoms,B,9/14/2017,70,Pool
9152017HBPoolB2,OTU67,GS,100,BOLD:AAO3948,Animalia,Arthropoda,Insecta,Diptera,Tipulidae,Nephrotoma,Nephrotoma macrocera,2305,9/15/2017,HickoryBottoms,B,9/14/2017,70,Pool
9152017HBPoolB2,OTU84,GS,97.8,BOLD:ABU5821,Animalia,Arthropoda,Insecta,Diptera,Tipulidae,Tipula,Tipula sayi,1705,9/15/2017,HickoryBottoms,B,9/14/2017,70,Pool
9152017HBPoolB2,OTU89,GS,98.3,BOLD:ABW2415,Animalia,Arthropoda,Insecta,Diptera,Tipulidae,Nephrotoma,Nephrotoma okefenoke,436,9/15/2017,HickoryBottoms,B,9/14/2017,70,Pool
9152017HBPoolB2,OTU128,GS,98.3,BOLD:AAF9067,Animalia,Arthropoda,Insecta,Diptera,Tipulidae,Tipula,Tipula abdominalis,4304,9/15/2017,HickoryBottoms,B,9/14/2017,70,Pool
9152017HBPoolB2,OTU220,GS,98.3,BOLD:ABA0311,Animalia,Arthropoda,Insecta,Hymenoptera,Ichneumonidae,Charops,Charops WahlJ/H,1140,9/15/2017,HickoryBottoms,B,9/14/2017,70,Pool
9152017HBPoolB2,OTU227,GS,99.4,BOLD:AAO3939,Animalia,Arthropoda,Insecta,Diptera,Limoniidae,Dicranomyia,NA,49,9/15/2017,HickoryBottoms,B,9/14/2017,70,Pool
9152017HBPoolB2,OTU252,GS,100,BOLD:AAC6739,Animalia,Arthropoda,Insecta,Lepidoptera,Coleophoridae,Coleophora,Coleophora borea,13,9/15/2017,HickoryBottoms,B,9/14/2017,70,Pool
9152017HBPoolB2,OTU271,GS,98.9,BOLD:ABX3627,Animalia,Arthropoda,Insecta,Diptera,Limoniidae,NA,NA,17,9/15/2017,HickoryBottoms,B,9/14/2017,70,Pool
9152017HBPoolB2,OTU283,GS,100,BOLD:AAZ5968,Animalia,Arthropoda,Insecta,Diptera,Limoniidae,NA,NA,8,9/15/2017,HickoryBottoms,B,9/14/2017,70,Pool
9152017HBPoolB2,OTU320,US,0,BOLD:ACQ9987,Animalia,Arthropoda,Insecta,Hemiptera,NA,NA,NA,7,9/15/2017,HickoryBottoms,B,9/14/2017,70,Pool
9152017HBPoolB2,OTU396,SS,0.98,BOLD:AAP2734,Animalia,Arthropoda,Insecta,Diptera,Limoniidae,Erioptera,Erioptera parva,30,9/15/2017,HickoryBottoms,B,9/14/2017,70,Pool
9152017HBPoolB2,OTU407,GS,99.4,BOLD:AAK8831,Animalia,Arthropoda,Insecta,Diptera,Limoniidae,Metalimnobia,Metalimnobia cinctipes,9,9/15/2017,HickoryBottoms,B,9/14/2017,70,Pool
9152017HBPoolB2,OTU462,GS,100,BOLD:AAB9126,Animalia,Arthropoda,Insecta,Hymenoptera,Formicidae,Lasius,Lasius neoniger,6,9/15/2017,HickoryBottoms,B,9/14/2017,70,Pool
9152017HBPoolB2,OTU513,SS,0.71,BOLD:ABY8891,Animalia,Arthropoda,Insecta,Diptera,NA,NA,NA,32,9/15/2017,HickoryBottoms,B,9/14/2017,70,Pool
9152017HBPoolB2,OTU531,US,0.9546,BOLD:ABY9885,Animalia,Arthropoda,Insecta,Hymenoptera,NA,NA,NA,5,9/15/2017,HickoryBottoms,B,9/14/2017,70,Pool
9152017HBPoolB2,OTU580,GS,98.3,BOLD:ABZ0908,Animalia,Arthropoda,Insecta,Diptera,Tipulidae,Nephrotoma,Nephrotoma ferruginea,1359,9/15/2017,HickoryBottoms,B,9/14/2017,70,Pool
9152017HBPoolB2,OTU606,SS,0.59,BOLD:AAI9170,Animalia,Arthropoda,Insecta,Hemiptera,NA,NA,NA,124,9/15/2017,HickoryBottoms,B,9/14/2017,70,Pool
9152017HBPoolB2,OTU635,GS,97.2,BOLD:AAN5882,Animalia,Arthropoda,Insecta,Diptera,Limoniidae,Erioptera,Erioptera caliptera,219,9/15/2017,HickoryBottoms,B,9/14/2017,70,Pool
9152017HBPoolB2,OTU661,SS,0.27,BOLD:ABV9305,Animalia,Arthropoda,Insecta,Diptera,NA,NA,NA,1,9/15/2017,HickoryBottoms,B,9/14/2017,70,Pool
9152017HBPoolB2,OTU664,US,0.986,BOLD:ACM8198,Animalia,Arthropoda,Insecta,Coleoptera,NA,NA,NA,143,9/15/2017,HickoryBottoms,B,9/14/2017,70,Pool
9152017HBPoolB2,OTU666,GS,98.9,BOLD:ABW2671,Animalia,Arthropoda,Insecta,Diptera,Tipulidae,NA,NA,565,9/15/2017,HickoryBottoms,B,9/14/2017,70,Pool
9152017HBPoolB2,OTU680,GS,97.2,BOLD:AAF9008,Animalia,Arthropoda,Insecta,Diptera,Limoniidae,Helius,Helius flavipes,63,9/15/2017,HickoryBottoms,B,9/14/2017,70,Pool
9152017HBPoolB2,OTU715,SS,0.71,BOLD:ABZ0908,Animalia,Arthropoda,Insecta,Diptera,NA,NA,NA,67,9/15/2017,HickoryBottoms,B,9/14/2017,70,Pool
9152017HBPoolB2,OTU911,SS,0.56,BOLD:ABA8054,Animalia,Arthropoda,Insecta,Hymenoptera,NA,NA,NA,5,9/15/2017,HickoryBottoms,B,9/14/2017,70,Pool
9152017HBPoolB2,OTU1061,US,0.9967,BOLD:AAG1951,Animalia,Arthropoda,Insecta,Coleoptera,NA,NA,NA,7,9/15/2017,HickoryBottoms,B,9/14/2017,70,Pool
9152017HBPoolB2,OTU1090,GS,97.2,BOLD:ABX3627,Animalia,Arthropoda,Insecta,Diptera,Limoniidae,NA,NA,8,9/15/2017,HickoryBottoms,B,9/14/2017,70,Pool
9152017HBPoolB2,OTU1116,SS,0.5,BOLD:ABZ0908,Animalia,Arthropoda,Insecta,Diptera,NA,NA,NA,18,9/15/2017,HickoryBottoms,B,9/14/2017,70,Pool
9152017HBPoolB2,OTU1219,GS,100,BOLD:AAM6287,Animalia,Arthropoda,Insecta,Diptera,Chironomidae,Phaenopsectra,NA,3,9/15/2017,HickoryBottoms,B,9/14/2017,70,Pool
9152017HBPoolB2,OTU1292,GS,97.8,BOLD:AAN5882,Animalia,Arthropoda,Insecta,Diptera,Limoniidae,Erioptera,Erioptera caliptera,455,9/15/2017,HickoryBottoms,B,9/14/2017,70,Pool
9152017HBPoolB2,OTU1401,SS,0.78,BOLD:AAF9008,Animalia,Arthropoda,Insecta,Diptera,NA,NA,NA,3,9/15/2017,HickoryBottoms,B,9/14/2017,70,Pool
9152017HBPoolB2,OTU1455,SS,0.66,BOLD:ABY1538,Animalia,Arthropoda,Insecta,NA,NA,NA,NA,15,9/15/2017,HickoryBottoms,B,9/14/2017,70,Pool
9152017HBPoolB2,OTU1480,US,0.9249,BOLD:AAN5882,Animalia,Arthropoda,Insecta,Diptera,NA,NA,NA,31,9/15/2017,HickoryBottoms,B,9/14/2017,70,Pool
9152017HBPoolB2,OTU1482,SS,0.87,BOLD:AAF9008,Animalia,Arthropoda,Insecta,Diptera,Limoniidae,Helius,Helius flavipes,81,9/15/2017,HickoryBottoms,B,9/14/2017,70,Pool
9152017HBPoolB2,OTU1513,GS,97.8,BOLD:ACL2801,Animalia,Arthropoda,Insecta,Diptera,Tipulidae,Nephrotoma,Nephrotoma macrocera,105,9/15/2017,HickoryBottoms,B,9/14/2017,70,Pool
9152017HBPoolB2,OTU1524,SS,0.4,BOLD:AAB4070,Animalia,Arthropoda,Insecta,Lepidoptera,NA,NA,NA,12,9/15/2017,HickoryBottoms,B,9/14/2017,70,Pool
9152017HBPoolB2,OTU1543,GS,100,BOLD:ABX8929,Animalia,Arthropoda,Insecta,Coleoptera,NA,NA,NA,10,9/15/2017,HickoryBottoms,B,9/14/2017,70,Pool
9152017HBPoolB2,OTU1554,SS,0.92,BOLD:AAP2734,Animalia,Arthropoda,Insecta,Diptera,Limoniidae,Erioptera,Erioptera parva,457,9/15/2017,HickoryBottoms,B,9/14/2017,70,Pool
9152017HBPoolB2,OTU1664,SS,0.26,BOLD:AAF9008,Animalia,Arthropoda,Insecta,Diptera,NA,NA,NA,6,9/15/2017,HickoryBottoms,B,9/14/2017,70,Pool
9152017HBPoolB2,OTU1685,US,0,BOLD:ACW7826,Animalia,Arthropoda,Insecta,Diptera,NA,NA,NA,1,9/15/2017,HickoryBottoms,B,9/14/2017,70,Pool
9152017HBPoolB2,OTU1753,SS,0.23,BOLD:ABX5888,Animalia,Arthropoda,Insecta,Diptera,NA,NA,NA,59,9/15/2017,HickoryBottoms,B,9/14/2017,70,Pool
9152017HBPoolB2,OTU1810,GS,98.9,BOLD:AAH7853,Animalia,Arthropoda,Insecta,Diptera,Muscidae,Potamia,Potamia littoralis,1,9/15/2017,HickoryBottoms,B,9/14/2017,70,Pool
9152017HBPoolB2,OTU1819,US,0.9844,BOLD:AAE5173,Animalia,Arthropoda,Insecta,Diptera,NA,NA,NA,1,9/15/2017,HickoryBottoms,B,9/14/2017,70,Pool
9152017HBPoolB2,OTU1925,US,0.9546,BOLD:AAP9871,Animalia,Arthropoda,Insecta,Diptera,NA,NA,NA,2,9/15/2017,HickoryBottoms,B,9/14/2017,70,Pool
9152017HBPoolB3,OTU3,GS,100,BOLD:AAP2734,Animalia,Arthropoda,Insecta,Diptera,Limoniidae,Erioptera,Erioptera parva,3287,9/15/2017,HickoryBottoms,B,9/14/2017,70,Pool
9152017HBPoolB3,OTU4,GS,100,BOLD:AAN5882,Animalia,Arthropoda,Insecta,Diptera,Limoniidae,Erioptera,Erioptera caliptera,9763,9/15/2017,HickoryBottoms,B,9/14/2017,70,Pool
9152017HBPoolB3,OTU6,GS,99.4,BOLD:ACZ2169,Animalia,Arthropoda,Insecta,Hemiptera,Cicadellidae,Gyponana,NA,3254,9/15/2017,HickoryBottoms,B,9/14/2017,70,Pool
9152017HBPoolB3,OTU12,GS,100,BOLD:AAE5173,Animalia,Arthropoda,Insecta,Diptera,Psychodidae,PschodididGC,NA,4474,9/15/2017,HickoryBottoms,B,9/14/2017,70,Pool
9152017HBPoolB3,OTU14,GS,99.4,BOLD:AAO3940,Animalia,Arthropoda,Insecta,Diptera,Limoniidae,Rhipidia,NA,278,9/15/2017,HickoryBottoms,B,9/14/2017,70,Pool
9152017HBPoolB3,OTU15,GS,100,BOLD:ABZ0908,Animalia,Arthropoda,Insecta,Diptera,Tipulidae,Nephrotoma,Nephrotoma ferruginea,694,9/15/2017,HickoryBottoms,B,9/14/2017,70,Pool
9152017HBPoolB3,OTU23,GS,100,BOLD:AAF9008,Animalia,Arthropoda,Insecta,Diptera,Limoniidae,Helius,Helius flavipes,929,9/15/2017,HickoryBottoms,B,9/14/2017,70,Pool
9152017HBPoolB3,OTU52,GS,100,BOLD:AAG4399,Animalia,Arthropoda,Insecta,Hemiptera,Flatidae,Metcalfa,Metcalfa pruinosa,230,9/15/2017,HickoryBottoms,B,9/14/2017,70,Pool
9152017HBPoolB3,OTU53,GS,98,BOLD:ABA6114,Animalia,Arthropoda,Insecta,Hymenoptera,Diapriidae,NA,NA,725,9/15/2017,HickoryBottoms,B,9/14/2017,70,Pool
9152017HBPoolB3,OTU55,GS,100,BOLD:AAF9006,Animalia,Arthropoda,Insecta,Diptera,NA,NA,NA,79,9/15/2017,HickoryBottoms,B,9/14/2017,70,Pool
9152017HBPoolB3,OTU67,GS,100,BOLD:AAO3948,Animalia,Arthropoda,Insecta,Diptera,Tipulidae,Nephrotoma,Nephrotoma macrocera,2360,9/15/2017,HickoryBottoms,B,9/14/2017,70,Pool
9152017HBPoolB3,OTU78,US,1,BOLD:AAY8864,Animalia,Arthropoda,Insecta,Diptera,NA,NA,NA,24,9/15/2017,HickoryBottoms,B,9/14/2017,70,Pool
9152017HBPoolB3,OTU84,GS,97.8,BOLD:ABU5821,Animalia,Arthropoda,Insecta,Diptera,Tipulidae,Tipula,Tipula sayi,1804,9/15/2017,HickoryBottoms,B,9/14/2017,70,Pool
9152017HBPoolB3,OTU89,GS,98.3,BOLD:ABW2415,Animalia,Arthropoda,Insecta,Diptera,Tipulidae,Nephrotoma,Nephrotoma okefenoke,464,9/15/2017,HickoryBottoms,B,9/14/2017,70,Pool
9152017HBPoolB3,OTU128,GS,98.3,BOLD:AAF9067,Animalia,Arthropoda,Insecta,Diptera,Tipulidae,Tipula,Tipula abdominalis,4509,9/15/2017,HickoryBottoms,B,9/14/2017,70,Pool
9152017HBPoolB3,OTU219,GS,100,BOLD:AAD1855,Animalia,Arthropoda,Insecta,Lepidoptera,Tortricidae,Episimus,Episimus tyrius,5,9/15/2017,HickoryBottoms,B,9/14/2017,70,Pool
9152017HBPoolB3,OTU220,GS,98.3,BOLD:ABA0311,Animalia,Arthropoda,Insecta,Hymenoptera,Ichneumonidae,Charops,Charops WahlJ/H,767,9/15/2017,HickoryBottoms,B,9/14/2017,70,Pool
9152017HBPoolB3,OTU227,GS,99.4,BOLD:AAO3939,Animalia,Arthropoda,Insecta,Diptera,Limoniidae,Dicranomyia,NA,47,9/15/2017,HickoryBottoms,B,9/14/2017,70,Pool
9152017HBPoolB3,OTU252,GS,100,BOLD:AAC6739,Animalia,Arthropoda,Insecta,Lepidoptera,Coleophoridae,Coleophora,Coleophora borea,20,9/15/2017,HickoryBottoms,B,9/14/2017,70,Pool
9152017HBPoolB3,OTU271,GS,98.9,BOLD:ABX3627,Animalia,Arthropoda,Insecta,Diptera,Limoniidae,NA,NA,22,9/15/2017,HickoryBottoms,B,9/14/2017,70,Pool
9152017HBPoolB3,OTU283,GS,100,BOLD:AAZ5968,Animalia,Arthropoda,Insecta,Diptera,Limoniidae,NA,NA,4,9/15/2017,HickoryBottoms,B,9/14/2017,70,Pool
9152017HBPoolB3,OTU513,SS,0.71,BOLD:ABY8891,Animalia,Arthropoda,Insecta,Diptera,NA,NA,NA,30,9/15/2017,HickoryBottoms,B,9/14/2017,70,Pool
9152017HBPoolB3,OTU531,US,0.9546,BOLD:ABY9885,Animalia,Arthropoda,Insecta,Hymenoptera,NA,NA,NA,6,9/15/2017,HickoryBottoms,B,9/14/2017,70,Pool
9152017HBPoolB3,OTU580,GS,98.3,BOLD:ABZ0908,Animalia,Arthropoda,Insecta,Diptera,Tipulidae,Nephrotoma,Nephrotoma ferruginea,1303,9/15/2017,HickoryBottoms,B,9/14/2017,70,Pool
9152017HBPoolB3,OTU606,SS,0.59,BOLD:AAI9170,Animalia,Arthropoda,Insecta,Hemiptera,NA,NA,NA,160,9/15/2017,HickoryBottoms,B,9/14/2017,70,Pool
9152017HBPoolB3,OTU635,GS,97.2,BOLD:AAN5882,Animalia,Arthropoda,Insecta,Diptera,Limoniidae,Erioptera,Erioptera caliptera,178,9/15/2017,HickoryBottoms,B,9/14/2017,70,Pool
9152017HBPoolB3,OTU664,US,0.986,BOLD:ACM8198,Animalia,Arthropoda,Insecta,Coleoptera,NA,NA,NA,143,9/15/2017,HickoryBottoms,B,9/14/2017,70,Pool
9152017HBPoolB3,OTU666,GS,98.9,BOLD:ABW2671,Animalia,Arthropoda,Insecta,Diptera,Tipulidae,NA,NA,538,9/15/2017,HickoryBottoms,B,9/14/2017,70,Pool
9152017HBPoolB3,OTU680,GS,97.2,BOLD:AAF9008,Animalia,Arthropoda,Insecta,Diptera,Limoniidae,Helius,Helius flavipes,52,9/15/2017,HickoryBottoms,B,9/14/2017,70,Pool
9152017HBPoolB3,OTU715,SS,0.71,BOLD:ABZ0908,Animalia,Arthropoda,Insecta,Diptera,NA,NA,NA,62,9/15/2017,HickoryBottoms,B,9/14/2017,70,Pool
9152017HBPoolB3,OTU757,GS,100,BOLD:ABA3960,Animalia,Arthropoda,Insecta,Coleoptera,Chrysomelidae,Paria,Paria fragariae,1,9/15/2017,HickoryBottoms,B,9/14/2017,70,Pool
9152017HBPoolB3,OTU907,SS,0.01,BOLD:AAO3940,Animalia,Arthropoda,Insecta,Diptera,Limoniidae,Rhipidia,NA,3,9/15/2017,HickoryBottoms,B,9/14/2017,70,Pool
9152017HBPoolB3,OTU1061,US,0.9967,BOLD:AAG1951,Animalia,Arthropoda,Insecta,Coleoptera,NA,NA,NA,3,9/15/2017,HickoryBottoms,B,9/14/2017,70,Pool
9152017HBPoolB3,OTU1090,GS,97.2,BOLD:ABX3627,Animalia,Arthropoda,Insecta,Diptera,Limoniidae,NA,NA,4,9/15/2017,HickoryBottoms,B,9/14/2017,70,Pool
9152017HBPoolB3,OTU1116,SS,0.5,BOLD:ABZ0908,Animalia,Arthropoda,Insecta,Diptera,NA,NA,NA,11,9/15/2017,HickoryBottoms,B,9/14/2017,70,Pool
9152017HBPoolB3,OTU1292,GS,97.8,BOLD:AAN5882,Animalia,Arthropoda,Insecta,Diptera,Limoniidae,Erioptera,Erioptera caliptera,505,9/15/2017,HickoryBottoms,B,9/14/2017,70,Pool
9152017HBPoolB3,OTU1401,SS,0.78,BOLD:AAF9008,Animalia,Arthropoda,Insecta,Diptera,NA,NA,NA,3,9/15/2017,HickoryBottoms,B,9/14/2017,70,Pool
9152017HBPoolB3,OTU1455,SS,0.66,BOLD:ABY1538,Animalia,Arthropoda,Insecta,NA,NA,NA,NA,17,9/15/2017,HickoryBottoms,B,9/14/2017,70,Pool
9152017HBPoolB3,OTU1480,US,0.9249,BOLD:AAN5882,Animalia,Arthropoda,Insecta,Diptera,NA,NA,NA,41,9/15/2017,HickoryBottoms,B,9/14/2017,70,Pool
9152017HBPoolB3,OTU1482,SS,0.87,BOLD:AAF9008,Animalia,Arthropoda,Insecta,Diptera,Limoniidae,Helius,Helius flavipes,82,9/15/2017,HickoryBottoms,B,9/14/2017,70,Pool
9152017HBPoolB3,OTU1513,GS,97.8,BOLD:ACL2801,Animalia,Arthropoda,Insecta,Diptera,Tipulidae,Nephrotoma,Nephrotoma macrocera,93,9/15/2017,HickoryBottoms,B,9/14/2017,70,Pool
9152017HBPoolB3,OTU1524,SS,0.4,BOLD:AAB4070,Animalia,Arthropoda,Insecta,Lepidoptera,NA,NA,NA,5,9/15/2017,HickoryBottoms,B,9/14/2017,70,Pool
9152017HBPoolB3,OTU1543,GS,100,BOLD:ABX8929,Animalia,Arthropoda,Insecta,Coleoptera,NA,NA,NA,14,9/15/2017,HickoryBottoms,B,9/14/2017,70,Pool
9152017HBPoolB3,OTU1554,SS,0.92,BOLD:AAP2734,Animalia,Arthropoda,Insecta,Diptera,Limoniidae,Erioptera,Erioptera parva,465,9/15/2017,HickoryBottoms,B,9/14/2017,70,Pool
9152017HBPoolB3,OTU1664,SS,0.26,BOLD:AAF9008,Animalia,Arthropoda,Insecta,Diptera,NA,NA,NA,5,9/15/2017,HickoryBottoms,B,9/14/2017,70,Pool
9152017HBPoolB3,OTU1753,SS,0.23,BOLD:ABX5888,Animalia,Arthropoda,Insecta,Diptera,NA,NA,NA,61,9/15/2017,HickoryBottoms,B,9/14/2017,70,Pool
9152017HBPoolB3,OTU1782,US,0.9249,BOLD:AAO3940,Animalia,Arthropoda,Insecta,Diptera,NA,NA,NA,2,9/15/2017,HickoryBottoms,B,9/14/2017,70,Pool
9152017HBPoolB3,OTU1910,SS,0.87,BOLD:ABZ0908,Animalia,Arthropoda,Insecta,Diptera,Tipulidae,Nephrotoma,Nephrotoma ferruginea,3,9/15/2017,HickoryBottoms,B,9/14/2017,70,Pool
9152017HBPoolB4,OTU3,GS,100,BOLD:AAP2734,Animalia,Arthropoda,Insecta,Diptera,Limoniidae,Erioptera,Erioptera parva,3309,9/15/2017,HickoryBottoms,B,9/14/2017,70,Pool
9152017HBPoolB4,OTU4,GS,100,BOLD:AAN5882,Animalia,Arthropoda,Insecta,Diptera,Limoniidae,Erioptera,Erioptera caliptera,10355,9/15/2017,HickoryBottoms,B,9/14/2017,70,Pool
9152017HBPoolB4,OTU6,GS,99.4,BOLD:ACZ2169,Animalia,Arthropoda,Insecta,Hemiptera,Cicadellidae,Gyponana,NA,1794,9/15/2017,HickoryBottoms,B,9/14/2017,70,Pool
9152017HBPoolB4,OTU12,GS,100,BOLD:AAE5173,Animalia,Arthropoda,Insecta,Diptera,Psychodidae,PschodididGC,NA,4202,9/15/2017,HickoryBottoms,B,9/14/2017,70,Pool
9152017HBPoolB4,OTU14,GS,99.4,BOLD:AAO3940,Animalia,Arthropoda,Insecta,Diptera,Limoniidae,Rhipidia,NA,329,9/15/2017,HickoryBottoms,B,9/14/2017,70,Pool
9152017HBPoolB4,OTU15,GS,100,BOLD:ABZ0908,Animalia,Arthropoda,Insecta,Diptera,Tipulidae,Nephrotoma,Nephrotoma ferruginea,713,9/15/2017,HickoryBottoms,B,9/14/2017,70,Pool
9152017HBPoolB4,OTU23,GS,100,BOLD:AAF9008,Animalia,Arthropoda,Insecta,Diptera,Limoniidae,Helius,Helius flavipes,1031,9/15/2017,HickoryBottoms,B,9/14/2017,70,Pool
9152017HBPoolB4,OTU52,GS,100,BOLD:AAG4399,Animalia,Arthropoda,Insecta,Hemiptera,Flatidae,Metcalfa,Metcalfa pruinosa,148,9/15/2017,HickoryBottoms,B,9/14/2017,70,Pool
9152017HBPoolB4,OTU53,GS,98,BOLD:ABA6114,Animalia,Arthropoda,Insecta,Hymenoptera,Diapriidae,NA,NA,548,9/15/2017,HickoryBottoms,B,9/14/2017,70,Pool
9152017HBPoolB4,OTU55,GS,100,BOLD:AAF9006,Animalia,Arthropoda,Insecta,Diptera,NA,NA,NA,134,9/15/2017,HickoryBottoms,B,9/14/2017,70,Pool
9152017HBPoolB4,OTU67,GS,100,BOLD:AAO3948,Animalia,Arthropoda,Insecta,Diptera,Tipulidae,Nephrotoma,Nephrotoma macrocera,1935,9/15/2017,HickoryBottoms,B,9/14/2017,70,Pool
9152017HBPoolB4,OTU78,US,1,BOLD:AAY8864,Animalia,Arthropoda,Insecta,Diptera,NA,NA,NA,20,9/15/2017,HickoryBottoms,B,9/14/2017,70,Pool
9152017HBPoolB4,OTU84,GS,97.8,BOLD:ABU5821,Animalia,Arthropoda,Insecta,Diptera,Tipulidae,Tipula,Tipula sayi,1538,9/15/2017,HickoryBottoms,B,9/14/2017,70,Pool
9152017HBPoolB4,OTU89,GS,98.3,BOLD:ABW2415,Animalia,Arthropoda,Insecta,Diptera,Tipulidae,Nephrotoma,Nephrotoma okefenoke,332,9/15/2017,HickoryBottoms,B,9/14/2017,70,Pool
9152017HBPoolB4,OTU128,GS,98.3,BOLD:AAF9067,Animalia,Arthropoda,Insecta,Diptera,Tipulidae,Tipula,Tipula abdominalis,3747,9/15/2017,HickoryBottoms,B,9/14/2017,70,Pool
9152017HBPoolB4,OTU220,GS,98.3,BOLD:ABA0311,Animalia,Arthropoda,Insecta,Hymenoptera,Ichneumonidae,Charops,Charops WahlJ/H,1021,9/15/2017,HickoryBottoms,B,9/14/2017,70,Pool
9152017HBPoolB4,OTU227,GS,99.4,BOLD:AAO3939,Animalia,Arthropoda,Insecta,Diptera,Limoniidae,Dicranomyia,NA,15,9/15/2017,HickoryBottoms,B,9/14/2017,70,Pool
9152017HBPoolB4,OTU252,GS,100,BOLD:AAC6739,Animalia,Arthropoda,Insecta,Lepidoptera,Coleophoridae,Coleophora,Coleophora borea,6,9/15/2017,HickoryBottoms,B,9/14/2017,70,Pool
9152017HBPoolB4,OTU271,GS,98.9,BOLD:ABX3627,Animalia,Arthropoda,Insecta,Diptera,Limoniidae,NA,NA,15,9/15/2017,HickoryBottoms,B,9/14/2017,70,Pool
9152017HBPoolB4,OTU283,GS,100,BOLD:AAZ5968,Animalia,Arthropoda,Insecta,Diptera,Limoniidae,NA,NA,7,9/15/2017,HickoryBottoms,B,9/14/2017,70,Pool
9152017HBPoolB4,OTU462,GS,100,BOLD:AAB9126,Animalia,Arthropoda,Insecta,Hymenoptera,Formicidae,Lasius,Lasius neoniger,2,9/15/2017,HickoryBottoms,B,9/14/2017,70,Pool
9152017HBPoolB4,OTU513,SS,0.71,BOLD:ABY8891,Animalia,Arthropoda,Insecta,Diptera,NA,NA,NA,32,9/15/2017,HickoryBottoms,B,9/14/2017,70,Pool
9152017HBPoolB4,OTU567,GS,98.9,BOLD:ACX6016,Animalia,Arthropoda,Arachnida,Araneae,Uloboridae,Hyptiotes,Hyptiotes cavatus,4,9/15/2017,HickoryBottoms,B,9/14/2017,70,Pool
9152017HBPoolB4,OTU580,GS,98.3,BOLD:ABZ0908,Animalia,Arthropoda,Insecta,Diptera,Tipulidae,Nephrotoma,Nephrotoma ferruginea,977,9/15/2017,HickoryBottoms,B,9/14/2017,70,Pool
9152017HBPoolB4,OTU606,SS,0.59,BOLD:AAI9170,Animalia,Arthropoda,Insecta,Hemiptera,NA,NA,NA,55,9/15/2017,HickoryBottoms,B,9/14/2017,70,Pool
9152017HBPoolB4,OTU635,GS,97.2,BOLD:AAN5882,Animalia,Arthropoda,Insecta,Diptera,Limoniidae,Erioptera,Erioptera caliptera,211,9/15/2017,HickoryBottoms,B,9/14/2017,70,Pool
9152017HBPoolB4,OTU664,US,0.986,BOLD:ACM8198,Animalia,Arthropoda,Insecta,Coleoptera,NA,NA,NA,188,9/15/2017,HickoryBottoms,B,9/14/2017,70,Pool
9152017HBPoolB4,OTU666,GS,98.9,BOLD:ABW2671,Animalia,Arthropoda,Insecta,Diptera,Tipulidae,NA,NA,314,9/15/2017,HickoryBottoms,B,9/14/2017,70,Pool
9152017HBPoolB4,OTU680,GS,97.2,BOLD:AAF9008,Animalia,Arthropoda,Insecta,Diptera,Limoniidae,Helius,Helius flavipes,51,9/15/2017,HickoryBottoms,B,9/14/2017,70,Pool
9152017HBPoolB4,OTU688,GS,97.8,BOLD:ACC0381,Animalia,Arthropoda,Insecta,Hemiptera,Miridae,Tropidosteptes,NA,8,9/15/2017,HickoryBottoms,B,9/14/2017,70,Pool
9152017HBPoolB4,OTU715,SS,0.71,BOLD:ABZ0908,Animalia,Arthropoda,Insecta,Diptera,NA,NA,NA,51,9/15/2017,HickoryBottoms,B,9/14/2017,70,Pool
9152017HBPoolB4,OTU728,GS,100,BOLD:ABA6114,Animalia,Arthropoda,Insecta,Hymenoptera,Diapriidae,NA,NA,1,9/15/2017,HickoryBottoms,B,9/14/2017,70,Pool
9152017HBPoolB4,OTU907,SS,0.01,BOLD:AAO3940,Animalia,Arthropoda,Insecta,Diptera,Limoniidae,Rhipidia,NA,7,9/15/2017,HickoryBottoms,B,9/14/2017,70,Pool
9152017HBPoolB4,OTU911,SS,0.56,BOLD:ABA8054,Animalia,Arthropoda,Insecta,Hymenoptera,NA,NA,NA,2,9/15/2017,HickoryBottoms,B,9/14/2017,70,Pool
9152017HBPoolB4,OTU1090,GS,97.2,BOLD:ABX3627,Animalia,Arthropoda,Insecta,Diptera,Limoniidae,NA,NA,6,9/15/2017,HickoryBottoms,B,9/14/2017,70,Pool
9152017HBPoolB4,OTU1116,SS,0.5,BOLD:ABZ0908,Animalia,Arthropoda,Insecta,Diptera,NA,NA,NA,14,9/15/2017,HickoryBottoms,B,9/14/2017,70,Pool
9152017HBPoolB4,OTU1244,SS,0.81,BOLD:AAN5882,Animalia,Arthropoda,Insecta,Diptera,Limoniidae,Erioptera,Erioptera caliptera,11,9/15/2017,HickoryBottoms,B,9/14/2017,70,Pool
9152017HBPoolB4,OTU1292,GS,97.8,BOLD:AAN5882,Animalia,Arthropoda,Insecta,Diptera,Limoniidae,Erioptera,Erioptera caliptera,504,9/15/2017,HickoryBottoms,B,9/14/2017,70,Pool
9152017HBPoolB4,OTU1319,GS,98.3,BOLD:AAP3037,Animalia,Arthropoda,Insecta,Diptera,NA,NA,NA,1,9/15/2017,HickoryBottoms,B,9/14/2017,70,Pool
9152017HBPoolB4,OTU1401,SS,0.78,BOLD:AAF9008,Animalia,Arthropoda,Insecta,Diptera,NA,NA,NA,1,9/15/2017,HickoryBottoms,B,9/14/2017,70,Pool
9152017HBPoolB4,OTU1455,SS,0.66,BOLD:ABY1538,Animalia,Arthropoda,Insecta,NA,NA,NA,NA,25,9/15/2017,HickoryBottoms,B,9/14/2017,70,Pool
9152017HBPoolB4,OTU1480,US,0.9249,BOLD:AAN5882,Animalia,Arthropoda,Insecta,Diptera,NA,NA,NA,48,9/15/2017,HickoryBottoms,B,9/14/2017,70,Pool
9152017HBPoolB4,OTU1482,SS,0.87,BOLD:AAF9008,Animalia,Arthropoda,Insecta,Diptera,Limoniidae,Helius,Helius flavipes,79,9/15/2017,HickoryBottoms,B,9/14/2017,70,Pool
9152017HBPoolB4,OTU1513,GS,97.8,BOLD:ACL2801,Animalia,Arthropoda,Insecta,Diptera,Tipulidae,Nephrotoma,Nephrotoma macrocera,94,9/15/2017,HickoryBottoms,B,9/14/2017,70,Pool
9152017HBPoolB4,OTU1524,SS,0.4,BOLD:AAB4070,Animalia,Arthropoda,Insecta,Lepidoptera,NA,NA,NA,5,9/15/2017,HickoryBottoms,B,9/14/2017,70,Pool
9152017HBPoolB4,OTU1543,GS,100,BOLD:ABX8929,Animalia,Arthropoda,Insecta,Coleoptera,NA,NA,NA,10,9/15/2017,HickoryBottoms,B,9/14/2017,70,Pool
9152017HBPoolB4,OTU1554,SS,0.92,BOLD:AAP2734,Animalia,Arthropoda,Insecta,Diptera,Limoniidae,Erioptera,Erioptera parva,487,9/15/2017,HickoryBottoms,B,9/14/2017,70,Pool
9152017HBPoolB4,OTU1664,SS,0.26,BOLD:AAF9008,Animalia,Arthropoda,Insecta,Diptera,NA,NA,NA,6,9/15/2017,HickoryBottoms,B,9/14/2017,70,Pool
9152017HBPoolB4,OTU1753,SS,0.23,BOLD:ABX5888,Animalia,Arthropoda,Insecta,Diptera,NA,NA,NA,87,9/15/2017,HickoryBottoms,B,9/14/2017,70,Pool
9152017HBPoolB4,OTU1782,US,0.9249,BOLD:AAO3940,Animalia,Arthropoda,Insecta,Diptera,NA,NA,NA,2,9/15/2017,HickoryBottoms,B,9/14/2017,70,Pool
9152017HBPoolB4,OTU1910,SS,0.87,BOLD:ABZ0908,Animalia,Arthropoda,Insecta,Diptera,Tipulidae,Nephrotoma,Nephrotoma ferruginea,4,9/15/2017,HickoryBottoms,B,9/14/2017,70,Pool
9152017HBPoolB4,OTU1925,US,0.9546,BOLD:AAP9871,Animalia,Arthropoda,Insecta,Diptera,NA,NA,NA,6,9/15/2017,HickoryBottoms,B,9/14/2017,70,Pool
ExtractionNTC11S115,OTU12,GS,100,BOLD:AAE5173,Animalia,Arthropoda,Insecta,Diptera,Psychodidae,PschodididGC,NA,43236,control,control,control,control,NA,Single
ExtractionNTC1S1,OTU1,US,0.0026,BOLD:AAD6798,Animalia,Arthropoda,Insecta,Diptera,NA,NA,NA,771,control,control,control,control,NA,Single
ExtractionNTC1S1,OTU4,GS,100,BOLD:AAN5882,Animalia,Arthropoda,Insecta,Diptera,Limoniidae,Erioptera,Erioptera caliptera,518,control,control,control,control,NA,Single
ExtractionNTC1S1,OTU5,GS,99.4,BOLD:AAN5451,Animalia,Arthropoda,Arachnida,Araneae,Araneidae,Eustala,NA,645,control,control,control,control,NA,Single
ExtractionNTC1S1,OTU10,GS,100,BOLD:ACF3057,Animalia,Arthropoda,Insecta,Lepidoptera,Tineidae,Acrolophus,Acrolophus mortipennella,1079,control,control,control,control,NA,Single
ExtractionNTC1S1,OTU11,GS,99.4,BOLD:AAG3848,Animalia,Arthropoda,Insecta,Diptera,Culicidae,Culex,Culex erraticus,1808,control,control,control,control,NA,Single
ExtractionNTC1S1,OTU12,GS,100,BOLD:AAE5173,Animalia,Arthropoda,Insecta,Diptera,Psychodidae,PschodididGC,NA,4597,control,control,control,control,NA,Single
ExtractionNTC1S1,OTU14,GS,99.4,BOLD:AAO3940,Animalia,Arthropoda,Insecta,Diptera,Limoniidae,Rhipidia,NA,3779,control,control,control,control,NA,Single
ExtractionNTC1S1,OTU16,GS,100,BOLD:AAA7067,Animalia,Arthropoda,Insecta,Diptera,Culicidae,Aedes,Aedes vexans,6404,control,control,control,control,NA,Single
ExtractionNTC1S1,OTU29,US,0,BOLD:ADD1431,Animalia,Arthropoda,Arachnida,Trombidiformes,NA,NA,NA,358,control,control,control,control,NA,Single
ExtractionNTC1S1,OTU34,GS,100,BOLD:AAM6211,Animalia,Arthropoda,Insecta,Diptera,Chironomidae,Glyptotendipes,NA,283,control,control,control,control,NA,Single
ExtractionNTC1S1,OTU35,GS,100,BOLD:ABW4215,Animalia,Arthropoda,Insecta,Diptera,Chironomidae,Glyptotendipes,Glyptotendipes meridionalis,4085,control,control,control,control,NA,Single
ExtractionNTC1S1,OTU57,GS,100,BOLD:AAI1618,Animalia,Arthropoda,Insecta,Diptera,Culicidae,Coquillettidia,Coquillettidia perturbans,4623,control,control,control,control,NA,Single
ExtractionNTC1S1,OTU115,GS,100,BOLD:AAA4942,Animalia,Arthropoda,Arachnida,Araneae,Tetragnathidae,Tetragnatha,Tetragnatha elongata,1206,control,control,control,control,NA,Single
ExtractionNTC1S1,OTU117,GS,100,BOLD:AAH5449,Animalia,Arthropoda,Insecta,Lepidoptera,Tineidae,Acrolophus,Acrolophus propinqua,361,control,control,control,control,NA,Single
ExtractionNTC1S1,OTU212,US,1,BOLD:ACE7661,Animalia,Arthropoda,Arachnida,Araneae,NA,NA,NA,22,control,control,control,control,NA,Single
ExtractionNTC1S1,OTU317,GS,99.4,BOLD:ACA8818,Animalia,Arthropoda,Insecta,Hemiptera,Derbidae,Patara,Patara vanduzeei,107,control,control,control,control,NA,Single
ExtractionNTC1S1,OTU345,US,0.986,BOLD:ACE7334,Animalia,Arthropoda,Insecta,Diptera,NA,NA,NA,173,control,control,control,control,NA,Single
ExtractionNTC1S1,OTU779,GS,99.4,BOLD:ABW9743,Animalia,Arthropoda,Insecta,Hemiptera,Cicadellidae,Scaphoideus,NA,18,control,control,control,control,NA,Single
ExtractionNTC1S1,OTU935,SS,0.01,BOLD:AAO3940,Animalia,Arthropoda,Insecta,Diptera,Limoniidae,Rhipidia,NA,6,control,control,control,control,NA,Single
ExtractionNTC1S1,OTU1097,GS,97.2,BOLD:AAN5451,Animalia,Arthropoda,Arachnida,Araneae,Araneidae,Eustala,NA,50,control,control,control,control,NA,Single
ExtractionNTC1S1,OTU1130,SS,0.64,BOLD:AAN4385,Animalia,Arthropoda,Insecta,Diptera,NA,NA,NA,16,control,control,control,control,NA,Single
ExtractionNTC1S1,OTU1292,GS,97.8,BOLD:AAN5882,Animalia,Arthropoda,Insecta,Diptera,Limoniidae,Erioptera,Erioptera caliptera,22,control,control,control,control,NA,Single
ExtractionNTC1S1,OTU1296,GS,97.2,BOLD:AAD2334,Animalia,Arthropoda,Insecta,Lepidoptera,Tineidae,Acrolophus,Acrolophus hasbroucki,149,control,control,control,control,NA,Single
ExtractionNTC1S1,OTU1317,SS,0.01,BOLD:AAN5451,Animalia,Arthropoda,Arachnida,Araneae,Araneidae,Eustala,NA,28,control,control,control,control,NA,Single
ExtractionNTC1S1,OTU1350,GS,97.2,BOLD:AAA7067,Animalia,Arthropoda,Insecta,Diptera,Culicidae,Aedes,Aedes vexans,34,control,control,control,control,NA,Single
ExtractionNTC1S1,OTU1401,SS,0.78,BOLD:AAF9008,Animalia,Arthropoda,Insecta,Diptera,NA,NA,NA,1,control,control,control,control,NA,Single
ExtractionNTC1S1,OTU1412,US,0.9936,BOLD:ADD1431,Animalia,Arthropoda,Insecta,Diptera,NA,NA,NA,9,control,control,control,control,NA,Single
ExtractionNTC1S1,OTU1434,GS,97.6,BOLD:AAA7067,Animalia,Arthropoda,Insecta,Diptera,Culicidae,Aedes,Aedes vexans,90,control,control,control,control,NA,Single
ExtractionNTC1S1,OTU1748,SS,0.6,BOLD:ACF8409,Animalia,Arthropoda,Insecta,Diptera,NA,NA,NA,6,control,control,control,control,NA,Single
ExtractionNTC1S1,OTU1782,US,0.9249,BOLD:AAO3940,Animalia,Arthropoda,Insecta,Diptera,NA,NA,NA,1,control,control,control,control,NA,Single
ExtractionNTC1S1,OTU1819,US,0.9844,BOLD:AAE5173,Animalia,Arthropoda,Insecta,Diptera,NA,NA,NA,2,control,control,control,control,NA,Single
ExtractionNTC1S1,OTU1871,SS,0.85,BOLD:AAG3848,Animalia,Arthropoda,Insecta,Diptera,Culicidae,Culex,Culex erraticus,9,control,control,control,control,NA,Single
ExtractionNTC1S1,OTU1878,SS,0.78,BOLD:ABW4215,Animalia,Arthropoda,Insecta,Diptera,NA,NA,NA,17,control,control,control,control,NA,Single
ExtractionNTC2S10,OTU7,GS,100,BOLD:AAF4632,Animalia,Arthropoda,Insecta,Diptera,Limoniidae,Epiphragma,Epiphragma solatrix,12019,control,control,control,control,NA,Single
ExtractionNTC2S10,OTU12,GS,100,BOLD:AAE5173,Animalia,Arthropoda,Insecta,Diptera,Psychodidae,PschodididGC,NA,3664,control,control,control,control,NA,Single
ExtractionNTC2S10,OTU16,GS,100,BOLD:AAA7067,Animalia,Arthropoda,Insecta,Diptera,Culicidae,Aedes,Aedes vexans,1825,control,control,control,control,NA,Single
ExtractionNTC2S10,OTU1130,SS,0.64,BOLD:AAN4385,Animalia,Arthropoda,Insecta,Diptera,NA,NA,NA,4,control,control,control,control,NA,Single
ExtractionNTC2S10,OTU1210,GS,97.2,BOLD:AAF4632,Animalia,Arthropoda,Insecta,Diptera,Limoniidae,Epiphragma,Epiphragma solatrix,57,control,control,control,control,NA,Single
ExtractionNTC2S10,OTU1265,SS,0.83,BOLD:AAF4632,Animalia,Arthropoda,Insecta,Diptera,Limoniidae,Epiphragma,Epiphragma solatrix,12,control,control,control,control,NA,Single
ExtractionNTC2S10,OTU1403,SS,0.36,BOLD:ACV0130,Animalia,Arthropoda,Insecta,Diptera,NA,NA,NA,2,control,control,control,control,NA,Single
ExtractionNTC2S10,OTU1683,SS,0.84,BOLD:AAF4632,Animalia,Arthropoda,Insecta,Diptera,Limoniidae,Epiphragma,Epiphragma solatrix,9,control,control,control,control,NA,Single
ExtractionNTC2S10,OTU1834,SS,0.74,BOLD:AAF4632,Animalia,Arthropoda,Insecta,Diptera,NA,NA,NA,2,control,control,control,control,NA,Single
ExtractionNTC3S19,OTU4,GS,100,BOLD:AAN5882,Animalia,Arthropoda,Insecta,Diptera,Limoniidae,Erioptera,Erioptera caliptera,6447,control,control,control,control,NA,Single
ExtractionNTC3S19,OTU68,GS,100,BOLD:AAB7030,Animalia,Arthropoda,Insecta,Diptera,Chironomidae,Chironomus,Chironomus decorus,3982,control,control,control,control,NA,Single
ExtractionNTC3S19,OTU407,GS,99.4,BOLD:AAK8831,Animalia,Arthropoda,Insecta,Diptera,Limoniidae,Metalimnobia,Metalimnobia cinctipes,5,control,control,control,control,NA,Single
ExtractionNTC3S19,OTU1244,SS,0.81,BOLD:AAN5882,Animalia,Arthropoda,Insecta,Diptera,Limoniidae,Erioptera,Erioptera caliptera,965,control,control,control,control,NA,Single
ExtractionNTC3S19,OTU1292,GS,97.8,BOLD:AAN5882,Animalia,Arthropoda,Insecta,Diptera,Limoniidae,Erioptera,Erioptera caliptera,3,control,control,control,control,NA,Single
ExtractionNTC3S19,OTU1351,SS,0.94,BOLD:AAB7030,Animalia,Arthropoda,Insecta,Diptera,Chironomidae,Chironomus,Chironomus decorus,10,control,control,control,control,NA,Single
ExtractionNTC3S19,OTU1480,US,0.9249,BOLD:AAN5882,Animalia,Arthropoda,Insecta,Diptera,NA,NA,NA,6,control,control,control,control,NA,Single
ExtractionNTC3S19,OTU1554,SS,0.92,BOLD:AAP2734,Animalia,Arthropoda,Insecta,Diptera,Limoniidae,Erioptera,Erioptera parva,4,control,control,control,control,NA,Single
ExtractionNTC4S28,OTU1,US,0.0026,BOLD:AAD6798,Animalia,Arthropoda,Insecta,Diptera,NA,NA,NA,2759,control,control,control,control,NA,Single
ExtractionNTC4S28,OTU5,GS,99.4,BOLD:AAN5451,Animalia,Arthropoda,Arachnida,Araneae,Araneidae,Eustala,NA,2960,control,control,control,control,NA,Single
ExtractionNTC4S28,OTU9,US,0.7924,BOLD:AAG8502,Animalia,Arthropoda,Insecta,NA,NA,NA,NA,6381,control,control,control,control,NA,Single
ExtractionNTC4S28,OTU18,GS,100,BOLD:ABY8739,Animalia,Arthropoda,Insecta,Diptera,Tabanidae,NA,NA,4885,control,control,control,control,NA,Single
ExtractionNTC4S28,OTU319,US,0,None,Animalia,Arthropoda,Arachnida,Mesostigmata,NA,NA,NA,78,control,control,control,control,NA,Single
ExtractionNTC4S28,OTU1656,US,0.9715,BOLD:AAD6798,Animalia,Arthropoda,Insecta,Diptera,NA,NA,NA,5,control,control,control,control,NA,Single
ExtractionNTC7S55,OTU3,GS,100,BOLD:AAP2734,Animalia,Arthropoda,Insecta,Diptera,Limoniidae,Erioptera,Erioptera parva,19411,control,control,control,control,NA,Single
ExtractionNTC7S55,OTU1554,SS,0.92,BOLD:AAP2734,Animalia,Arthropoda,Insecta,Diptera,Limoniidae,Erioptera,Erioptera parva,164,control,control,control,control,NA,Single
ExtractionNTC8S64,OTU2,GS,100,BOLD:AAH3225,Animalia,Arthropoda,Insecta,Psocodea,Psocidae,Metylophorus,Metylophorus novaescotiae,1667,control,control,control,control,NA,Single
ExtractionNTC8S64,OTU3,GS,100,BOLD:AAP2734,Animalia,Arthropoda,Insecta,Diptera,Limoniidae,Erioptera,Erioptera parva,1735,control,control,control,control,NA,Single
ExtractionNTC8S64,OTU4,GS,100,BOLD:AAN5882,Animalia,Arthropoda,Insecta,Diptera,Limoniidae,Erioptera,Erioptera caliptera,4904,control,control,control,control,NA,Single
ExtractionNTC8S64,OTU5,GS,99.4,BOLD:AAN5451,Animalia,Arthropoda,Arachnida,Araneae,Araneidae,Eustala,NA,1892,control,control,control,control,NA,Single
ExtractionNTC8S64,OTU9,US,0.7924,BOLD:AAG8502,Animalia,Arthropoda,Insecta,NA,NA,NA,NA,2459,control,control,control,control,NA,Single
ExtractionNTC8S64,OTU11,GS,99.4,BOLD:AAG3848,Animalia,Arthropoda,Insecta,Diptera,Culicidae,Culex,Culex erraticus,3349,control,control,control,control,NA,Single
ExtractionNTC8S64,OTU14,GS,99.4,BOLD:AAO3940,Animalia,Arthropoda,Insecta,Diptera,Limoniidae,Rhipidia,NA,14994,control,control,control,control,NA,Single
ExtractionNTC8S64,OTU21,GS,100,BOLD:ACR3763,Animalia,Arthropoda,Insecta,Coleoptera,Ptilodactylidae,Ptilodactyla,Ptilodactyla serricollis,3730,control,control,control,control,NA,Single
ExtractionNTC8S64,OTU34,GS,100,BOLD:AAM6211,Animalia,Arthropoda,Insecta,Diptera,Chironomidae,Glyptotendipes,NA,927,control,control,control,control,NA,Single
ExtractionNTC8S64,OTU57,GS,100,BOLD:AAI1618,Animalia,Arthropoda,Insecta,Diptera,Culicidae,Coquillettidia,Coquillettidia perturbans,677,control,control,control,control,NA,Single
ExtractionNTC8S64,OTU83,GS,100,BOLD:ABA5203,Animalia,Arthropoda,Insecta,Diptera,Limoniidae,Dicranomyia,Dicranomyia frontalis,1111,control,control,control,control,NA,Single
ExtractionNTC8S64,OTU88,GS,100,BOLD:AAE0434,Animalia,Arthropoda,Insecta,Diptera,Culicidae,Uranotaenia,Uranotaenia sapphirina,335,control,control,control,control,NA,Single
ExtractionNTC8S64,OTU96,US,0,BOLD:ACL3138,Animalia,Arthropoda,Insecta,Diptera,NA,NA,NA,715,control,control,control,control,NA,Single
ExtractionNTC8S64,OTU149,GS,99.4,BOLD:AAH4942,Animalia,Arthropoda,Insecta,Lepidoptera,Gelechiidae,Dichomeris,NA,524,control,control,control,control,NA,Single
ExtractionNTC8S64,OTU214,GS,99.4,BOLD:AAW6795,Animalia,Arthropoda,Insecta,Diptera,NA,NA,NA,684,control,control,control,control,NA,Single
ExtractionNTC8S64,OTU635,GS,97.2,BOLD:AAN5882,Animalia,Arthropoda,Insecta,Diptera,Limoniidae,Erioptera,Erioptera caliptera,14,control,control,control,control,NA,Single
ExtractionNTC8S64,OTU798,SS,0.6,BOLD:AAO3940,Animalia,Arthropoda,Insecta,Diptera,NA,NA,NA,62,control,control,control,control,NA,Single
ExtractionNTC8S64,OTU907,SS,0.01,BOLD:AAO3940,Animalia,Arthropoda,Insecta,Diptera,Limoniidae,Rhipidia,NA,31,control,control,control,control,NA,Single
ExtractionNTC8S64,OTU935,SS,0.01,BOLD:AAO3940,Animalia,Arthropoda,Insecta,Diptera,Limoniidae,Rhipidia,NA,87,control,control,control,control,NA,Single
ExtractionNTC8S64,OTU1097,GS,97.2,BOLD:AAN5451,Animalia,Arthropoda,Arachnida,Araneae,Araneidae,Eustala,NA,56,control,control,control,control,NA,Single
ExtractionNTC8S64,OTU1244,SS,0.81,BOLD:AAN5882,Animalia,Arthropoda,Insecta,Diptera,Limoniidae,Erioptera,Erioptera caliptera,32,control,control,control,control,NA,Single
ExtractionNTC8S64,OTU1292,GS,97.8,BOLD:AAN5882,Animalia,Arthropoda,Insecta,Diptera,Limoniidae,Erioptera,Erioptera caliptera,25,control,control,control,control,NA,Single
ExtractionNTC8S64,OTU1317,SS,0.01,BOLD:AAN5451,Animalia,Arthropoda,Arachnida,Araneae,Araneidae,Eustala,NA,8,control,control,control,control,NA,Single
ExtractionNTC8S64,OTU1318,SS,0.75,BOLD:ABV9403,Animalia,Arthropoda,Insecta,NA,NA,NA,NA,2,control,control,control,control,NA,Single
ExtractionNTC8S64,OTU1480,US,0.9249,BOLD:AAN5882,Animalia,Arthropoda,Insecta,Diptera,NA,NA,NA,4,control,control,control,control,NA,Single
ExtractionNTC8S64,OTU1497,SS,0.97,BOLD:AAI1618,Animalia,Arthropoda,Insecta,Diptera,Culicidae,Coquillettidia,Coquillettidia perturbans,3,control,control,control,control,NA,Single
ExtractionNTC8S64,OTU1554,SS,0.92,BOLD:AAP2734,Animalia,Arthropoda,Insecta,Diptera,Limoniidae,Erioptera,Erioptera parva,21,control,control,control,control,NA,Single
ExtractionNTC8S64,OTU1748,SS,0.6,BOLD:ACF8409,Animalia,Arthropoda,Insecta,Diptera,NA,NA,NA,16,control,control,control,control,NA,Single
ExtractionNTC8S64,OTU1756,SS,0.97,BOLD:AAG3848,Animalia,Arthropoda,Insecta,Diptera,Culicidae,Culex,Culex erraticus,1,control,control,control,control,NA,Single
ExtractionNTC8S64,OTU1782,US,0.9249,BOLD:AAO3940,Animalia,Arthropoda,Insecta,Diptera,NA,NA,NA,3,control,control,control,control,NA,Single
ExtractionNTC8S64,OTU1871,SS,0.85,BOLD:AAG3848,Animalia,Arthropoda,Insecta,Diptera,Culicidae,Culex,Culex erraticus,36,control,control,control,control,NA,Single
